  0.00000033690718551  0.00000034975174777  0.00000036245739546  0.00000037749574214
  0.00000039373299197  0.00000041087879541  0.00000042913718292  0.00000044507860988
  0.00000046170140791  0.00000047904168422  0.00000049743932191  0.00000051701387553
  0.00000053614390564  0.00000055503390989  0.00000057422414961  0.00000059323658934
  0.00000061267640643  0.00000063252348178  0.00000065424095052  0.00000067661877428
  0.00000069985451147  0.00000072425360770  0.00000075076715530  0.00000077906859397
  0.00000081586545997  0.00000085479882454  0.00000089498660226  0.00000093803138497
  0.00000098462005997  0.00000103377339832  0.00000108567490106  0.00000114124653004
  0.00000120200452513  0.00000126807449503  0.00000133945256327  0.00000141842692775
  0.00000149780227340  0.00000157830825250  0.00000166604869970  0.00000176332567946
  0.00000187009328531  0.00000198670065625  0.00000211221802803  0.00000223905072218
  0.00000237572638357  0.00000252528923680  0.00000268385726289  0.00000285521902328
  0.00000303926702332  0.00000323404745088  0.00000345069185423  0.00000369464535327
  0.00000395696246792  0.00000423770102582  0.00000454000242211  0.00000486864492404
  0.00000523228998764  0.00000562373408854  0.00000605048061952  0.00000651131574599
  0.00000700386292932  0.00000754217624137  0.00000814584302112  0.00000881013476440
  0.00000954604652758  0.00001034319531410  0.00001122562726019  0.00001220277320726
  0.00001330149051580  0.00001451537573519  0.00001585155534223  0.00001730797005704
  0.00001896873337960  0.00002086368214414  0.00002312135749528  0.00002577567231187
  0.00002897734756193  0.00003268651446440  0.00003709678424528  0.00004242991071189
  0.00004896846773660  0.00005688082806353  0.00006635319434508  0.00007830675345136
  0.00009472607818385  0.00011781605470789  0.00015111809917085  0.00019848524650403
  0.00026821007325434  0.00037077795512464  0.00054035345283464  0.00085400321000900
  0.00160053079779967  0.00449156655481852  0.05910906750997394  1.00000000000000000
  0.00000037667948191  0.00000040172186158  0.00000042081821254  0.00000043920944072
  0.00000045628568924  0.00000047226534417  0.00000048754486450  0.00000050249528509
  0.00000051804199067  0.00000053488339169  0.00000055207167941  0.00000057058602439
  0.00000058926621327  0.00000060828913187  0.00000062773670186  0.00000064873633755
  0.00000067230551445  0.00000069782783592  0.00000072424707821  0.00000075105813553
  0.00000078036521681  0.00000081411970460  0.00000084940575689  0.00000088529470591
  0.00000092279256207  0.00000096269273285  0.00000100572094535  0.00000105038263333
  0.00000109939580187  0.00000115573979487  0.00000121853714164  0.00000128514622690
  0.00000135407949162  0.00000142735600276  0.00000150651314547  0.00000158760063244
  0.00000167277863987  0.00000177103838979  0.00000188446262422  0.00000200831504326
  0.00000214012147769  0.00000228050450300  0.00000242762159790  0.00000258863521432
  0.00000276088098893  0.00000294078322803  0.00000312928232979  0.00000333064591856
  0.00000354731618579  0.00000377703498285  0.00000402409264117  0.00000429237128497
  0.00000457305536461  0.00000487766100900  0.00000523696683166  0.00000563679390837
  0.00000606029310714  0.00000652001858594  0.00000699101715951  0.00000750035389305
  0.00000803939018480  0.00000862430633302  0.00000929747074992  0.00000999550622315
  0.00001083423359061  0.00001171949379168  0.00001273271430682  0.00001387497053528
  0.00001512864748005  0.00001647890432100  0.00001799154928235  0.00001972238911955
  0.00002163880717644  0.00002384537128871  0.00002633331463127  0.00002940426916166
  0.00003295494689964  0.00003715986551901  0.00004262861225820  0.00004909094115360
  0.00005680782712187  0.00006616001318302  0.00007739683077665  0.00009146073390968
  0.00010906185332476  0.00013191166581659  0.00016132005598783  0.00020154047363195
  0.00026077143989557  0.00034643980980565  0.00047263957580811  0.00069755662985954
  0.00120219739168408  0.00257884386942475  0.00709415522254408  1.00000000000000000
  0.00000050825904348  0.00000209222499607  0.00000296272801172  0.00000381894020248
  0.00000464323252500  0.00000533698950491  0.00000601372461483  0.00000659347049376
  0.00000713174873768  0.00000766814220604  0.00000820616946572  0.00000874186888930
  0.00000928412143443  0.00000988820503364  0.00001054848947759  0.00001125496874916
  0.00001200418674147  0.00001283249386854  0.00001371528683271  0.00001469245317611
  0.00001571651978520  0.00001687650738533  0.00001816886500160  0.00001957351148048
  0.00002110443896461  0.00002274411975886  0.00002454444741225  0.00002652868100045
  0.00002868017803276  0.00003100913614699  0.00003358931837193  0.00003659617221802
  0.00003996146106159  0.00004371547496894  0.00004811746969772  0.00005303804385194
  0.00005855442061906  0.00006519251938812  0.00007296651943900  0.00008207790152917
  0.00009310627698659  0.00010695702871276  0.00012376058676424  0.00014351145076952
  0.00016667009665333  0.00019411904103371  0.00022637413351251  0.00026086260195285
  0.00029593221848688  0.00033307857311233  0.00037461499663337  0.00042037803233119
  0.00047041632691596  0.00052142658713862  0.00057398826558341  0.00063028513917564
  0.00069526037738089  0.00076323287567639  0.00083129574652927  0.00090013253197638
  0.00097008256749139  0.00104099431851540  0.00111095139312864  0.00118918703675145
  0.00127640245919174  0.00136523159501837  0.00145134476130181  0.00153635663003744
  0.00162583738838503  0.00172235684711581  0.00182257500578341  0.00193499122668293
  0.00205248542682718  0.00217597757289110  0.00230988727064673  0.00248996088467542
  0.00269617993301054  0.00288443624849638  0.00305279721462415  0.00323289185606869
  0.00343411393870092  0.00361550830225005  0.00377543980015606  0.00396196228011206
  0.00418936485508175  0.00447952054824194  0.00482576322697573  0.00515933276806350
  0.00553313687180518  0.00622980112914248  0.00686338638552038  0.00704760073016897
  0.00724942244008112  0.00748384617926508  0.00773649134217733  1.00000000000000000
 -0.00321731292235012  0.01306395941836673  0.02618586074163762  0.03875284772355780
  0.04972537318454098  0.06016799554267298  0.07112948451011418  0.08220681723054289
  0.09342830347401135  0.10445801178898119  0.11544014169649526  0.12618679173800371
  0.13653516145000905  0.14721630305073188  0.15833136678688212  0.16957984316646782
  0.18070233945722211  0.19198900381349865  0.20299588626950657  0.21313162022282325
  0.22273046966347046  0.23229032644183495  0.24188939547777277  0.25149020566339580
  0.26116707987004112  0.27098067788142483  0.28204495407727109  0.29274039384287909
  0.30383592622555733  0.31494224035338475  0.32629868453543931  0.33760527437035248
  0.34883013060872009  0.35994172547425107  0.37151980522592626  0.38285898200901580
  0.39411180185312289  0.40550592510966010  0.41714569257545758  0.42886171933391765
  0.44043700246291323  0.45215711498376454  0.46375910469072562  0.47531204383460263
  0.48702860526309522  0.49897762114178440  0.51085990416265914  0.52284659577861048
  0.53483811420824623  0.54641459110064428  0.55760001212045629  0.56813033248206635
  0.57835569146141530  0.58849959324766643  0.59822590033993539  0.60782760714760398
  0.61754226505427090  0.62759761657700086  0.63816508223722879  0.64873979163406237
  0.65934135324411336  0.67015263477165066  0.68129529689149837  0.69235235085204927
  0.70342871674401641  0.71428381149963660  0.72501619469809475  0.73585673805966012
  0.74652143673717875  0.75712922982610942  0.76773525040636748  0.77849396843338514
  0.78941013098139901  0.79990529689919310  0.81007604334582495  0.81972530598048654
  0.82920533752226255  0.83873490847029375  0.84826824877809492  0.85765737546491005
  0.86693802742322701  0.87631961520169888  0.88583245629510798  0.89513884710065539
  0.90426395662204895  0.91329270237147742  0.92232942467410262  0.93144557014019980
  0.94057939293269732  0.94966596198904873  0.95834437046584264  0.96679771717438223
  0.97505184895200125  0.98330237856007141  0.99179221563790143  1.00000000000000000
 -0.00280474069829664  0.01017817830137955  0.02122584133338175  0.03198814911529621
  0.04291110193035320  0.05394545595450901  0.06513638272685011  0.07596585669346631
  0.08648410884883459  0.09673684915788615  0.10668099285748665  0.11647132143572814
  0.12636507104272060  0.13650033897576788  0.14693382902880020  0.15767495461021738
  0.16854166250313610  0.17965986507883380  0.19021951319685151  0.19986784917183129
  0.20936052278016409  0.21896910053807950  0.22889604224571064  0.23872106096808346
  0.24821755390454980  0.25825798432202285  0.26839465818401648  0.27869337483973294
  0.28909353940369908  0.29925012220901531  0.30977353095760801  0.32053119832006916
  0.33081452433658043  0.34051385598604456  0.35009560713666710  0.36016890043530991
  0.37050603579231584  0.38063849882921447  0.39066431708986593  0.40095971303558220
  0.41160311131162158  0.42263664636772935  0.43397484440004841  0.44539134477284564
  0.45654191810051653  0.46725645840950830  0.47779214579656970  0.48838733798435841
  0.49892120942267887  0.50943524395641793  0.51988670707659479  0.53048292360070892
  0.54130942900378798  0.55210233839643019  0.56288276104324386  0.57382714836191306
  0.58498992704870389  0.59582841687668886  0.60633071601180299  0.61669916225607246
  0.62730771709617850  0.63800583322114635  0.64853010751078277  0.65869637547446380
  0.66863916434926085  0.67866349232364198  0.68892084249798724  0.69903479317439154
  0.70883703906162054  0.71852955338410773  0.72845567309348735  0.73867061937741629
  0.74935680508887104  0.76041559024779626  0.77158463701470736  0.78251204955053810
  0.79331988159870592  0.80366073917482350  0.81382279754288878  0.82397575414792290
  0.83490236483684332  0.84587528419682001  0.85709953057021349  0.86860621633113522
  0.88021413003984295  0.89151226087934388  0.90257876729192199  0.91371699267792728
  0.92482357665403292  0.93603289692297353  0.94703216637417731  0.95757869153563546
  0.96791433435675589  0.97844216748707669  0.98913283431556287  1.00000000000000000
 -0.00193075648815387  0.00729149061346263  0.01549774925354270  0.02408843230415066
  0.03251698912488796  0.04081542102073685  0.04924462922710546  0.05792221719008327
  0.06691973766537727  0.07611552453780714  0.08551686436151808  0.09521276845376030
  0.10509057938096678  0.11488637276882177  0.12453120498028759  0.13417685735669951
  0.14390043869889016  0.15345740739876412  0.16317578403057598  0.17319938609508984
  0.18342979992352523  0.19342701368896931  0.20330114363737334  0.21314020070002698
  0.22308963713280233  0.23287422734492266  0.24264078552952303  0.25239895957385960
  0.26230402557356064  0.27232893692208049  0.28281369495208841  0.29328744498600495
  0.30375745533617948  0.31406542234293255  0.32443388948670393  0.33475203417611149
  0.34505524291263617  0.35542201193663714  0.36569725301439365  0.37580493702635259
  0.38548725446208099  0.39523543404959205  0.40506687401578351  0.41488920730832302
  0.42480399990183410  0.43501547048332578  0.44602403010575276  0.45700324975993112
  0.46787630392507479  0.47842021632303744  0.48824444510197490  0.49812139748084217
  0.50850145344023934  0.51866726689996900  0.52869624711975860  0.53840934917358874
  0.54840696595521354  0.55858173917745912  0.56898079540276048  0.57942400935602789
  0.58985089597266782  0.60027463448022222  0.61084473293302710  0.62143708465846959
  0.63188446242011631  0.64236640918369003  0.65263309744239095  0.66315638044226843
  0.67401608598920815  0.68545911544590155  0.69682807608574659  0.70785849364975439
  0.71837126488963121  0.72873739263292447  0.73900018027173575  0.74926474026296719
  0.75979344360204215  0.77040422815420240  0.78117116380571316  0.79240322065067836
  0.80444953148130438  0.81686768673721499  0.82916456583129106  0.84221054993489586
  0.85517764932818541  0.86695876152648610  0.87822636663857090  0.88975234337109244
  0.90067522849427240  0.91130767569126925  0.92256119890260835  0.93579931132726446
  0.94879353196364025  0.96282685374054688  0.97973783048545127  1.00000000000000000
 -0.00234262377786017  0.00968192554067518  0.01973699714111572  0.03020215818884276
  0.04063114153874919  0.05079314185677064  0.06114796827323418  0.07160880029711791
  0.08257631619478401  0.09279815111334268  0.10331715775722775  0.11395707294891269
  0.12494357131137250  0.13578723919966279  0.14663558564177920  0.15772177908375470
  0.16861517894283254  0.17969628225054260  0.19032039272865539  0.20090456537725487
  0.21121308951493617  0.22197577974421109  0.23263796900514497  0.24355643821629941
  0.25421420904785885  0.26512864777449946  0.27578637464792188  0.28638062242113077
  0.29665897331185453  0.30699193626704330  0.31796696427305432  0.32914408450194210
  0.33986997574045258  0.35045187393504579  0.36132450830013729  0.37246584023472484
  0.38303767180371046  0.39312434185611334  0.40341710221312455  0.41364037923348040
  0.42368791869799177  0.43372661445769639  0.44479418596632520  0.45608009175660458
  0.46663640252368044  0.47694868693437836  0.48748036445070764  0.49787473693188777
  0.50818268991810733  0.51842849780717115  0.52876267691630852  0.53928229304493858
  0.55000310585353673  0.56093314956588169  0.57177185079937398  0.58281946117652694
  0.59403646651625919  0.60518797722224182  0.61582849387603722  0.62614460239346958
  0.63614721847447320  0.64609873720843880  0.65602656507729507  0.66601232875129923
  0.67611178145161654  0.68636964467952000  0.69670490803545604  0.70713115561109952
  0.71803491961230492  0.72907289410763332  0.73986797585553576  0.75012452915639738
  0.75984978442795548  0.76947244288863137  0.77940261455819437  0.78972106208196435
  0.79976098922696093  0.80942574319022409  0.81873061183598028  0.82847822693731354
  0.83819598818207763  0.84839036609670138  0.85859706990388762  0.86916278300904437
  0.87941947701449108  0.88991658369151250  0.90027494028362021  0.91083252294829287
  0.92177895570187440  0.93297929150064762  0.94403230861921483  0.95489460320020814
  0.96554928211475533  0.97681066120469762  0.98806672056269895  1.00000000000000000
 -0.00252765878844730  0.00999847398745642  0.02043815780484853  0.03118830431400087
  0.04193722017179699  0.05277282212252744  0.06351697187546022  0.07401536316561856
  0.08448155204664487  0.09510969926186093  0.10650676995408333  0.11804098857208736
  0.12953809927569798  0.14051546941593551  0.15150990722319718  0.16255951823799755
  0.17391336375047059  0.18532755285044414  0.19647853472094545  0.20738332815859403
  0.21810453753662998  0.22878345388238849  0.23967127299059698  0.25064926124877951
  0.26154546482449198  0.27226367181317807  0.28256225553505510  0.29278187652081672
  0.30286548616331194  0.31276504225180790  0.32280580538134440  0.33325954196881186
  0.34420493493146570  0.35508806341439231  0.36575854604756131  0.37653220086663369
  0.38752297238192041  0.39867880350845958  0.40974580494972818  0.42043266312943739
  0.43071771208513399  0.44085496212694231  0.45121621270253059  0.46198732205105381
  0.47303946089239074  0.48422795390784762  0.49558448304287406  0.50693311036201338
  0.51805042492688014  0.52865646330266436  0.53864314282380199  0.54889480243810829
  0.55884073819626856  0.56874839743981687  0.57838654962205371  0.58802902118892442
  0.59762219179829412  0.60730904810169084  0.61720268033465187  0.62726327756560141
  0.63744135475609565  0.64791189194607324  0.65854129415801954  0.66885464806750394
  0.67881525548868094  0.68881041548557953  0.69899384287857491  0.70912292383398945
  0.71900482248145947  0.72891112610638231  0.73899775691258984  0.74953334728618115
  0.76026501390881984  0.77094905842142369  0.78104805938108424  0.79088457488425512
  0.80096492269190211  0.81143618416296115  0.82228697257031691  0.83335725129905991
  0.84429633099802359  0.85530771786822957  0.86646706294123432  0.87742313546999784
  0.88808969830944362  0.89874658631809112  0.90961130730013784  0.92062800707919523
  0.93150403429189166  0.94203611528279485  0.95223738142472159  0.96235038458562250
  0.97216107851981204  0.98153579415920178  0.99053756834079443  1.00000000000000000
  0.43310347756306178  0.45371817373096196  0.47023336926959569  0.48531661582766883
  0.49957057748372957  0.51419080498553937  0.52839988031814866  0.54206555864981021
  0.55576911984082855  0.56923452967315302  0.58223473515387814  0.59516512697767987
  0.60782378142818705  0.62037722838702292  0.63221430578819826  0.64349270019272453
  0.65417772835140464  0.66465647081041879  0.67484298232087381  0.68489621007660284
  0.69490106466056101  0.70456199668244301  0.71373443646132617  0.72264312094259564
  0.73129440181581218  0.73979193199037618  0.74804342737269036  0.75619520387285288
  0.76407496086111726  0.77176516648376992  0.77924699309794332  0.78658318195539878
  0.79380838515287722  0.80078347218009704  0.80746629708183326  0.81396774572313702
  0.82057937632012212  0.82698476886454253  0.83312508619783388  0.83921606811765403
  0.84530758661566407  0.85128177743529598  0.85710832831410566  0.86280999147461801
  0.86841144240257195  0.87389236664661163  0.87913064170878397  0.88408469080449903
  0.88884270058408632  0.89348983726490838  0.89803524419944414  0.90247415593521396
  0.90680046601216824  0.91098979060412100  0.91506276425320221  0.91908035206556959
  0.92307085759141605  0.92700401166599689  0.93094699012011251  0.93470623777835971
  0.93815807863240075  0.94145960285826125  0.94462714381193358  0.94765111185647033
  0.95056079280790007  0.95333672732782215  0.95602693861391419  0.95858720855808732
  0.96099442975164351  0.96330563797286506  0.96553984686963168  0.96776525779817746
  0.96990590773025165  0.97194857885072117  0.97398946853067669  0.97594481123612464
  0.97782592791887035  0.97964459173086227  0.98133073764102974  0.98303740776228288
  0.98461950545730748  0.98607387951288539  0.98739547168875430  0.98853467943190976
  0.98962323999267920  0.99072054656699093  0.99183678661823227  0.99295028403638652
  0.99390715657900119  0.99475058371691705  0.99552178217098186  0.99625261499884288
  0.99702415302900282  0.99790614167583203  0.99897790604889314  1.00000000000000000
 -0.01627485560824233  0.10887971224459386  0.15244243100723762  0.17730705043163827
  0.19447270423410504  0.20983575709399188  0.22476361481225579  0.23804440570127877
  0.25073954977269186  0.26305477763758395  0.27512503397680110  0.28665201797428785
  0.29766910254901618  0.30804549230172706  0.31786169191960334  0.32758685711897473
  0.33684178298784812  0.34572952044124972  0.35408013504960456  0.36199557417167766
  0.36969322651950415  0.37728291698638933  0.38473317944614255  0.39192743053342027
  0.39876496305261255  0.40537929640778059  0.41196610229264818  0.41846566965687365
  0.42466106379872759  0.43058415261603994  0.43639839497792565  0.44219978357841777
  0.44801301699226148  0.45372964301053181  0.45931489611386872  0.46482433000827422
  0.47032811665448770  0.47589516416329580  0.48145742334362307  0.48702320445420422
  0.49249292735349548  0.49780867118011285  0.50290465439306375  0.50780009633155265
  0.51271085216541568  0.51770407240363892  0.52280051055313792  0.52792614552638328
  0.53307506388965653  0.53810235033247211  0.54307689270100390  0.54816829031469783
  0.55327754522724804  0.55841477062652023  0.56351071059364455  0.56869231845359802
  0.57402852655902004  0.57953407477269381  0.58526066296908430  0.59107264382281244
  0.59683497645826133  0.60265914135134391  0.60841976194569058  0.61420068522427240
  0.61998710798629419  0.62592294156820338  0.63216772172965763  0.63859410184782506
  0.64508128896831318  0.65160402772112691  0.65827488587279726  0.66489690814968183
  0.67160358994383529  0.67831390033648031  0.68524001504200682  0.69248687747397275
  0.70009516566450225  0.70806749785002876  0.71605209197788366  0.72412951970549588
  0.73228486262767378  0.74063589237261840  0.74925456354237696  0.75800894040379485
  0.76683795513008801  0.77582457855224218  0.78503672981869899  0.79505649803282941
  0.80617329241468827  0.81795645335614875  0.82966990619346070  0.84258506110298792
  0.85915837275533691  0.88112070993769176  0.91670279918524467  1.00000000000000000
   5.1701094977945507E-009  -1.0000000000000000     
 F F F F F F F F F F F F T T T T F F F F F F F F T T T T F F F F F F F F T T T T F F F F F F F F T T T T F F F F F F F F F F F F F F F F F F F F F F F F F F F F F F F F F F F F F F F F F F F F F F F F F F F F F F F F F F F F F F F F F F F F F F F F F F F F
  <DiscreteSampler_grid>
  grouped_processes
  1 # 1 for a reference and 2 for a running grid.
  10 # Attribute 'min_bin_probing_points' of the grid.
  1 # Attribute 'grid_mode' of the grid. 1=='default',2=='initialization'
  0.0000000000000000 # Attribute 'small_contrib_threshold' of the grid.
  0.5000000000000000 # Attribute 'damping_power' of the grid.
 # binID   n_entries weight   weight_sqr   abs_weight
    10   10   2.065801954856016E+003   4.182846325455220E+007   2.065801954856016E+003
    16   10   2.065801954856016E+003   4.182846325455220E+007   2.065801954856016E+003
  </DiscreteSampler_grid>
