  0.00000051469986072  0.00000053716353887  0.00000055553018588  0.00000058913758053
  0.00000062252679493  0.00000065739353074  0.00000068930746531  0.00000071779063287
  0.00000074567132827  0.00000077400865331  0.00000080326395635  0.00000083969657077
  0.00000088116916825  0.00000092806146700  0.00000097403776940  0.00000101716717814
  0.00000105656562828  0.00000109367100439  0.00000113080965138  0.00000116734328084
  0.00000121171057683  0.00000126250929899  0.00000131967808194  0.00000138990833223
  0.00000147142095910  0.00000155336373840  0.00000164397634214  0.00000176535131003
  0.00000186857274465  0.00000197008095747  0.00000207183786939  0.00000217390443952
  0.00000228800752301  0.00000245468935446  0.00000264939642106  0.00000286393361533
  0.00000307032754536  0.00000328110738011  0.00000349531329295  0.00000370966679402
  0.00000393117944364  0.00000415772215359  0.00000439411156969  0.00000465234955691
  0.00000494671425965  0.00000530995218558  0.00000567837315204  0.00000611214203593
  0.00000655846933788  0.00000703147145421  0.00000751893145251  0.00000802520812495
  0.00000859264728600  0.00000923626409566  0.00000991687186498  0.00001061900514727
  0.00001135268656776  0.00001213595122754  0.00001305372996598  0.00001417678430915
  0.00001544066740831  0.00001674888328148  0.00001816173602197  0.00001966271480331
  0.00002154331680504  0.00002343035310361  0.00002558282188458  0.00002816402630311
  0.00003117540864283  0.00003467328977510  0.00003873401042706  0.00004345735229677
  0.00004926159078813  0.00005564747962835  0.00006254273348304  0.00007036526802431
  0.00007882139825416  0.00008750325594395  0.00009895993051214  0.00011287707371919
  0.00013074635552073  0.00015363603283646  0.00018306278493849  0.00021750471130037
  0.00026493619039673  0.00032108437780175  0.00038512611100355  0.00044207609588209
  0.00051985834923588  0.00062321231694058  0.00082323342931557  0.00124000449774955
  0.00191679520350327  0.00279030001429209  0.00980691332755308  1.00000000000000000
  0.00000063980075365  0.00000072810754447  0.00000078773657061  0.00000081615188956
  0.00000085991558721  0.00000089298666647  0.00000092888361606  0.00000096653954539
  0.00000101489133374  0.00000106842879098  0.00000112147613007  0.00000118023356355
  0.00000124927440399  0.00000132211568510  0.00000140387520126  0.00000148909877065
  0.00000157859796041  0.00000166450844716  0.00000174889851774  0.00000182926870427
  0.00000190233953213  0.00000197993046325  0.00000205942305537  0.00000214271591481
  0.00000224474503342  0.00000236332641038  0.00000249016816858  0.00000262336279410
  0.00000276684698790  0.00000291118579123  0.00000305854208304  0.00000321980656087
  0.00000340090380970  0.00000358134009056  0.00000377974831288  0.00000398731013168
  0.00000420159178051  0.00000442528510284  0.00000467588228575  0.00000493496124837
  0.00000520829263712  0.00000549412659014  0.00000577741069919  0.00000607368983159
  0.00000640810798054  0.00000678005341933  0.00000720110649164  0.00000769086094148
  0.00000823655317304  0.00000881229074782  0.00000944117645113  0.00001009476003001
  0.00001075553318356  0.00001144629856714  0.00001215986678551  0.00001284318126010
  0.00001347655167455  0.00001407038521303  0.00001470239905487  0.00001539739906077
  0.00001622385907379  0.00001722655123813  0.00001832525071178  0.00001947938027054
  0.00002075715917361  0.00002209522648624  0.00002349969099049  0.00002497887724686
  0.00002655500088907  0.00002830411819169  0.00003028149983878  0.00003266130072085
  0.00003564733988214  0.00003919743309171  0.00004331673113780  0.00004839000149684
  0.00005464119091979  0.00006159667384233  0.00007046813335400  0.00008177025574306
  0.00009412576632171  0.00010718466035655  0.00012280671093923  0.00014392899978281
  0.00017242129098297  0.00020721978237703  0.00024571766630699  0.00029783212611832
  0.00037731544148028  0.00050595538338423  0.00070413715957837  0.00100001567074041
  0.00137248967558191  0.00191932463997416  0.00341753916334895  1.00000000000000000
  0.00000128685862926  0.00000200460095706  0.00000248383170108  0.00000302936191845
  0.00000357864076907  0.00000407793376746  0.00000463378501520  0.00000525891458524
  0.00000593700009575  0.00000667497630161  0.00000736797568413  0.00000803467905429
  0.00000872647102992  0.00000943894048248  0.00001013803028634  0.00001083307406733
  0.00001156805984227  0.00001237417557687  0.00001322212479010  0.00001403432501862
  0.00001496878024696  0.00001600108628569  0.00001708174583016  0.00001808564124786
  0.00001910937396227  0.00002025708798192  0.00002178784860284  0.00002339197297537
  0.00002507085792692  0.00002688889933533  0.00002900284684033  0.00003152479355709
  0.00003425837289798  0.00003689867071845  0.00003954386846756  0.00004233901600571
  0.00004555673544277  0.00004921168435448  0.00005327786913209  0.00005776873916194
  0.00006297905269442  0.00006841636291208  0.00007419664934984  0.00008062964995751
  0.00008723818111885  0.00009391710511666  0.00010108663736410  0.00010866023798824
  0.00011747774626878  0.00012731698674558  0.00013822701014384  0.00014993772969680
  0.00016160138878639  0.00017485914902450  0.00019033610611626  0.00020856708081166
  0.00023103901745274  0.00025359774028472  0.00027531193632100  0.00029582476742888
  0.00031576736456376  0.00033621724681301  0.00036004349984185  0.00038960086502274
  0.00042413100170884  0.00045528287606976  0.00048502001011286  0.00051777529015328
  0.00055897621173658  0.00060961768628229  0.00066181868606801  0.00070673262071061
  0.00074519970370131  0.00078316309232656  0.00081967376972912  0.00085873019862786
  0.00090006909836776  0.00094541200687201  0.00099831542908804  0.00105988332383417
  0.00112510701804044  0.00118647403105780  0.00123822177362252  0.00128233127864471
  0.00133629039114656  0.00140956467443548  0.00150120042443798  0.00161600263892810
  0.00174725239978550  0.00188287823240591  0.00203774461692092  0.00222186539164561
  0.00252195400933989  0.00310756812570207  0.00423775174315933  1.00000000000000000
 -0.00113683426086962  0.00753208899792940  0.01423600432866346  0.02117124373693859
  0.02922149972143455  0.03857755021631507  0.04809709442461484  0.05634258066287545
  0.06408815004169317  0.07167597390256814  0.07967949850754995  0.08868089309710092
  0.09906313110571728  0.10979626957026956  0.12129948963900539  0.13353758567893279
  0.14548233766812607  0.15588193679471501  0.16567502240469237  0.17575722385482026
  0.18641804989068092  0.19693196454998382  0.20753405161203142  0.21843579217426606
  0.22917756725466920  0.23979618203206515  0.25024550655021205  0.26098737963063984
  0.27188780122537559  0.28250774144559820  0.29232193756547370  0.30199197483005585
  0.31226848110844579  0.32310363734960712  0.33403993636361634  0.34545854887921740
  0.35717894916521226  0.36928341826652356  0.38290638483351724  0.39638377606248415
  0.40761293204163990  0.41818100050428292  0.42867356958810304  0.43844202806581334
  0.44727117946988487  0.45624664008848365  0.46660399186358736  0.47708673957467340
  0.48689712834351673  0.49659198610901967  0.50703140097695409  0.51803749555643441
  0.52942568038029558  0.54142724466870717  0.55386882216058453  0.56549095508090486
  0.57689282847537582  0.58769396851075717  0.59744183157544217  0.60816496468264158
  0.61969349806723306  0.63073214495915053  0.64127409825651460  0.65197607913976519
  0.66307231364331509  0.67390848072220177  0.68485207576296203  0.69711351912333686
  0.70994144559815353  0.72097237398914416  0.73119254814274415  0.74151027010338222
  0.75201820598978097  0.76311043562905922  0.77386079626786297  0.78528665353443838
  0.79666868279110148  0.80570799888232181  0.81375210954490618  0.82132852662897582
  0.82982890582038760  0.83999687576853022  0.85000287216435200  0.85951550442869640
  0.86933828931961621  0.88005380129641986  0.89128224368323539  0.90168768124378706
  0.91248458057558879  0.92558648147066802  0.93850274619012053  0.94977291963793053
  0.96128030918711149  0.97222562474878083  0.98542553568250624  1.00000000000000000
 -0.00241793656417271  0.00934662908401464  0.02001507278691213  0.03042431708045934
  0.04141183072754437  0.05246775505318991  0.06289739485784594  0.07408225446690467
  0.08579116525020471  0.09896390438054281  0.11096852345548149  0.12219294631388500
  0.13296831983270790  0.14287181397112794  0.15414891345304887  0.16573380820921110
  0.17852501290094566  0.19259263746331320  0.20694897619406627  0.21860513911564286
  0.22882673834783140  0.23975116757236919  0.25261791084128588  0.26426848970953454
  0.27470110021055061  0.28462992979602919  0.29487895269411052  0.30530921857153598
  0.31499293167523817  0.32362728277120617  0.33260565321697327  0.34226327810550933
  0.35216183182578892  0.36040666468281740  0.36845389616122554  0.37735932627511515
  0.38782035912732815  0.39876714964772580  0.41007861486367414  0.42105511739484808
  0.43209334801428512  0.44300418852554196  0.45569806043750083  0.46722004285140795
  0.47833869202154955  0.48850170548993249  0.49755503526242389  0.50958819041165981
  0.52126411405609818  0.53262415291143228  0.54521787860495685  0.55896695434403765
  0.57368436737356843  0.58735738683059580  0.59897062931577283  0.60983062294289858
  0.61974098218410290  0.62851983071661988  0.63731793961353034  0.64583560501532566
  0.65449782848440474  0.66373730934945652  0.67309214531871842  0.68231551955158132
  0.69141993307582938  0.69965242973775266  0.70708258519087286  0.71476434138716427
  0.72274095482393652  0.73273191312246588  0.74383282292065789  0.75358332624157154
  0.76317364594727821  0.77337532867075542  0.78336163973849571  0.79273502218249614
  0.80137519379023370  0.81046484134376640  0.81982121458808532  0.82928317937611984
  0.83923817876052542  0.84885896507812442  0.85851566028788218  0.86824670381481983
  0.87797587130849475  0.88825058053856321  0.90022761303394538  0.91120516138018515
  0.92415375868724736  0.93615246322446566  0.94793536812828205  0.95825389287216622
  0.96829659925497558  0.97809911692941798  0.98876886917515550  1.00000000000000000
 -0.00241192250842961  0.01011691455849695  0.01759151323560955  0.02596591821862732
  0.03433528224053439  0.04390921193178748  0.05557120246770263  0.06690001312900121
  0.07753106528389342  0.08770222354449024  0.09722653548820770  0.10725295343776260
  0.11774138347865742  0.12855100455074062  0.14069588873514510  0.15296179289385392
  0.16592725812437176  0.17652185796495148  0.18644682094232842  0.19678725213680104
  0.20762438511936007  0.21865793476421619  0.22926451212804963  0.24223874049467953
  0.25404615042441292  0.26511447164498853  0.27560527736791174  0.28621759425576421
  0.29646261925785572  0.30642317432185329  0.31599608627454107  0.32451126014365567
  0.33301501846187886  0.34153383212928867  0.35123316686036399  0.36128810538820549
  0.37098611034716827  0.38112967575215989  0.39083242227848275  0.40073019203685423
  0.41015120331898541  0.42073004230919353  0.43254866199074615  0.44553187687024798
  0.45802784218409076  0.46983309955812558  0.48003122456644520  0.48883388272351153
  0.49826320829852599  0.50858176502724983  0.51885104579603192  0.52824633039645441
  0.53678006343515994  0.54593365471148392  0.55588825300561739  0.56697701000393164
  0.57839627221310141  0.58924030209421963  0.60044847596092432  0.61277019920114173
  0.62630383119466537  0.63872306573662918  0.65153578495721109  0.66433067024954107
  0.67682084702344214  0.68846652792652696  0.69938231069355605  0.70956213449475181
  0.71942416510288032  0.72929046455774316  0.73847507862090545  0.74753485022123256
  0.75687507757707562  0.76564379170262709  0.77471671385809260  0.78421055444898380
  0.79558231075981090  0.80722797951894343  0.81904135522841726  0.83067325048618124
  0.84353298199636606  0.85706084724054432  0.86981804220252235  0.88102806967056557
  0.89166874442210164  0.90201632404573739  0.91261297496955007  0.92412085895921570
  0.93716618474204039  0.94879258080747686  0.95881080734817947  0.96745637005569196
  0.97531695281208020  0.98459382685238028  0.99260058268422491  1.00000000000000000
 -0.00010021349892110  0.00020800276204611  0.00046068208378613  0.00061384354272926
  0.00075650614485006  0.00089121774529659  0.00101146900619452  0.00112464801334263
  0.00123848093290033  0.00134665045769725  0.00144821211350651  0.00154784389499844
  0.00163929136140396  0.00173028801042947  0.00181855924589588  0.00190372871979772
  0.00198858279540813  0.00207381685847567  0.00215761945804915  0.00224237388605950
  0.00232859624301866  0.00241398605806858  0.00250183343760140  0.00260619354157894
  0.00271141687784989  0.00281269563344970  0.00291248213127793  0.00302043528611315
  0.00313031019439062  0.00322096674763293  0.00329113132280421  0.00334964482435600
  0.00340933903858988  0.00346886097681657  0.00352783244081759  0.00360379732424970
  0.00368094501705941  0.00375611315329344  0.00382932653628182  0.00390093832265571
  0.00397402384346256  0.00406096165406031  0.00415330244238678  0.00424797918893839
  0.00430931148139591  0.00437142996671424  0.00443455614604584  0.00450158996116493
  0.00459295757790646  0.00468781784435070  0.00479622880584753  0.00492579740041675
  0.00506451761415624  0.00520759315703244  0.00535205000888500  0.00545061733717405
  0.00551001748330146  0.00556941762942886  0.00562881777555626  0.00567537431490660
  0.00572052456069486  0.00576567480648312  0.00581012347343262  0.00585330510656009
  0.00589648673968757  0.00593966837281504  0.00604973175282325  0.00618852504750291
  0.00633719726777800  0.00645910593614710  0.00655701336253536  0.00672573294821752
  0.00691227407090766  0.00712159346737093  0.00729253884860512  0.00740600363870603
  0.00751522960240304  0.00769097918659088  0.00810640669214765  0.00834309081121005
  0.00866542891440630  0.00953995680025658  0.00963732868731622  0.00973470057437587
  0.00984695199063551  0.00997074199099700  0.01009453199135848  0.01035392669321487
  0.01073409918943757  0.01111427168566026  0.01208396234464708  0.01256690484979699
  0.01370850066524026  0.01435321725434311  0.01761480670616627  1.00000000000000000
  0.00070063861628568  0.01590646646230850  0.02793846321812912  0.04133011694484569
  0.05580137246769731  0.07034306679737265  0.08259841584824040  0.09410387375077379
  0.10695035649813281  0.12149856120019746  0.13654177788401986  0.15066545045644231
  0.16526446270772974  0.17979059767665878  0.19421780466443830  0.20734457643117218
  0.22058492890955322  0.23338057867066272  0.24461781500813073  0.25620283960251566
  0.26740284285537219  0.27792623338234324  0.28787047008946604  0.29868045906820173
  0.31018290769430490  0.32111417811604703  0.33114236499465499  0.34008775343336556
  0.34932827649716197  0.35801186483316727  0.36730178159944998  0.37778252850792732
  0.38778414559406271  0.39681005563366178  0.40395017925435628  0.41192606463552406
  0.42017914766411940  0.42778156682482293  0.43498596871474454  0.44198281205942724
  0.44903025291980603  0.45602449426279895  0.46285299436565752  0.46905817294556890
  0.47502053757324586  0.48051434031178325  0.48643790650926100  0.49260964907937993
  0.49953100449460325  0.50573578415760623  0.51188853325863592  0.51784246111265930
  0.52503429872645857  0.53275867545631128  0.53984319308342921  0.54711979031381353
  0.55468148524911765  0.56213383427597408  0.56943710548044812  0.57693321987698387
  0.58464122111496541  0.59234932001552376  0.60022338994220659  0.60816319635746152
  0.61612965457225721  0.62447339542870417  0.63351416749092260  0.64368946527617721
  0.65447543737299596  0.66430093771625165  0.67388909319080048  0.68254353731659834
  0.69091436238212833  0.69874225517392030  0.70716946956801663  0.71655145453760982
  0.72693859017721640  0.73846628374724277  0.75047229643836944  0.76253503667765765
  0.77517073218580512  0.78862137008318167  0.80153513875845006  0.81511318638365948
  0.82877721155925121  0.84339736616218997  0.85697670690501992  0.87043272793291127
  0.88432140401697790  0.89911086580821664  0.91377565022632423  0.93058525260416025
  0.94868197110943431  0.96682143808195320  0.98412529027302009  1.00000000000000000
  0.38782655016329298  0.50656635576016895  0.52622142567701080  0.53941648701242206
  0.55022691358361564  0.56119164058098359  0.57312782921481176  0.58535732909189087
  0.59707001631237477  0.60776016230962604  0.61868343754369493  0.62990417986294545
  0.64188023365340918  0.65327267040378778  0.66496034590600328  0.67580260553153526
  0.68571255190631730  0.69504472300761100  0.70433177907338207  0.71325481459703544
  0.72125619408050567  0.72781807839858315  0.73315181076058689  0.73836250495266498
  0.74382170219791399  0.74954084411747879  0.75501664464317253  0.76046911824228980
  0.76551463865868641  0.77015065025984053  0.77473866182372686  0.77937000880175111
  0.78400762726682427  0.78879587274030971  0.79348181538232843  0.79843709683396891
  0.80352323432155914  0.80840721031414509  0.81317227942700510  0.81783978938061830
  0.82272682416567533  0.82795857231243386  0.83333657734044342  0.83891791083136702
  0.84434767709518710  0.84946190081445183  0.85474241007413421  0.86031457270775147
  0.86586656818356200  0.87104859142383917  0.87597029878303967  0.88109359506267859
  0.88646421686734467  0.89181902794275036  0.89698389544890156  0.90198312180203033
  0.90689010976208539  0.91185339738212923  0.91665489319108118  0.92149172568688453
  0.92623251316276578  0.93076207427812785  0.93500861940330282  0.93909542809488433
  0.94240151777090198  0.94545997512073832  0.94834834444385507  0.95099435931365461
  0.95362363824041896  0.95637896358272390  0.95896719348785686  0.96133567447165713
  0.96389957589142727  0.96677028570615875  0.96939898272188829  0.97184147925120323
  0.97399683216102761  0.97598700650618520  0.97800490309165478  0.97992499313631665
  0.98155628930774286  0.98313692195976055  0.98469936566633531  0.98607229044386824
  0.98737073220437654  0.98811327125586013  0.98885581030734360  0.98959834935882718
  0.99038225811170655  0.99117799824009589  0.99197373836848524  0.99272984584490898
  0.99347463243175516  0.99421941901860134  0.99574883929312741  1.00000000000000000
  0.06396595565118871  0.11639633585083574  0.14578038725819537  0.16659699750548596
  0.18299396199197038  0.19748373874983771  0.21089454552350581  0.22216070563462684
  0.23366265625103630  0.24317427665375382  0.25312252519019768  0.26219628791198069
  0.27158720717941831  0.28049044122529881  0.28886319215823997  0.29740458881421161
  0.30634680348611637  0.31559849726332528  0.32447408445319320  0.33268964152086550
  0.34067722915044463  0.34836642785042593  0.35531261220703231  0.36184884960344199
  0.36856464025481861  0.37580622226994476  0.38340780026166860  0.39045565155319267
  0.39719258988961981  0.40319932793475516  0.40951635696606437  0.41541530729300252
  0.42100392801623465  0.42663455556449520  0.43267010725577293  0.43914170589376972
  0.44480750210671199  0.45006108955558127  0.45521357292628767  0.46078571289053905
  0.46718290323155426  0.47393537864604385  0.48056062374483094  0.48706616823444088
  0.49367378388583272  0.50018148859071709  0.50682346398719447  0.51342972185079039
  0.52006598385911851  0.52653197085467673  0.53294417374190262  0.53842659762833101
  0.54344499505927291  0.54824091232343652  0.55291577734571140  0.55825261290292372
  0.56406894994790591  0.57058675666628389  0.57728154187793757  0.58363499048589584
  0.58976795726015097  0.59581360970913810  0.60154361237298726  0.60753989287339760
  0.61365729127312774  0.62013735395518754  0.62631249555804269  0.63209128158416772
  0.63802716700831930  0.64341551875329384  0.64892655622901096  0.65527028005548948
  0.66173291052161609  0.66860254157062693  0.67568238972912376  0.68236065040898364
  0.68814966881291995  0.69548650124706701  0.70311710630996249  0.70991342546486780
  0.71757937549625261  0.72617191296021943  0.73539505947805539  0.74567671943897029
  0.75633270979347833  0.76541759442928325  0.77284005328452665  0.77986017364174598
  0.78729155812887441  0.79540255851757968  0.80727202202218185  0.82636966147759749
  0.84849883857937003  0.88515361699131245  0.93102445869734862  1.00000000000000000
   9.2272420702382396E-012  -1.0000000000000000     
 F F F F F F F F F F F F T T T T F F F F F F F F T T T T F F F F F F F F T T T T F F F F F F F F T T T T F F F F F F F F F F F F F F F F F F F F F F F F F F F F F F F F F F F F F F F F F F F F F F F F F F F F F F F F F F F F F F F F F F F F F F F F F F F F
  <DiscreteSampler_grid>
  grouped_processes
  1 # 1 for a reference and 2 for a running grid.
  10 # Attribute 'min_bin_probing_points' of the grid.
  1 # Attribute 'grid_mode' of the grid. 1=='default',2=='initialization'
  0.0000000000000000 # Attribute 'small_contrib_threshold' of the grid.
  0.5000000000000000 # Attribute 'damping_power' of the grid.
 # binID   n_entries weight   weight_sqr   abs_weight
    10   10   7.462974591857273E-003   3.390974815704230E-004   7.462974591857273E-003
    16   10   7.462974591857273E-003   3.390974815704230E-004   7.462974591857273E-003
  </DiscreteSampler_grid>
