  0.00000116773275731  0.00000121351706284  0.00000127033995742  0.00000134074270174
  0.00000142723124249  0.00000152565177708  0.00000163915893531  0.00000176518916889
  0.00000189337502068  0.00000201965646874  0.00000214374904871  0.00000226550781983
  0.00000238433172086  0.00000250012597692  0.00000261633652071  0.00000272653613788
  0.00000284771517590  0.00000297291075420  0.00000310845317475  0.00000326108410408
  0.00000342342469100  0.00000359122836772  0.00000378204639999  0.00000398261153269
  0.00000417626918526  0.00000436426029761  0.00000456559710174  0.00000479455667890
  0.00000502793764149  0.00000526820628753  0.00000550709750513  0.00000573168747325
  0.00000593488443453  0.00000615767358528  0.00000640258914035  0.00000667443173934
  0.00000698779022907  0.00000733759066058  0.00000770410867585  0.00000806283804330
  0.00000840810064475  0.00000877211470663  0.00000919464561511  0.00000963303963463
  0.00001007297920781  0.00001058798536797  0.00001111189775773  0.00001171424014689
  0.00001243500215990  0.00001321726346808  0.00001400966585601  0.00001481758029849
  0.00001563965842152  0.00001648406381389  0.00001741384760184  0.00001840458625780
  0.00001944522459432  0.00002050977692130  0.00002164744415314  0.00002293359173792
  0.00002443228199707  0.00002599263648927  0.00002758136169036  0.00002915964592579
  0.00003064713807482  0.00003233520589566  0.00003433425391142  0.00003657632510620
  0.00003898672408534  0.00004156511800235  0.00004434978581641  0.00004749886558413
  0.00005091976285811  0.00005442010365705  0.00005801445420408  0.00006179136167547
  0.00006575347850903  0.00007001078769511  0.00007462425003298  0.00008002036842479
  0.00008589133591544  0.00009269648275036  0.00010087710830819  0.00011077215023781
  0.00012370264103703  0.00014008467378414  0.00016275841073380  0.00019863558285732
  0.00025294812004807  0.00031673818135634  0.00041621743905327  0.00057198107285830
  0.00086826906673223  0.00162431161807070  0.00511198478567658  1.00000000000000000
  0.00000338012303739  0.00000377131667229  0.00000389100077035  0.00000400874826591
  0.00000412635573974  0.00000424629335241  0.00000445822305385  0.00000476795620992
  0.00000509949840083  0.00000532563159919  0.00000556647306185  0.00000583084370026
  0.00000609750086355  0.00000643138780397  0.00000678252498090  0.00000716597657689
  0.00000757015627983  0.00000802837951355  0.00000853406198438  0.00000895636170679
  0.00000935086141862  0.00000968820798378  0.00001013359658859  0.00001068863985579
  0.00001124831329999  0.00001184292748883  0.00001255851918444  0.00001337983079431
  0.00001431047023053  0.00001559444080548  0.00001698197318217  0.00001867786963055
  0.00002015250451511  0.00002182293184740  0.00002348577392593  0.00002529166395106
  0.00002739930477395  0.00002976457130747  0.00003245661193174  0.00003522422742517
  0.00003798193853066  0.00004119983780140  0.00004450025260931  0.00004810988256293
  0.00005177632963285  0.00005609094276046  0.00006084337445611  0.00006605119720789
  0.00007124485216241  0.00007698532081915  0.00008337188124761  0.00009030276076623
  0.00009721951041717  0.00010419315198134  0.00011191627205292  0.00012018885966339
  0.00012951909871726  0.00014012065909291  0.00015214793943726  0.00016569165223290
  0.00017892226485423  0.00019277730790415  0.00020801708667973  0.00022461416277049
  0.00024204493530269  0.00026095603652084  0.00028186765380966  0.00030628232373525
  0.00033403168450763  0.00036559095480491  0.00039760902335991  0.00042913665918225
  0.00045718417948159  0.00048190019892775  0.00050682751567345  0.00054082420605571
  0.00057585257163207  0.00060738358486901  0.00063560701479753  0.00066499287641562
  0.00069708478721416  0.00073264251746669  0.00077128551906625  0.00081554144921789
  0.00086505198803353  0.00093117153385307  0.00101889556076981  0.00111120035288119
  0.00120170104997802  0.00131661975798046  0.00148929821378030  0.00176150412385629
  0.00220862323218907  0.00326792449203397  0.00964613757738964  1.00000000000000000
  0.00000268568847545  0.00000287476607308  0.00000303267023020  0.00000320595651152
  0.00000339971700573  0.00000360277534100  0.00000381513657337  0.00000403606933621
  0.00000426480828679  0.00000453837822940  0.00000486834806404  0.00000527795265700
  0.00000577877691882  0.00000635351184860  0.00000697748531188  0.00000762281863791
  0.00000832030298020  0.00000908152645628  0.00000995610981193  0.00001096731504638
  0.00001220839654650  0.00001361334473030  0.00001521920678954  0.00001704904852780
  0.00001904164001627  0.00002121085948108  0.00002359636722627  0.00002636035815818
  0.00002955816293950  0.00003283345596516  0.00003593451555643  0.00003910140388880
  0.00004256445053415  0.00004685213246020  0.00005172719234411  0.00005736700284092
  0.00006321953428394  0.00006960101318390  0.00007655954374605  0.00008391884677369
  0.00009204307185494  0.00010113525696385  0.00011088379997291  0.00012195370678928
  0.00013445916814305  0.00014801673371750  0.00016161253074727  0.00017575410505046
  0.00019111806038835  0.00020957815001784  0.00022861411447935  0.00024741733986009
  0.00026783206356008  0.00029057107816822  0.00031531516307425  0.00034343522437101
  0.00037310626754971  0.00040080900875485  0.00042856147926899  0.00045719049559618
  0.00048999122159537  0.00052399809528513  0.00055958016996100  0.00059939239985649
  0.00064746932347708  0.00070326720607609  0.00075930389628206  0.00081381919617080
  0.00086513183725304  0.00092074287504251  0.00098551279031055  0.00104570338819872
  0.00109786873590548  0.00114461469325318  0.00119403820615298  0.00124518815694462
  0.00129002120660810  0.00135614353185482  0.00143914518913340  0.00154031035486971
  0.00166820924695520  0.00181068124477823  0.00197911324171663  0.00212168279242142
  0.00228806508963859  0.00248692961184681  0.00266017929416033  0.00284656902732279
  0.00301588591725043  0.00316697581268742  0.00340195928552882  0.00394129246401187
  0.00590829782648593  0.01201664417701280  0.04355755248693191  1.00000000000000000
 -0.00277793270834988  0.01168184332690295  0.02317641348092270  0.03446466421127024
  0.04484183596166935  0.05511495255411791  0.06447600700675216  0.07343527863776970
  0.08201113280747391  0.09100778366722360  0.10066431927259958  0.11110825533029439
  0.12238655899461784  0.13349878816950556  0.14298481714560551  0.15326609587269766
  0.16383477805461022  0.17457897491770519  0.18623355739363540  0.19905915213399000
  0.21190226956220004  0.22335645946510363  0.23382695076619339  0.24386406801306565
  0.25354478393341839  0.26253776663548362  0.27171660530813774  0.28128341643760918
  0.29195983912396395  0.30337705957243200  0.31443917468164367  0.32561742706377333
  0.33627445111697629  0.34664067313036889  0.35681687133639872  0.36669743595571336
  0.37588702173544342  0.38437124827521790  0.39348242300797437  0.40306473080720978
  0.41273836371540318  0.42178666091618128  0.43052375391037878  0.44012357005762898
  0.45325642814232209  0.46513900402208957  0.47667333599593920  0.48888126258436282
  0.50113699702176151  0.51218051101574147  0.52240887328334906  0.53374397127757112
  0.54454875741699527  0.55501353000315123  0.56439910781815383  0.57583410813437852
  0.58587631951588970  0.59567822543505899  0.60465918990528322  0.61314898346889657
  0.62102303116234203  0.62907643271354385  0.63792879832284177  0.64837155599465268
  0.66041812893080820  0.67320327401553071  0.68594631399342210  0.69849253718182314
  0.71085906318302594  0.72260109725305532  0.73463161414475653  0.74568418081078358
  0.75692482484869972  0.76825319583742357  0.77997911901089378  0.79182877308002975
  0.80141633070983231  0.81042239689973827  0.81869948535656711  0.82678818806930932
  0.83522299197306693  0.84458906396007039  0.85453322959476019  0.86627081029267994
  0.87617502174061412  0.88592259143175056  0.89577172705820618  0.90709072704715177
  0.91850081446630849  0.93018562259376392  0.94185771904950755  0.95383652648549533
  0.96557027497937209  0.97679300626676868  0.98832487063916452  1.00000000000000000
 -0.00025130366074098  0.00045178274012696  0.00124224773595856  0.00175935952303751
  0.00220931703352280  0.00261017836451914  0.00298622708099201  0.00331604099817238
  0.00364369801500165  0.00397330872785429  0.00431508906423664  0.00467088568754499
  0.00502046720026536  0.00537171758206751  0.00570837355569906  0.00602220351301201
  0.00632878978202889  0.00662892914213935  0.00691267524185927  0.00719951537520686
  0.00747708453289317  0.00774360802271509  0.00805308901912182  0.00835290858172910
  0.00866344394104479  0.00895185021105235  0.00922620544631020  0.00951120074906561
  0.00980729678347149  0.01015257717540525  0.01050498313682489  0.01083996784242658
  0.01116279119906032  0.01147906715839128  0.01174926371056330  0.01198593049961931
  0.01222124217219220  0.01245954224243015  0.01272418451472289  0.01300657894246978
  0.01328750642147110  0.01361089524052900  0.01393665557040061  0.01421384682788515
  0.01444877340111277  0.01465420173453641  0.01485782955879184  0.01507307963079340
  0.01535047232437905  0.01569348243447095  0.01597370319561379  0.01620605317155335
  0.01642352141200198  0.01663711126795068  0.01692991481525381  0.01726571481489115
  0.01760190130380148  0.01794711371295668  0.01849113974028204  0.01902401074790754
  0.01946988557710492  0.01984626083308922  0.02010649767914716  0.02035596749672347
  0.02062522942922270  0.02086890049488590  0.02110998387204602  0.02130440693497747
  0.02149009622442093  0.02168723614423130  0.02188437606404166  0.02225578913543999
  0.02269181376256257  0.02314093243821585  0.02355328751248050  0.02392985294546980
  0.02432872567435380  0.02485980113200289  0.02601671300574628  0.02672524987656194
  0.02728787884192729  0.02786038882169224  0.02939685058405775  0.03185942326087640
  0.03276795113466101  0.03721545124998928  0.03750384186180739  0.03778903598497337
  0.03807234821814533  0.03835566045131731  0.03932135791926007  0.04041685679160791
  0.04138165692837471  0.07234324959748967  0.11758373399073192  1.00000000000000000
 -0.00229967003749566  0.00758328801543618  0.01652557361076016  0.02623193915019181
  0.03623242655832019  0.04526490584548049  0.05355279427718848  0.06166776177964786
  0.06964756464889885  0.07740276524940372  0.08556560370583381  0.09443349561320684
  0.10439875254837236  0.11440231312186058  0.12388332932764565  0.13258193073029853
  0.14089753420565262  0.14934223037381275  0.15800797237431727  0.16661382146600251
  0.17499937775982746  0.18333229527652017  0.19269341080671776  0.20304630334550877
  0.21321135453924817  0.22368378718633430  0.23456612748307010  0.24597859601277819
  0.25766377845003158  0.26961268778062375  0.28140817309435168  0.29291509611718347
  0.30503761789058570  0.31807254210623159  0.33182083257507611  0.34469562958303845
  0.35595407510841459  0.36588640755817420  0.37601768649470918  0.38787331331858094
  0.39972892609406879  0.41138273385282204  0.42214764048967229  0.43473180332044753
  0.44920284824011947  0.46528916899105499  0.47685666700177554  0.48781805778426052
  0.49877664301467745  0.51039888835119218  0.52418473266202514  0.53931511783292130
  0.55273306845876913  0.56574941152500191  0.57893819640773470  0.59087944063069131
  0.60155115527961522  0.61212518289977602  0.62374225418144025  0.63679953328082539
  0.65122707050308193  0.66903240357651195  0.68631095050237390  0.69898162141747489
  0.71074197336685074  0.72291712788370710  0.73388253100011369  0.74522838590456542
  0.75565426162240457  0.76649775743315451  0.77755016570045032  0.78882793333005230
  0.79798676943043678  0.80641625126302818  0.81515511629541315  0.82549748240068010
  0.83619341262563374  0.84498037835154860  0.85328172387661971  0.86173184140567471
  0.87070346631291262  0.87919108066279972  0.88682043646893205  0.89426568765606884
  0.90195479879734386  0.91017963694866499  0.91865966825141665  0.92656315200475492
  0.93446992549022090  0.94335613361731463  0.95372752988671849  0.96396627499442133
  0.97380545316444678  0.98307936093525361  0.99162420895956593  1.00000000000000000
 -0.00018119230343578  0.00058939399657888  0.00097764544605534  0.00125963145064754
  0.00153671782628908  0.00179918450681866  0.00204802244818644  0.00228323151997589
  0.00249458707223169  0.00270954572331414  0.00291952254539294  0.00311814827836791
  0.00332210857143715  0.00352217698985157  0.00371660016781170  0.00393225190135803
  0.00414803004984765  0.00436096950575339  0.00456533823572838  0.00476035687349756
  0.00495279605772040  0.00514232127605944  0.00532638000268595  0.00548714978438039
  0.00565130111540469  0.00581512743509015  0.00596456504254594  0.00609542582929535
  0.00621574754324992  0.00633319495680579  0.00644971661492864  0.00658119832488210
  0.00671611261218058  0.00689616742210035  0.00707358106674452  0.00724667256828057
  0.00742678728951565  0.00760517806401315  0.00778059155633972  0.00796279801033623
  0.00814873310293681  0.00833811951729682  0.00854259467227840  0.00877076270548838
  0.00904371629060767  0.00929143904968163  0.00949898241569909  0.00966555605566631
  0.00983035649674447  0.01000334393378318  0.01020590429916616  0.01048131120534103
  0.01072152724222995  0.01097951324198210  0.01123036544664732  0.01143257952875756
  0.01169079467724829  0.01196943955203121  0.01234647089505647  0.01273471514013108
  0.01304016742733366  0.01329583256377264  0.01349772139772600  0.01370251439295035
  0.01392805787596809  0.01477436269580870  0.01524437136492098  0.01581372808514878
  0.01609246013134260  0.01636888684500115  0.01662461526438469  0.01684275421428166
  0.01733796218226165  0.01797421970921147  0.01840835645618053  0.01878358744461738
  0.01908059891269267  0.01937657538625930  0.02001172783460492  0.02031365666250793
  0.02081798938234548  0.02119379385692317  0.02152805795841990  0.02174388986587101
  0.02195604255396661  0.02215555549469951  0.02236082414032070  0.02257900080068867
  0.02291739467152882  0.02332724293388064  0.02400656417135149  0.02445699144190709
  0.02477528944685074  0.02508886157677584  0.11082620803661342  1.00000000000000000
 -0.00198873940051324  0.01006773226368806  0.01957832394635712  0.02891268019929721
  0.03912104048488688  0.05166359267077277  0.06438320109192854  0.07538693149686237
  0.08506037431158953  0.09440694232706963  0.10375533989073522  0.11288275603643162
  0.12192252869372054  0.13268240230172126  0.14432911935683751  0.15511404677750576
  0.16525313248085158  0.17686413191677450  0.18775916154552036  0.19834189265567448
  0.20774852239571409  0.21645455364046992  0.22536392158989260  0.23486334032283193
  0.24488306570446569  0.25496055627495434  0.26562254287920489  0.27721416343214605
  0.28963154537417446  0.30274174330848846  0.31586172051070216  0.32908590795958165
  0.34147516846555492  0.35330208660596563  0.36316555121821009  0.37281939422199523
  0.38247678785080941  0.39191596450458804  0.40157295850184299  0.41153218895242161
  0.42242060587500857  0.43341517456136008  0.44483855409463602  0.45635755017045221
  0.46781462288987696  0.47900117419692262  0.48821259988428473  0.49723805869765109
  0.50643106438276553  0.51573706043519207  0.52594343229327500  0.53696589121292604
  0.55062185936979124  0.56388067887137483  0.57460646570525331  0.58500581142295882
  0.59427816082597684  0.60268299207774700  0.61103608781979324  0.62016924516453631
  0.63301717974554128  0.64804530515060210  0.66038413798733475  0.67108742857077242
  0.68161481105386124  0.69280701318941407  0.70519583221715842  0.71543448005886712
  0.72556390099719381  0.73475049727680009  0.74450838134629516  0.75453374335796464
  0.76500628465161502  0.77640445154290205  0.78824582062410986  0.79994796129522261
  0.81172897734562277  0.82367978607313486  0.83518849835322517  0.84569865022901647
  0.85531622477868352  0.86486683098134998  0.87445069200917935  0.88348516730390025
  0.89267576164735651  0.90230582518340319  0.91145162426853432  0.92071453637447653
  0.93054514624963836  0.94054600632678931  0.95127518502831920  0.96230568764699387
  0.97277993148511865  0.98247436559454626  0.99145972784660319  1.00000000000000000
  0.51585518058192514  0.53688303440636620  0.55548378982781055  0.57266167579837413
  0.58797889914436985  0.60263244153426287  0.61693868395143314  0.63241277741382740
  0.64636553474657765  0.65976776706816298  0.67454783230496318  0.68932278133445557
  0.70370071623214825  0.71672587827266221  0.72890904195927575  0.73998385478636208
  0.75093370878826715  0.76127969566111264  0.77075258739736874  0.77987521856996778
  0.78910721176254839  0.79733704892631041  0.80543855983831092  0.81366307760108936
  0.82125122540557205  0.82836390332189802  0.83516657895372148  0.84197948317281301
  0.84886210580918553  0.85565437920695497  0.86221326257272857  0.86861893531982892
  0.87479375731839437  0.88009385533227713  0.88463197119929615  0.88867075338003221
  0.89280546069421285  0.89677001171924164  0.90053325162548881  0.90399414435873471
  0.90729770428903989  0.91057471701586745  0.91385577001679297  0.91691899541817701
  0.91958427027715306  0.92211950887928795  0.92453700497273517  0.92685621405536678
  0.92915017086502361  0.93151263012704699  0.93394672470589835  0.93646569685276670
  0.93888855866356158  0.94115168701189189  0.94364219969081897  0.94605213997391158
  0.94829911392580524  0.95036298120062002  0.95238533037240203  0.95450442642689137
  0.95662965001646161  0.95863017292915342  0.96042906347883761  0.96205853176857370
  0.96374372671691544  0.96544112274501614  0.96715253224428377  0.96879615990599222
  0.97027454058347717  0.97166498327120354  0.97300257666974332  0.97427906854749291
  0.97544933388618094  0.97671905428828010  0.97795750044762886  0.97919286364853853
  0.98048475375245026  0.98178271527748739  0.98309378306822248  0.98432942182897720
  0.98548141549305623  0.98657247836420414  0.98763666695016605  0.98869118656043720
  0.98974401664366785  0.99080112133024845  0.99184503314593175  0.99273716359350539
  0.99359930083888948  0.99444270752002362  0.99523614829047269  0.99614360395637147
  0.99703640039234975  0.99797575927808779  0.99900547618954572  1.00000000000000000
  0.01332286421710100  0.07528237239523806  0.09994598554549884  0.11698552762568204
  0.13162643896948553  0.14368341616302932  0.15375415606619794  0.16313131517015114
  0.17346899460206719  0.18415310378854899  0.19421168639599140  0.20329918955533155
  0.21146836369802818  0.21879175252788663  0.22573110662724466  0.23269798159833530
  0.23993396499711045  0.24724112823971547  0.25387000363205647  0.26000185683396099
  0.26589613691836589  0.27198774074047277  0.27826515928671741  0.28478226429328074
  0.29139080962851610  0.29798630954291461  0.30475017697429707  0.31179357727318086
  0.31893914322111305  0.32546130394058942  0.33143487288778584  0.33721847902685792
  0.34315409249962514  0.34927713792630777  0.35507786289843435  0.36149564068365631
  0.36785545484676763  0.37463924658429110  0.38107782519340838  0.38727329635439017
  0.39340317677726605  0.39950875410638942  0.40555751238492349  0.41170571824519070
  0.41735918081133777  0.42324789254369760  0.42905589119528448  0.43477471480733498
  0.44074379536435809  0.44691052184808083  0.45349284793640654  0.46054169902080339
  0.46701176727161653  0.47328481182091936  0.47983199616160327  0.48657101771826977
  0.49349176831157993  0.50004292279156770  0.50655169159598046  0.51332934642850392
  0.51989960599486618  0.52658822034145891  0.53317183046002314  0.53981800031024330
  0.54628542037638650  0.55319928328328893  0.56005958036250281  0.56688211328435290
  0.57268052439683137  0.57803189493325358  0.58355137929031908  0.58967405740825740
  0.59598584099748420  0.60250803951355325  0.60960890564920722  0.61726910380521471
  0.62546138090821546  0.63409934637262022  0.64248203143060745  0.65031215775794271
  0.65825510415769706  0.66627758307505580  0.67479186724402573  0.68410461856708604
  0.69579623654955181  0.70949989569137406  0.72262631270119826  0.73352183358702416
  0.74472578238516174  0.75478128910584275  0.76642098894144162  0.78094017199685495
  0.80020288347362900  0.83607279780688515  0.95620768861496142  1.00000000000000000
   6.1943800337684579E-012  -1.0000000000000000     
 F F F F F F F F F F F F T T T T F F F F F F F F T T T T F F F F F F F F T T T T F F F F F F F F T T T T F F F F F F F F F F F F F F F F F F F F F F F F F F F F F F F F F F F F F F F F F F F F F F F F F F F F F F F F F F F F F F F F F F F F F F F F F F F F
  <DiscreteSampler_grid>
  grouped_processes
  1 # 1 for a reference and 2 for a running grid.
  10 # Attribute 'min_bin_probing_points' of the grid.
  1 # Attribute 'grid_mode' of the grid. 1=='default',2=='initialization'
  0.0000000000000000 # Attribute 'small_contrib_threshold' of the grid.
  0.5000000000000000 # Attribute 'damping_power' of the grid.
 # binID   n_entries weight   weight_sqr   abs_weight
    10   10   8.851663239420231E-004   2.231449630826421E-006   8.851663239420231E-004
    16   10   8.851663239420229E-004   2.231449630826420E-006   8.851663239420229E-004
  </DiscreteSampler_grid>
