  0.00000064829239602  0.00000066706947963  0.00000068102697932  0.00000069589392732
  0.00000071164423482  0.00000072866323122  0.00000075149649082  0.00000077432975042
  0.00000081772660555  0.00000086873390242  0.00000092228288893  0.00000097708521616
  0.00000103918520963  0.00000110776533291  0.00000118055299479  0.00000124730551513
  0.00000131391115700  0.00000138489615420  0.00000146998194117  0.00000156501617653
  0.00000165178527386  0.00000172533134893  0.00000178949986149  0.00000186423667607
  0.00000194827839066  0.00000205517877705  0.00000217880713613  0.00000227264529041
  0.00000236481295406  0.00000246891109960  0.00000256248843026  0.00000264918838699
  0.00000275024724502  0.00000288582950079  0.00000301776677634  0.00000314213422468
  0.00000326982765875  0.00000340839509385  0.00000356403121659  0.00000375362182717
  0.00000399122582666  0.00000426341804632  0.00000454658431073  0.00000482845032934
  0.00000510137334252  0.00000536196489406  0.00000557961468951  0.00000574810544445
  0.00000595486831311  0.00000621669277301  0.00000658348350100  0.00000710248293334
  0.00000751930952029  0.00000796982794726  0.00000845867642412  0.00000905934328174
  0.00000983268768789  0.00001074061013363  0.00001172824263559  0.00001257559959121
  0.00001327886210309  0.00001397672357797  0.00001471283518006  0.00001565660505361
  0.00001601940739248  0.00001667639585707  0.00001740175601760  0.00001814408153627
  0.00001924975502280  0.00002102689696552  0.00002329451014778  0.00002612074755016
  0.00002957600437135  0.00003348908364699  0.00003930716332728  0.00004533331025289
  0.00005196138805384  0.00005671688328129  0.00005840829663721  0.00006004695023795
  0.00006174033168057  0.00006419937513002  0.00006913150488309  0.00008098954663321
  0.00010073764704962  0.00012285712147785  0.00014880072903175  0.00018548384938878
  0.00024859558395346  0.00033426559544882  0.00044798182512076  0.00064628416579389
  0.00095460512927868  0.00194337738330131  0.00399903422556619  1.00000000000000000
  0.00000289403743347  0.00000358891238681  0.00000413033146734  0.00000444969198673
  0.00000463552638836  0.00000485408140679  0.00000500750206332  0.00000508318762262
  0.00000514716967188  0.00000521034981356  0.00000530688925411  0.00000552721708800
  0.00000575889382545  0.00000592801007270  0.00000639226192466  0.00000708343884995
  0.00000790487240635  0.00000863362077718  0.00000913095735841  0.00000954317678209
  0.00000991634351161  0.00001028405478609  0.00001064944848825  0.00001102593868201
  0.00001141664013636  0.00001181232606025  0.00001221799304147  0.00001266995995226
  0.00001319620197255  0.00001382508178284  0.00001442261872597  0.00001499049807850
  0.00001546608046657  0.00001588465534290  0.00001632613209322  0.00001688703970902
  0.00001786051791618  0.00001822962511287  0.00001847817786060  0.00001876056193670
  0.00001904826838267  0.00001935084263924  0.00001964695383275  0.00001993036595141
  0.00002025313773250  0.00002093796124057  0.00002194163285196  0.00002286499371939
  0.00002422043797552  0.00002568234340766  0.00002739270761445  0.00002920271563171
  0.00003099589654364  0.00003272928133480  0.00003508895780921  0.00003749145072252
  0.00003935528585921  0.00004084892956445  0.00004238400989202  0.00004475181034972
  0.00004865323360299  0.00005313701637024  0.00005788290484608  0.00006334535116802
  0.00006996451316377  0.00008060195264198  0.00009462729659446  0.00011231584594745
  0.00013365785583431  0.00015489761162277  0.00017865993599715  0.00020746586817645
  0.00025723465070543  0.00032083904774866  0.00038984808503447  0.00046497637290703
  0.00054157814254086  0.00061816192127561  0.00069483266941443  0.00077787121600570
  0.00086578907122407  0.00095368357639524  0.00104085876188366  0.00114614169224490
  0.00129545360889398  0.00146923608535552  0.00162597171953048  0.00174492568706410
  0.00187847104269256  0.00214770583713185  0.00238387303149029  0.00255277066060212
  0.00268890347928415  0.00288313449069419  0.02742971925937362  1.00000000000000000
  0.00000066623822752  0.00000089315795441  0.00000099119903832  0.00000108437510992
  0.00000112819466479  0.00000117473031509  0.00000122815102279  0.00000127977438477
  0.00000132856819287  0.00000140722114436  0.00000150285493295  0.00000159327128934
  0.00000168273152719  0.00000177372034157  0.00000185371904971  0.00000190600619326
  0.00000195330551512  0.00000199579903061  0.00000205503835423  0.00000211707947379
  0.00000218515168176  0.00000226126966357  0.00000233514539721  0.00000241982992240
  0.00000259229973590  0.00000281124342701  0.00000302372032469  0.00000322282395018
  0.00000344420209028  0.00000365479946774  0.00000380929874143  0.00000394871097538
  0.00000408435436305  0.00000423861512283  0.00000442023055618  0.00000461271594995
  0.00000482460753910  0.00000505608326590  0.00000526916643811  0.00000549778971179
  0.00000575036409152  0.00000604662809281  0.00000646604083655  0.00000694602929827
  0.00000737757694515  0.00000775701131342  0.00000813071925710  0.00000859509201803
  0.00000926078057001  0.00000985824743617  0.00001036912062987  0.00001086127881421
  0.00001139387807677  0.00001198276487963  0.00001262601737879  0.00001322665412764
  0.00001399455696973  0.00001483789257853  0.00001570273044415  0.00001667325949947
  0.00001768764752283  0.00001865332801431  0.00001987562878996  0.00002138073042858
  0.00002324981199334  0.00002487634374802  0.00002577076935303  0.00002664608621279
  0.00002758590440799  0.00002870381018126  0.00002988904530273  0.00003112611824254
  0.00003238811785718  0.00003452434838128  0.00003955839383978  0.00004542746145728
  0.00005000563735155  0.00005543169148577  0.00006171960401584  0.00006840908223477
  0.00007609653585456  0.00008654167477475  0.00009874274044549  0.00011372077957883
  0.00013072600841508  0.00014774588590157  0.00017350882084706  0.00021643706560471
  0.00030491071778011  0.00040836697933479  0.00051796363855769  0.00069259660860150
  0.00102782045223691  0.00150805191250061  0.00993391539266528  1.00000000000000000
 -0.00243018613463613  0.01784050127777099  0.02963196794139794  0.03973554046677256
  0.05082177536889428  0.06346241911982128  0.07935158785678159  0.09455934577866359
  0.10992164381254725  0.12350175239360070  0.13491883012306619  0.14636425591757871
  0.15723234453015963  0.16834853479668355  0.18098598523375242  0.19438437922251395
  0.20613936140040723  0.21855933498060776  0.23243287686742792  0.24482938896612777
  0.25797939791269275  0.27262331829111086  0.28620493438238015  0.29947403411333134
  0.31424381594703699  0.32978020593054413  0.34965003857408022  0.36964834891460679
  0.38755337609640578  0.40719201420161105  0.43061826741006909  0.45195753487072649
  0.46640405644828292  0.47859901662736154  0.49031039010219946  0.50395521363751772
  0.51788927106432314  0.53190415847920469  0.54453814737033690  0.55560120741550001
  0.56599772246357938  0.57514549979820995  0.58423550261338864  0.59410430971155692
  0.60360743999949540  0.61366734003699741  0.62608624905959387  0.64306182386505384
  0.65843756659765018  0.67156890974679617  0.68408801119784479  0.69113043703637578
  0.69892805800349633  0.70674205486152930  0.71366858462964156  0.72032747233964700
  0.72581123879706955  0.73116502338687872  0.73877939659257097  0.74521794943483544
  0.75649344467400714  0.77205168978158956  0.78926000936479324  0.80031211582565431
  0.80928667743148497  0.81691484576200912  0.82360143641008743  0.83093033764894308
  0.83448924478748587  0.83899039369199979  0.84346748762197610  0.84860891793247850
  0.85370184057362486  0.85916292880372291  0.86331261448846730  0.86666748533288418
  0.87001236921632785  0.87336609176673763  0.88150841645655242  0.89147782621758132
  0.90164330379165580  0.91248831422525034  0.92233214047573608  0.92913332770897650
  0.93641657180853355  0.94303949603917336  0.94847981500591216  0.95443331123940622
  0.96173137545065202  0.96883900938650791  0.97478451750954842  0.98015533103321473
  0.98538299735576063  0.99032734083984353  0.99498581459209268  1.00000000000000000
 -0.00170159840826165  0.00781063213459961  0.01581658179104217  0.02381579126419623
  0.03168708405836876  0.03873322302302323  0.04693656346406028  0.05643843444524617
  0.06456010386865055  0.07311671388589458  0.08388102932840046  0.09820163391370615
  0.11138179037364716  0.12332994895263921  0.13604353266018590  0.15212968902645296
  0.17177475427956335  0.18835278043293827  0.20211167216125478  0.21629165414371607
  0.23298507208118518  0.25160768358364938  0.27063351109272077  0.28531957097156213
  0.29697731238704500  0.30918139315189663  0.32277276502113877  0.33605736374254830
  0.34743697790772743  0.35750492058110173  0.36733723378105382  0.37517363732060194
  0.38185477136339119  0.39014299644596528  0.39963663140445221  0.41239457396236018
  0.42528567070311535  0.43794794057587938  0.45317832086291676  0.46938789815659032
  0.48440138754831885  0.49539920424818085  0.50440234661763539  0.51131294282508977
  0.51806782700208731  0.52446127014799993  0.53189545024701779  0.54537214682238755
  0.55950824851358749  0.57096972988580841  0.58363356055731408  0.59886466011987827
  0.61115980489455590  0.62016656338669351  0.62768881689381584  0.63513325145567101
  0.64365668493053951  0.65385250088882108  0.66834184147832876  0.68069811891792187
  0.69058024692103248  0.69871145380114763  0.71050249114374842  0.72115544849067503
  0.72983369914230600  0.73861475140356703  0.74752135994150204  0.75816073771294323
  0.77544515944920012  0.78737859763197848  0.79541417237560574  0.80315093523632042
  0.81142384666899348  0.82626586488585951  0.84256172466581147  0.85733699190056623
  0.87007818030000694  0.88107887429833320  0.88650297787606014  0.89020233831283746
  0.89404546243703242  0.89774400251965936  0.90194980739739450  0.90650439540718342
  0.91144556141045119  0.91614577371845340  0.92293546565516627  0.93783648645835793
  0.95135875185327101  0.96293826424272322  0.97445679216061243  0.98197359757398972
  0.98742977075670713  0.99220909699530846  0.99625225084140134  1.00000000000000000
 -0.00363942163286426  0.02056665671956967  0.03120792917732309  0.04057433315032056
  0.04820483069787265  0.05607479602364151  0.06402956968455491  0.07059764813283355
  0.07678256837718664  0.08273459770437322  0.08876798524607829  0.09745157500259115
  0.10809365614201188  0.12150941990401815  0.13368738952245979  0.14577501877730190
  0.15854198472259265  0.17215579725001270  0.18772282341594876  0.20526429336243238
  0.22162578271022193  0.23556507431283435  0.24698676370834138  0.25498533311878036
  0.26169877845594930  0.26817348252285850  0.27521926059120583  0.28579624576804158
  0.30189774615956572  0.30826998967904062  0.31583905124497447  0.32160390435572012
  0.32805707695634984  0.33450598817203891  0.34022311986104947  0.35159591587393019
  0.36183347437731805  0.37047839536121219  0.38121448014599574  0.39407437069261586
  0.40573621934529863  0.41464246973596014  0.42432428223219909  0.43719243237111000
  0.45436324498592850  0.47302989881237961  0.48408386183806412  0.48932750314841544
  0.49478631569430997  0.49934587494363192  0.50372509427229373  0.50860697253710307
  0.51403975673766955  0.51933088356779511  0.52390276969824945  0.52764040016810165
  0.53636687533311556  0.54798548534457847  0.55919309916217907  0.56965054327876530
  0.58039049376969609  0.59156214510469085  0.60948816603022016  0.62795136941497909
  0.63822770035593723  0.64615356156915593  0.65289495345829307  0.66137468616343309
  0.67101132467188107  0.68044265088479905  0.68908839373838227  0.69776969992094584
  0.70794994230504493  0.71951476184185859  0.73183128168334244  0.74437487945855696
  0.75819013920283929  0.77281014021878214  0.78405958419477828  0.79662609003283602
  0.81067470775720285  0.82443376714524230  0.83686381601654736  0.84817574596315481
  0.85805150085981230  0.86870369462402697  0.88155203112818037  0.89457275462956609
  0.90479492782111792  0.91427511753229451  0.92482094878896337  0.93683370556218215
  0.95072813194813466  0.96423756631541180  0.97961070653038074  1.00000000000000000
 -0.00000621954683566 -0.00000060354825668  0.00000501245032230  0.00001062844890128
  0.00001788041068874  0.00002908447390644  0.00004028853712414  0.00005372235916776
  0.00007572071432213  0.00010152679547948  0.00013133725813992  0.00015551350406995
  0.00017218296694832  0.00018604083044167  0.00020129123632288  0.00021656219876210
  0.00023305067061142  0.00024931253077568  0.00026717390504157  0.00028661551168038
  0.00030597074827538  0.00033215874737633  0.00036413343649331  0.00039334753186513
  0.00042589635808490  0.00045896379550601  0.00047718563418478  0.00049580249606679
  0.00051411317278647  0.00053180200882885  0.00055101067658138  0.00057228547976642
  0.00059614435056261  0.00062142356019781  0.00064451622801711  0.00066825449334737
  0.00069222567124358  0.00072012131420417  0.00074725161438337  0.00077491618508200
  0.00080052608685560  0.00082414310306371  0.00084578277447186  0.00086796171223688
  0.00089000165406022  0.00091323324886050  0.00093537418762449  0.00095920865186071
  0.00098962797270280  0.00101882180614839  0.00104770919453307  0.00108519634775739
  0.00112810865914291  0.00115966462468090  0.00118901640009075  0.00121944361507584
  0.00124915268262669  0.00127870641765418  0.00130465857651853  0.00132756206376311
  0.00134924315067913  0.00137172932791724  0.00139517365127792  0.00142073020910523
  0.00145123764929920  0.00149318305236773  0.00155319343663889  0.00159889435322380
  0.00164124805398529  0.00168000325905264  0.00171358053766126  0.00175532989716460
  0.00182542553143238  0.00190310403651780  0.00197440190437980  0.00204470230844908
  0.00211312650164601  0.00217642119940129  0.00224068575109661  0.00230478241738526
  0.00236373041261419  0.00240645183177906  0.00245286734706074  0.00251205760366697
  0.00260441635665447  0.00269823992068883  0.00284512948072178  0.00304072107484660
  0.00318116420215583  0.00334463902086549  0.00346533828161844  0.00356633844621545
  0.00364882653840616  0.00374342082669523  0.00656874695145880  1.00000000000000000
 -0.00330175275092107  0.01678387694009236  0.02243264827060893  0.02548781997226195
  0.02882944368185049  0.03382226493538015  0.03902785385199617  0.04439490393872268
  0.04898645736496216  0.06035919790697766  0.08110436841989641  0.09712327638402975
  0.10604878770760462  0.11205065715634534  0.11950580270730710  0.12757581119573164
  0.13513667703495016  0.14350180339581051  0.15349110005101135  0.16110798933772738
  0.16728334635142555  0.17797180182902278  0.19286325234609944  0.21214000859788898
  0.23035334053955325  0.24546554254509448  0.25752539824140652  0.26924484576704127
  0.28275858332236514  0.29364724963937466  0.30308055895853286  0.31369746925684033
  0.32443054143847799  0.33631518051223824  0.35275936898633298  0.36573596722428309
  0.37531974829209930  0.38363805547724794  0.39047177049410059  0.39665406305546935
  0.40117678661854561  0.40629984435054034  0.41423562308966683  0.42699797662471944
  0.44308548868398551  0.45366895116299705  0.46223477270645080  0.47010864608754371
  0.47707249730152940  0.48620020988367946  0.49717550311695791  0.50384464922286121
  0.51092578907452091  0.51891728886771804  0.52886504838108483  0.54001301696958481
  0.55815478470729862  0.57435628171671183  0.58913713180991834  0.60328195536902318
  0.61599256630168864  0.62851471832176220  0.64171289280576560  0.65560843717744444
  0.66981469401995464  0.68469949062158098  0.69837755114795508  0.70660344862748115
  0.71260615611574807  0.71769090762209187  0.72138032866221558  0.72526272243284851
  0.72964987055589026  0.73357028614680675  0.74006087612159532  0.74784722559895489
  0.75582283664565064  0.76378539234806819  0.77164887755350686  0.77943025386208775
  0.79020570291009229  0.80380664103105748  0.81957089771495983  0.83518868347797648
  0.84727448428330854  0.85710874769418632  0.86539238158627296  0.87302995978800779
  0.88026613470471571  0.89293804871977567  0.90716642481368781  0.92133678632825999
  0.93970688223073406  0.96124021904196066  0.98130870300859052  1.00000000000000000
  0.46382573093080881  0.46967611254432795  0.47552649415784715  0.48137687577136629
  0.48722725738488548  0.49307763899840462  0.49892802061192382  0.50477840222544301
  0.51062878383896215  0.51647916545248129  0.51763007419975215  0.51784717335940067
  0.51806427251904918  0.51828137167869781  0.51849847083834633  0.51871556999799484
  0.51893266915764347  0.52149360771216657  0.52440932402083840  0.52838012591689965
  0.53452608551179615  0.54033524011815659  0.54645478564458161  0.55916237592324425
  0.57758561294370792  0.59250394379985116  0.60511620394031285  0.61420396114503084
  0.62230802108643668  0.63259147765161161  0.64309145369029519  0.65429765400829420
  0.66324430660689071  0.67297522773686758  0.68398671285694101  0.69485108678428631
  0.70385990491831907  0.71177110787517761  0.71900126298647893  0.72621228188777065
  0.73466451263361476  0.74427539794669839  0.75285627833479607  0.76051902756447265
  0.76755377370351796  0.77486544610490782  0.78454442322090379  0.79589864188927018
  0.80378966211361369  0.81068470786669722  0.81806814399234096  0.82598169405006905
  0.83317868783523841  0.84055626354318658  0.84771893322616743  0.85484456152552746
  0.86116738337117615  0.86717332335878627  0.87358130807032597  0.87956309636680186
  0.88371104800173983  0.88620854616683298  0.88875937436578178  0.89132435130002197
  0.89501012143438008  0.89938760097433867  0.90399997110829000  0.90815902356211398
  0.91174212104627395  0.91548248641269514  0.91993042023042260  0.92502094950725477
  0.93013828428585665  0.93552879016940360  0.94167692971763284  0.94764334649972581
  0.95244059179965501  0.95683220004111402  0.96119610550444934  0.96592685678859047
  0.96809443803118389  0.96990100055832795  0.97161227535460593  0.97306438089082914
  0.97413716537617723  0.97493210040177014  0.97576737755507470  0.97672480842366804
  0.97772686171986856  0.97872147795603481  0.97971663646260732  0.98077572486241815
  0.98173486325104053  0.98461008231491431  0.99200506135519839  1.00000000000000000
  0.02995870490500340  0.15526843880181829  0.20041417365952596  0.22270191969698552
  0.23872107250255134  0.25212206840336215  0.26270613604688831  0.27588146345085213
  0.28943963597987371  0.30502189848295330  0.31248575685104296  0.31614660614485546
  0.31955302596100166  0.32289494801376850  0.32611109956842488  0.32871424885993566
  0.33127995228598822  0.33391504690155460  0.33687138989265336  0.33858360873304016
  0.34014956827113169  0.34236727585840687  0.34934416002894886  0.35650802215374156
  0.36514826707566272  0.37448553527103434  0.38111096108547748  0.38609220754477724
  0.39120013823974348  0.39631950819314932  0.40266838172045311  0.40968384986959827
  0.41759560667017770  0.42591692218319449  0.43508242066003922  0.44334227368482776
  0.45118326907845757  0.45837693155958664  0.46445517689221627  0.47069600021571684
  0.47607599713550486  0.48075520557799073  0.48505470911762183  0.48904656402558822
  0.49270539178320460  0.49768717233319237  0.50194807070321901  0.50629038349904232
  0.51058018972156871  0.51533598102629352  0.52038897028090425  0.52510834255398597
  0.52816512528329862  0.53110404265605815  0.53432363473684186  0.53817986481619029
  0.54199631222493438  0.54742833111310707  0.55456774902648487  0.55924696262598883
  0.56247853577553797  0.56623285382121080  0.57062804558010460  0.57483934560533401
  0.57894756271172876  0.58360106837226233  0.59002554016484099  0.59812020386599296
  0.60404285736940400  0.61019048663029141  0.61629280571862777  0.62192400389257796
  0.62887532963446624  0.63652426151332830  0.64284916781081602  0.64927702215845384
  0.65625859517264129  0.66318700290252997  0.67034556572558923  0.67745497681210054
  0.68555988588404237  0.69468941326487998  0.70340440615482569  0.71078280563589535
  0.71757384463059526  0.72787764272550937  0.73828990816610485  0.74998516069899657
  0.76478686066526869  0.78323863342058087  0.80294950374998664  0.82332257018316302
  0.84084606558889063  0.86030820373672667  0.89207300767642117  1.00000000000000000
   2.9777841941004218E-008  -1.0000000000000000     
 F F F F F F F F F F F F T T T T F F F F F F F F T T T T F F F F F F F F T T T T F F F F F F F F T T T T F F F F F F F F F F F F F F F F F F F F F F F F F F F F F F F F F F F F F F F F F F F F F F F F F F F F F F F F F F F F F F F F F F F F F F F F F F F F
  <DiscreteSampler_grid>
  grouped_processes
  1 # 1 for a reference and 2 for a running grid.
  10 # Attribute 'min_bin_probing_points' of the grid.
  1 # Attribute 'grid_mode' of the grid. 1=='default',2=='initialization'
  0.0000000000000000 # Attribute 'small_contrib_threshold' of the grid.
  0.5000000000000000 # Attribute 'damping_power' of the grid.
 # binID   n_entries weight   weight_sqr   abs_weight
    10   10   6.658259638820326E+001   4.063973368055951E+004   6.658259638820326E+001
    16   10   6.658259638820321E+001   4.063973368055948E+004   6.658259638820321E+001
  </DiscreteSampler_grid>
