  0.00000074228934191  0.00000082332769442  0.00000088038917984  0.00000093174768321
  0.00000098660034976  0.00000104188188520  0.00000109667870829  0.00000115788816301
  0.00000123125912386  0.00000130960968135  0.00000139530133306  0.00000148880760609
  0.00000157758213252  0.00000166878956267  0.00000176419395823  0.00000186357046125
  0.00000198705621186  0.00000214098682154  0.00000231850843959  0.00000248920516895
  0.00000264266471990  0.00000278857073237  0.00000294406516591  0.00000311746803587
  0.00000329515563825  0.00000350875026315  0.00000373242691045  0.00000397163909638
  0.00000421745212440  0.00000447134155272  0.00000474129509373  0.00000502720150413
  0.00000534246814378  0.00000565819618402  0.00000601308266270  0.00000639291761819
  0.00000677721415659  0.00000713986567772  0.00000746975464282  0.00000780268781515
  0.00000813666486558  0.00000849557182323  0.00000892124406982  0.00000937416381678
  0.00000980196220029  0.00001023017744821  0.00001069269664085  0.00001118976759524
  0.00001167528011347  0.00001229049554467  0.00001303608214585  0.00001383157657738
  0.00001462443058114  0.00001544788117686  0.00001632307643420  0.00001722384274500
  0.00001825384047907  0.00001935590293374  0.00002049037480418  0.00002172826212029
  0.00002305440139658  0.00002438539527314  0.00002580549456771  0.00002725173761664
  0.00002876558265455  0.00003045233120495  0.00003239397729480  0.00003423647781378
  0.00003615636966319  0.00003848927376728  0.00004121471813754  0.00004444480609807
  0.00004814409237719  0.00005145206094635  0.00005512561301281  0.00005891721806951
  0.00006358181982472  0.00006878693202328  0.00007481937783417  0.00008215781775802
  0.00008993785030789  0.00009677212564607  0.00010406125384601  0.00011228182627165
  0.00012242956455881  0.00013377429454166  0.00014759390890540  0.00016609842517330
  0.00019501817658056  0.00024389563341460  0.00031158560638682  0.00041904926017934
  0.00060120555879689  0.00123400133939391  0.00826420821533513  1.00000000000000000
  0.00011037301867068  0.00011659165184581  0.00012085972165166  0.00012507632252326
  0.00012991681515533  0.00013624983544921  0.00014327551452702  0.00015032666491611
  0.00015749913000473  0.00016517875943818  0.00017304726671602  0.00018124806751945
  0.00018979684135061  0.00019834642681153  0.00020669555868637  0.00021551876003963
  0.00022478278126311  0.00023411462199008  0.00024326598534531  0.00025222576982051
  0.00026204630807515  0.00027297321625097  0.00028494305804848  0.00029674854524024
  0.00030733442444876  0.00031727966612080  0.00032672237839453  0.00033666812152944
  0.00034644911410005  0.00035582393305145  0.00036427903185283  0.00037299971648445
  0.00038234153579456  0.00039266957348952  0.00040399079819587  0.00041590366242106
  0.00042804468400884  0.00043936543963617  0.00045027702929909  0.00046051133850726
  0.00047131199902274  0.00048208841093159  0.00049290638657271  0.00050431224306353
  0.00051751415646727  0.00053194394874107  0.00054632993168386  0.00055963596468732
  0.00058426368062699  0.00060705567258648  0.00062980337106668  0.00065104812531130
  0.00067265109050995  0.00070444515912480  0.00074052795637184  0.00077000052415888
  0.00079809912839217  0.00082544504338043  0.00085410241947097  0.00088418356668597
  0.00091592317968763  0.00095017628523152  0.00098874373610552  0.00103377953281399
  0.00108555015691932  0.00113323157512399  0.00117622566799727  0.00121373317708284
  0.00124787493612810  0.00128147556107831  0.00131265626028037  0.00134372320426092
  0.00136736521302773  0.00139507625564670  0.00142658665073737  0.00146756025574764
  0.00151804482262442  0.00157851085394714  0.00163680020482617  0.00169012367448360
  0.00174523324355876  0.00179842698224313  0.00185544021468602  0.00191015164150519
  0.00197752885962265  0.00211135667880418  0.00225969634722451  0.00236764878476566
  0.00250921295933870  0.00267003868178994  0.00287506229383142  0.00309653900753577
  0.00342124966168010  0.00441459153365335  0.00965264755197945  1.00000000000000000
  0.00000246414609565  0.00000548264121619  0.00000960085255925  0.00001485460379371
  0.00002040625247814  0.00002622179089543  0.00003303922602298  0.00004046861614389
  0.00004816270738000  0.00005611377938090  0.00006454681048408  0.00007329130292096
  0.00008271336091820  0.00009205277236260  0.00010203666657043  0.00011238898346517
  0.00012303204332615  0.00013397576681347  0.00014546071838785  0.00015749138153562
  0.00016975644252179  0.00018211224211744  0.00019492245068656  0.00020888654709227
  0.00022260572640264  0.00023780487289181  0.00025355177574740  0.00027006763985160
  0.00028780707415711  0.00030637620977078  0.00032487647468910  0.00034306070394731
  0.00036095557284542  0.00037927428845070  0.00040197775911816  0.00042857281791457
  0.00045274210779939  0.00047424981438583  0.00049566871405404  0.00051642315827081
  0.00053741264986212  0.00056384928317658  0.00059172198847396  0.00062296705187651
  0.00065499570366260  0.00068647957566512  0.00071785442205338  0.00075101810913357
  0.00078562319485739  0.00082152473875084  0.00086041278317680  0.00089979413831447
  0.00093338422088851  0.00096593158312204  0.00100060121697345  0.00103748987580096
  0.00107580374842516  0.00111630722109965  0.00115936359837894  0.00120422565405380
  0.00125222528477880  0.00130396530557267  0.00135747161477171  0.00141139987623309
  0.00146756854608961  0.00151764985648484  0.00157345570554477  0.00162991504801403
  0.00168255627731366  0.00172737326583593  0.00177319129519102  0.00182112473762182
  0.00187003304795932  0.00192322861560705  0.00198381384810769  0.00206246570956329
  0.00215356833697786  0.00224795238257434  0.00234988113676301  0.00243811693219166
  0.00250034794957222  0.00255780847114993  0.00261677313704932  0.00267039929098980
  0.00273081262200552  0.00278752012109822  0.00284688640691927  0.00289284238703175
  0.00294398096353666  0.00300129171407050  0.00307729752756766  0.00315382348305409
  0.00320456458343746  0.00342633191171575  0.00416914548173386  1.00000000000000000
 -0.00393172944935015  0.02107777898173948  0.04424298322390186  0.06835614765471143
  0.09165537925809535  0.11069134950985407  0.12596693806627191  0.13986114695657215
  0.15456066900655599  0.16979790620081012  0.18519554686368828  0.20034193447552417
  0.21402613761856026  0.22562309233485439  0.23782846621069814  0.25198925669917849
  0.26583683844454520  0.27968413712501045  0.29143291322124754  0.30344327161795720
  0.31480251627941574  0.32832066610235056  0.34120411867751682  0.35389211790087910
  0.36719169880462998  0.38100560469209716  0.39358899136073500  0.40599483894203953
  0.41865788599115372  0.43179297872309308  0.44454254951739347  0.45638833262550416
  0.46740050429197433  0.47829051104950132  0.48862991781053450  0.49837755369743064
  0.50877417771413946  0.51938667238372271  0.52864067313336283  0.53765227120198356
  0.54638830984473219  0.55436815973640885  0.56207163479817290  0.56931918142359894
  0.57652746365110485  0.58362741682601871  0.59248667847342873  0.60113622633371455
  0.60957966602147728  0.61772826684280246  0.62658677872256940  0.63623280520214609
  0.64600521784023857  0.65575580248415077  0.66540292874926699  0.67542080354156397
  0.68351025767169638  0.69275641449536496  0.70165104741826989  0.71040733988020144
  0.71870341171759411  0.72670264115549599  0.73501883100423826  0.74387154732128680
  0.75342928617953309  0.76339557371909583  0.77319638402055224  0.78291229938504758
  0.79192118353181251  0.80100500944438469  0.80952092274819087  0.81725609091964024
  0.82475917058511150  0.83285037470679713  0.84125321511704054  0.84917567845650677
  0.85638553331249090  0.86305138352183286  0.86996537552592235  0.87732374939090518
  0.88543677634638907  0.89347725592246319  0.90123047271457690  0.90808179749640394
  0.91479881156834730  0.92167555288802216  0.92896359709039811  0.93626257509617428
  0.94350777827264032  0.95094919338549211  0.95824295898815870  0.96580530624071714
  0.97416608090103007  0.98270699820464780  0.99138039991529758  1.00000000000000000
 -0.00177376145104018  0.00778270766864204  0.01644734768299702  0.02624960010414888
  0.03675012425251004  0.04845438681162487  0.06105618358303057  0.07276546568630340
  0.08397157643899267  0.09526571934758235  0.10739235783603934  0.12220221159060139
  0.13542394566830782  0.14759258416570881  0.15971061789676155  0.17092113571636566
  0.18186487092374037  0.19226774119748322  0.20314922479552028  0.21472918882531533
  0.22674582366492096  0.23932532400682127  0.25197429096060570  0.26387804720528873
  0.27544070532277848  0.28571231514501910  0.29588397149712531  0.30569375896015344
  0.31586505473194959  0.32656398171260365  0.33957855282266924  0.35260922422612845
  0.36131630031447826  0.36993603805305358  0.37824960943036429  0.38594872335490626
  0.39396403890529119  0.40174635351052890  0.40939432294851230  0.41766716046652319
  0.42924246462044030  0.44168614905724157  0.45393427517148788  0.46598108942471722
  0.47801102471752971  0.49058651946661352  0.50315640376744741  0.51517705753481091
  0.52696692657699273  0.53890670855452649  0.55110975932398376  0.56319830686345407
  0.57471220510413046  0.58593806893549794  0.59732275149385061  0.60866429366992414
  0.61915904576556691  0.63007835408084811  0.63995835735271334  0.64989066033733811
  0.66059947844472444  0.67102600696507841  0.68222680681981429  0.69425667344951680
  0.70564295429397472  0.71636669272858478  0.72600275673779047  0.73536578269690223
  0.74491492924937119  0.75373320396261112  0.76189691329066833  0.77110307033699832
  0.78035357049119780  0.78890584680973619  0.79716420406125688  0.80566509272863451
  0.81674260521965436  0.83019869422396486  0.84240792167584122  0.85230042271220730
  0.86219899469476602  0.87158064006208136  0.88005441926969796  0.88817543931932297
  0.89685584154264797  0.90627577248926861  0.91517332221230485  0.92356714545479068
  0.93161656885539867  0.94045852312303169  0.94962242304618705  0.95916111909860724
  0.96868176764554070  0.97811631823931144  0.98841566140331283  1.00000000000000000
 -0.00294118164301513  0.01535602938889944  0.03051810370068208  0.04674043043495111
  0.06226769894242551  0.07758899142245372  0.09353642693689984  0.10879420586118288
  0.12220865834188747  0.13267946483506807  0.14314753557862431  0.15343344480978643
  0.16263588998503062  0.17242097872140544  0.18272596558391468  0.19287674772232308
  0.20447620952220869  0.21568586519361851  0.22907863743847923  0.23982377197158125
  0.25066547744264284  0.26158271122868376  0.27209077372120999  0.28239512006994261
  0.29408395757571976  0.30822992697626894  0.32149736858396211  0.33318993695158344
  0.34459771475897266  0.35593501572915059  0.36942172331258333  0.38338106540264744
  0.39886453990146747  0.41560086789433248  0.43142096684227121  0.44504142520532919
  0.45749590412825425  0.46986664140312723  0.48225061155807819  0.49439195411262282
  0.50607572934568124  0.51723772336592777  0.52851832872360904  0.53959100094752699
  0.55031496457087514  0.56098404377193856  0.57178698090848923  0.58362794533587603
  0.59618095688818118  0.60965889906435700  0.62317695799978423  0.63444336675874136
  0.64506363092602725  0.65544496751136461  0.66585883522412659  0.67590900873714621
  0.68667912168319656  0.69950273012279407  0.71203029805936580  0.72249467978709736
  0.73244017807198125  0.74326188849872610  0.75488775294477917  0.76705943587592995
  0.77827596071990957  0.78838950454287648  0.79876009670093351  0.80878294040481191
  0.81852106671577018  0.82866017904142597  0.83950290920540971  0.85017890867269585
  0.86010002019567022  0.86870265319467521  0.87730578176376139  0.88488819956620224
  0.89360511588916314  0.90317855435177130  0.91114645862843335  0.91797533967919687
  0.92443893180808512  0.93104589357422252  0.93760222672359839  0.94379350375778415
  0.94963892231735991  0.95494357856739731  0.95987845871993904  0.96470747517738664
  0.96962951590038571  0.97443337542733865  0.97885964999136943  0.98297101396346476
  0.98696966669193087  0.99121072466731175  0.99555542423241339  1.00000000000000000
 -0.00027869009646734  0.01451534189505132  0.02513744813614400  0.03725715016531323
  0.04768481665026929  0.05832162976482178  0.06791684636260734  0.07693602101976732
  0.08557173365485407  0.09459202396981238  0.10383495267566306  0.11349107953238288
  0.12355914375242077  0.13316936073785393  0.14369584262432925  0.15405124976811918
  0.16418819443216484  0.17372082460735644  0.18340659214986507  0.19400978584765918
  0.20446234182336898  0.21473191935465244  0.22490529084703348  0.23398347147194815
  0.24340349909865491  0.25279371231730824  0.26278395458575438  0.27372927152817245
  0.28493537358840881  0.29668739648195075  0.30849302577000548  0.31880987170610775
  0.32853506048741338  0.33780124115342858  0.34704980956164361  0.35686797411078580
  0.36731901082856661  0.37885175581331321  0.39066724402917113  0.40173094884476784
  0.41326811181853873  0.42112815178394447  0.42898167161385187  0.43744323515829586
  0.44541463313030727  0.45252932206474317  0.45932869917237190  0.46570776900051536
  0.47207336907924680  0.47935762224132605  0.48899967493172591  0.49887086150205495
  0.50834215205637023  0.51754022157665125  0.52709102871959190  0.53767256974716915
  0.54958613397604350  0.56185434083251118  0.57292202145487858  0.58395048240633352
  0.59520683137983021  0.60568860875500385  0.61573989882575653  0.62650039766317533
  0.63761777930392871  0.64903296622309337  0.65973036745565705  0.67026062360209293
  0.68129645335283484  0.69194831712386706  0.70278544312015678  0.71404796804486959
  0.72564403058815352  0.73733573831054777  0.75003932689880437  0.76295244269372620
  0.77573481925606780  0.78815031622057641  0.80047031376322919  0.81383944434956423
  0.82834488260814620  0.84275059275786790  0.85620829568796331  0.86843936144949130
  0.88004527856009807  0.89207428764006003  0.90290751831361205  0.91261477346628761
  0.92258010454997585  0.93381636649000810  0.94628729027919822  0.95827188585440815
  0.96872911134453343  0.97859546173487677  0.98934100557463289  1.00000000000000000
 -0.00333694469291500  0.01147934988414290  0.02451285863758980  0.03757197867657516
  0.05012345711067469  0.06158302491181922  0.07216164700864175  0.08278163118019884
  0.09431188290228404  0.10650921122759403  0.11877744967743055  0.13140636579640708
  0.14462039925640860  0.15650103567199217  0.16752060434090993  0.17836010239300099
  0.18910027587009182  0.20017274984959460  0.21108926891905422  0.22277451160909134
  0.23396053943586437  0.24378686783403125  0.25480723662621568  0.26516930335653716
  0.27529107698609845  0.28495193677555219  0.29558927455828332  0.30685904921723062
  0.31874468148274959  0.33175311323330375  0.34586648473879500  0.35902959076811736
  0.37152741510620180  0.38265227144486319  0.39369721013984077  0.40495807592123650
  0.41615927112935946  0.42533686144703686  0.43449760832482293  0.44290677207681123
  0.45132142464782748  0.45915178829087760  0.46703386216146292  0.47554871914986735
  0.48538408932818744  0.49565847634116261  0.50597017194779803  0.51658290244620886
  0.52695092879448424  0.53745122967277625  0.54842640495270667  0.55951548823297526
  0.57040944530338256  0.58124400748567406  0.59161378789115349  0.60227612292022037
  0.61428181241099311  0.62659016464503525  0.63792554225815490  0.64810907693916775
  0.65793840141768434  0.66720885905108074  0.67580772027294034  0.68514432492409738
  0.69496345977347229  0.70508556663180644  0.71563477833260603  0.72625098012435285
  0.73809589227134575  0.75075481972883096  0.76441096469027492  0.77469693296799880
  0.78236234839931695  0.79011040517307674  0.79679282673550333  0.80336935703505941
  0.81067301668774239  0.81808404357000220  0.82509307484069405  0.83182911617140198
  0.83993506948262231  0.84949433945538766  0.85918377052407779  0.86920299410672319
  0.87924755951654243  0.88923981588478429  0.89902523382535482  0.90930865485589729
  0.92067493596062677  0.93326185380547710  0.94644735195977703  0.95924336198231452
  0.97089316768118450  0.98135589047684579  0.99099337415842892  1.00000000000000000
  0.46867363286276625  0.50521654471950483  0.54510781976427913  0.57505897477878920
  0.60103330341025774  0.62406276832307406  0.64441656054749352  0.66293087604900169
  0.67934702281219583  0.69422480766537542  0.70742888130460646  0.71973754271890988
  0.73130911859594294  0.74154455721827317  0.75123773773341951  0.76032368200388090
  0.76930779513636172  0.77794877540205210  0.78626736128667729  0.79483885703135204
  0.80383769190270238  0.81219645371463700  0.82036839479355228  0.82842476905264761
  0.83560786506650719  0.84177591863554857  0.84760474636117045  0.85350897730138198
  0.85919342172009239  0.86457325556977405  0.86973683675413882  0.87490932635945784
  0.88000305250046384  0.88475638115082766  0.88927810906179328  0.89346586091168589
  0.89740677803218849  0.90125803884666122  0.90492544803903319  0.90834961249534230
  0.91166342630867570  0.91474952278657362  0.91766412877686554  0.92040987983125888
  0.92314263113698614  0.92589315341640999  0.92849674882769517  0.93097507348171826
  0.93346028064393061  0.93596183370498987  0.93843960420585038  0.94086074602274095
  0.94317759831613102  0.94538130186228486  0.94751344572785334  0.94957679750506763
  0.95149899612332534  0.95344374396842813  0.95541106321743718  0.95734774442977200
  0.95920990742500423  0.96096705395245940  0.96260242029454424  0.96418045899325333
  0.96566184037750724  0.96712660895050306  0.96846327132006993  0.96969385637626715
  0.97092812902041115  0.97216649339409011  0.97329565230201465  0.97444819477194455
  0.97568955579750238  0.97697800164519122  0.97820251884440068  0.97935489921149199
  0.98060055507801680  0.98177221714537455  0.98289297788022534  0.98399855415654758
  0.98511774557331322  0.98622881420112563  0.98720310493997365  0.98819794185289445
  0.98918939749887425  0.99012928722020010  0.99109227012602008  0.99206250698028575
  0.99303452196268382  0.99393735028972297  0.99481607577451725  0.99567688768961859
  0.99658678721714344  0.99756809014152625  0.99869521176869180  1.00000000000000000
  0.01104340876218211  0.08696304207097937  0.11815874807520417  0.13885551289979714
  0.15586845488644635  0.17034156519430413  0.18417291641885564  0.19704887481627598
  0.20910716114882613  0.22085937292482977  0.23205750089136587  0.24308102478646360
  0.25322282281988628  0.26271375722938106  0.27123271705786511  0.27939759242368678
  0.28798653094179888  0.29736181338301992  0.30677656629743633  0.31494365742292724
  0.32278814489441993  0.33098338742395178  0.34041760586026998  0.35018693482481889
  0.35906394141724368  0.36722112756365555  0.37518748768241772  0.38300758076377889
  0.39065455063354149  0.39850458002472072  0.40660486780494631  0.41444105125007852
  0.42289583269491993  0.43140417236503731  0.43995060309851730  0.44781110521805306
  0.45545538595237489  0.46287212782730003  0.47095076513589595  0.47912314155035274
  0.48807950565847141  0.49677964728425478  0.50536905495335116  0.51394651469079633
  0.52209955112758766  0.53055922193908645  0.53916969936141657  0.54872392914411516
  0.55887078959255865  0.56891934793989218  0.57844948402474383  0.58694152681323342
  0.59264421377278731  0.59954463940725711  0.60527372073956343  0.61120962271774648
  0.61710259836504944  0.62310637305907313  0.62901243163939335  0.63443957347646973
  0.63957184556917523  0.64496725434925584  0.65126644401691480  0.65890607109350829
  0.66768775497560662  0.67584559123683829  0.68475091798637588  0.69341199343022186
  0.70154077078392429  0.70909391975709724  0.71651350732273711  0.72346028010549246
  0.73054103084049349  0.73696715036416027  0.74242716920728935  0.74783439152743358
  0.75376753173282740  0.76088779957958452  0.76875313575599447  0.77630204318040974
  0.78354889048130039  0.79084103115770921  0.79884466070068871  0.80613118223846081
  0.81417200801038558  0.82220788898020003  0.83065305451603377  0.83887990440765081
  0.84638880268559302  0.85415226196674576  0.86321180052194679  0.87129975951578231
  0.88309069246653482  0.90544995184677080  0.92487244232034416  1.00000000000000000
   1.7228425212681048E-011  -1.0000000000000000     
 F F F F F F F F F F F F T T T T F F F F F F F F T T T T F F F F F F F F T T T T F F F F F F F F T T T T F F F F F F F F F F F F F F F F F F F F F F F F F F F F F F F F F F F F F F F F F F F F F F F F F F F F F F F F F F F F F F F F F F F F F F F F F F F F
  <DiscreteSampler_grid>
  grouped_processes
  1 # 1 for a reference and 2 for a running grid.
  10 # Attribute 'min_bin_probing_points' of the grid.
  1 # Attribute 'grid_mode' of the grid. 1=='default',2=='initialization'
  0.0000000000000000 # Attribute 'small_contrib_threshold' of the grid.
  0.5000000000000000 # Attribute 'damping_power' of the grid.
 # binID   n_entries weight   weight_sqr   abs_weight
    10   10   1.938944876506061E-003   3.383135929207575E-005   1.938944876506061E-003
    16   10   1.938944876506060E-003   3.383135929207569E-005   1.938944876506060E-003
  </DiscreteSampler_grid>
