  0.00000055544538709  0.00000056913024598  0.00000058397483415  0.00000060076196032
  0.00000062015789384  0.00000064075984544  0.00000066351218341  0.00000068492095339
  0.00000070660221844  0.00000073224775562  0.00000075453909260  0.00000077742267607
  0.00000082066040767  0.00000087352364812  0.00000092555352189  0.00000098018990331
  0.00000104040914860  0.00000110385017756  0.00000118465812171  0.00000126969262494
  0.00000135983277975  0.00000150383412824  0.00000166079972815  0.00000182082293277
  0.00000198504574995  0.00000216022969971  0.00000234189136281  0.00000253974565001
  0.00000274531030184  0.00000295141997442  0.00000317849355744  0.00000342821465812
  0.00000370799627981  0.00000407627027345  0.00000443955070338  0.00000477598951318
  0.00000508433141704  0.00000537815371934  0.00000567679286663  0.00000599455469216
  0.00000633837614514  0.00000668834461495  0.00000708525488303  0.00000749249539483
  0.00000790782939477  0.00000830376354102  0.00000876432877434  0.00000927538459958
  0.00000980021315032  0.00001037314541936  0.00001105919550209  0.00001182231003013
  0.00001256448315800  0.00001326086380277  0.00001392144055862  0.00001456171738078
  0.00001522203144850  0.00001590581375820  0.00001663878831952  0.00001743551262848
  0.00001835841425904  0.00001940709078701  0.00002033194497533  0.00002133531771023
  0.00002259203286294  0.00002394609842601  0.00002544069888399  0.00002725866317631
  0.00002935727287809  0.00003158012933065  0.00003388391199107  0.00003628323600835
  0.00003878324132381  0.00004143396024064  0.00004439209223195  0.00004787537672014
  0.00005205698182962  0.00005685352211956  0.00006191341825541  0.00006741018895384
  0.00007366857158392  0.00008111456632597  0.00008948148011215  0.00010016428122957
  0.00011090467770165  0.00012205648436074  0.00013476975358069  0.00015211122666580
  0.00017944311089423  0.00022289114808869  0.00028822843723378  0.00039513159457348
  0.00063417582002964  0.00122692813741852  0.00643772114654251  1.00000000000000000
  0.00011316129558986  0.00011790749008696  0.00012143849571139  0.00012516040237399
  0.00012899230946751  0.00013399671489354  0.00014018875898645  0.00014698102973665
  0.00015439610432221  0.00016204835218734  0.00016952299144905  0.00017650724632204
  0.00018341857376097  0.00019172583029020  0.00020152046295255  0.00021135802177111
  0.00022113082415240  0.00023084177704963  0.00024045131391460  0.00024966148018853
  0.00025853880149743  0.00026702339207709  0.00027547759552452  0.00028401797024356
  0.00029258703581039  0.00030142429636353  0.00031037693321026  0.00032022071121357
  0.00033116110843995  0.00034274890393995  0.00035407897839043  0.00036421770542218
  0.00037419659843630  0.00038406694720975  0.00039562624305563  0.00040739828632866
  0.00041921150492548  0.00043141265850889  0.00044322660581695  0.00045754588449724
  0.00047188268035106  0.00048723948693491  0.00050315665942620  0.00051904573024993
  0.00053584513927907  0.00055297792172476  0.00057273527467879  0.00059553412134492
  0.00061721672338642  0.00063680149715853  0.00065595430394642  0.00067545426773974
  0.00069581919499448  0.00071625356667700  0.00073670801520121  0.00075798658404369
  0.00078123684152302  0.00080551603531363  0.00082752036277957  0.00085309120811530
  0.00088075611986588  0.00091379678396089  0.00094285772612808  0.00097405083868694
  0.00100746109858425  0.00104822234108115  0.00109192820179669  0.00113229484042752
  0.00116747378679054  0.00119991466543320  0.00123275452592902  0.00127272438189269
  0.00132243502225586  0.00138104602623557  0.00142406855709908  0.00145920201339012
  0.00148426278164128  0.00150984514581169  0.00153659777373946  0.00157842264868222
  0.00164405082823675  0.00171558133533791  0.00175888588625670  0.00179519375214473
  0.00183170142013825  0.00187349411984554  0.00193016515462099  0.00226877867573519
  0.00259141323029426  0.00278160438899929  0.00305215287198185  0.00334756342544451
  0.00367027186580979  0.00400072343171410  0.00953971563952409  1.00000000000000000
  0.00000255971933199  0.00000522466322611  0.00000857095483914  0.00001284958173801
  0.00001770069721905  0.00002284726683551  0.00002797168932430  0.00003337467271375
  0.00003929284302131  0.00004556318959482  0.00005246104952822  0.00005958454467448
  0.00006728024788930  0.00007522044233929  0.00008278058309675  0.00009008169429301
  0.00009754052597239  0.00010532266549552  0.00011388248088672  0.00012270848429773
  0.00013264597045732  0.00014222848364381  0.00015209400655073  0.00016132508960269
  0.00016999088438932  0.00017905879182399  0.00018772911479863  0.00019490697763245
  0.00020169211438906  0.00020809713787052  0.00021522682233507  0.00022368559732960
  0.00023263363177091  0.00024089238950339  0.00024921262325787  0.00025859001850778
  0.00026828594205605  0.00027741612532791  0.00028676346032601  0.00029783278006568
  0.00031132801199141  0.00032438775100577  0.00033785880492554  0.00035258789384218
  0.00036747377848411  0.00038210200974592  0.00039728161302250  0.00041358215081738
  0.00042787197724349  0.00044155374418803  0.00045519744581148  0.00047106252620983
  0.00048918345768013  0.00050854715604777  0.00052839679583021  0.00054816699808868
  0.00056704541569329  0.00058990300412920  0.00061126508007262  0.00063467216961461
  0.00065803547081814  0.00067816927094803  0.00070015139148584  0.00072290758777306
  0.00074655478621178  0.00077331485322783  0.00080152637329302  0.00083621762470100
  0.00087490125575443  0.00091337602599109  0.00095112961961788  0.00098571321196389
  0.00101632661779255  0.00104902486467378  0.00108060529608664  0.00111367501478770
  0.00114702660156029  0.00118320335957706  0.00122058125395617  0.00126006493688920
  0.00129985613359862  0.00133579441771047  0.00137172298361608  0.00141088627672233
  0.00145262248996881  0.00149378455801739  0.00154475753585560  0.00160979236862759
  0.00168193251893989  0.00176359856086660  0.00184883925849083  0.00194390313390907
  0.00215294735845014  0.00232608794231689  0.00250810069862431  1.00000000000000000
  0.00162233034149344  0.00235764900529682  0.00301763858747764  0.00512810312602682
  0.00732931845299530  0.01105686842121423  0.01682477392009593  0.02333635841321337
  0.03045109135860814  0.03702367906611579  0.04490073110523631  0.05358640894320672
  0.06186873911681413  0.06903592955561827  0.07535696520178621  0.08201136850951374
  0.08883695687137380  0.09647198462859043  0.10434716648288236  0.11220187199746764
  0.12001242563409605  0.12855098045777097  0.13892604408767947  0.14928093047217769
  0.15957610997095173  0.16918053896146693  0.17788572904470107  0.18569730988931582
  0.19242950981155973  0.19799117541239211  0.20351590301031128  0.20905860256422243
  0.21507995838271252  0.22145659010363752  0.22724008560177630  0.23228222644990226
  0.23758820669378072  0.24319793908439799  0.25011019661772560  0.25967627824063133
  0.27166421535329283  0.28195201068226067  0.29119145414076930  0.29906654697768748
  0.30714813749487646  0.31536228189872972  0.32479573615024754  0.33613653115607262
  0.34912732460064821  0.36264038891140571  0.37543906926008369  0.38823631434278183
  0.40103544473183667  0.41382222860726320  0.42679729943921763  0.43979669901814927
  0.45086019435421054  0.46254442299157866  0.47380855012765161  0.48459652698619271
  0.49541156080661825  0.50606323454911639  0.51717265935243695  0.52915185801162423
  0.54017869060912382  0.55048478938779177  0.56116822599255745  0.57305714349919723
  0.58382911600755383  0.59358999237189336  0.60345715434410618  0.61461683462331707
  0.62680477640782617  0.63958467602913593  0.65413761532701420  0.66849806525845679
  0.68279258445489388  0.69731908028670331  0.71295322343513268  0.72609554290255818
  0.74021005389386230  0.75541398212778244  0.77225078557095195  0.79158359340506113
  0.81257021032633403  0.82457213455679190  0.83563299089213217  0.84724801168638497
  0.85866617106713128  0.86984542345226734  0.88751488489470387  0.90941748507357489
  0.93198979145508032  0.95585457574008414  0.97873629079395286  1.00000000000000000
 -0.00208940370031814  0.00811396205106347  0.01696755705720405  0.02551041470419666
  0.03342713374732303  0.04123957954754268  0.04976724597014998  0.05891942125976388
  0.06905363784433872  0.07938438600689203  0.09060841973802174  0.10170733299106423
  0.11256023976825542  0.12350522195730089  0.13459956367462952  0.14546719311865883
  0.15616620677474127  0.16774152544916854  0.18063025368405114  0.19406491295940151
  0.20720955929809523  0.21898435688023621  0.22969998431715610  0.24126174087935529
  0.25289192441681946  0.26356038548621841  0.27560797998811976  0.28967835116614699
  0.30016173626894277  0.31153674429821171  0.32187293272108125  0.33238668039587355
  0.34336341094620831  0.35402436804912385  0.36458156578332718  0.37503266519730627
  0.38493581033098156  0.39413448193724643  0.40242481458779678  0.41054695209195724
  0.42161150636154032  0.43387366148082174  0.44675697010527876  0.45965793814358652
  0.46753752997991160  0.47647333841592560  0.48509492481068361  0.49448607698286795
  0.50403530154545140  0.51374273240078794  0.52336479239827882  0.53488041044759904
  0.54684936549300056  0.55953541945266239  0.57107927423076876  0.58337503075980812
  0.59660841168910217  0.61053639266543269  0.62460342698379578  0.63834191514799710
  0.65135592125125019  0.66363015862490082  0.67635321320502539  0.68788422214283906
  0.69605258046291640  0.70327142064535930  0.71026005399669001  0.71723270153863350
  0.72519508985121384  0.73391873980359323  0.74218302896026733  0.74993397487544500
  0.76036345332289434  0.77013008713440645  0.77990386391795541  0.79033985037315913
  0.80269854785906936  0.81503192395005308  0.82665054508326063  0.83949653676574820
  0.85242277604156047  0.86337557804722109  0.87293671301544573  0.88132004315202295
  0.88903911112397138  0.89705171949170359  0.90633146826220568  0.91501425612069220
  0.92381599105208478  0.93350521065414915  0.94326172922812601  0.95294507954138963
  0.96302246959147919  0.97340161734317265  0.98481598863841990  1.00000000000000000
 -0.00031673983306337  0.00772596870958507  0.01444548385621714  0.02152669998353312
  0.02841334588814538  0.03557399529708211  0.04262734018540288  0.04933204387194523
  0.05587559810178118  0.06230746100756682  0.06852080374726247  0.07489722159173698
  0.08183983614223192  0.08850369685437391  0.09502583802876048  0.10125936197886466
  0.11024699750946970  0.12142816959700461  0.13465060035897297  0.14605165223244751
  0.15427370437717114  0.16109881814647467  0.16753423692484598  0.17368832774018428
  0.18048714098770721  0.18758164037413666  0.19492109342138350  0.20192532691120063
  0.20936653124688814  0.21868305382244527  0.22891418470702646  0.24002367287552731
  0.25237229769111152  0.26409205124864865  0.27678265933045154  0.28920617043596875
  0.30163914270879588  0.31328682010374820  0.32361182168641384  0.33346507227474670
  0.34316517175751565  0.35301608509238641  0.36219430245091999  0.37110543979985861
  0.37997358690974287  0.38897702033740861  0.39801390826439681  0.40797630147611086
  0.41950309850677725  0.43324339840706388  0.44610877614577171  0.45643532618591631
  0.46724065305928497  0.47660721066397416  0.48724745205980435  0.49975485436930878
  0.51195662285754517  0.52521325710778455  0.53631954933302006  0.54714943689721907
  0.55766495706367136  0.56865873949971157  0.58059716902719538  0.59316482935963577
  0.60507586485138531  0.61413094545169089  0.62322128029603774  0.63215920401449854
  0.64086025038036520  0.64913168026089563  0.65656222311246093  0.66397316731566103
  0.67415395726978922  0.68797895098682593  0.70309407321358874  0.71513980624175433
  0.72565316841708993  0.73587302891019779  0.74712815589885939  0.75932328058742604
  0.77259838014392535  0.78458197884956959  0.79759226930212157  0.81254032993852665
  0.82857062918334257  0.84843732238876557  0.86660588731626320  0.88162256572609321
  0.89423915590540981  0.90631903674258507  0.91934496575644054  0.93139900556432875
  0.94614747233989438  0.96268772877176312  0.98052362671206628  1.00000000000000000
 -0.00129481873488366  0.00750771031475200  0.01466804800232767  0.02143467971965890
  0.02895092241121081  0.03699060943564580  0.04464195721405084  0.05203272077221417
  0.05993495700563850  0.06948765720970181  0.08081942013114575  0.09314731237241068
  0.10566045915915732  0.11777917890032780  0.12900808009496328  0.13998545329155793
  0.14955018612440055  0.15931842680977915  0.16924851789186263  0.17985459674457627
  0.19117096640849843  0.20375905062575062  0.21396115976368735  0.22311909938106902
  0.23170074194073920  0.23936983276755058  0.24701608607436762  0.25469818390168708
  0.26263335590127318  0.27124392639885447  0.28183882604634375  0.29293777737624832
  0.30382246534061408  0.31459299854678086  0.32549848168563267  0.33707500618753189
  0.34959627879480532  0.36234294616318596  0.37452443461184443  0.38540841912314122
  0.39607029108242070  0.40693839380540014  0.41792750531565187  0.42840299219758349
  0.43814103999138820  0.44838175621380666  0.45737179737927058  0.46788723771564311
  0.47831951450708782  0.48905485195554477  0.49891259119678266  0.50908771680987353
  0.51954006658787222  0.53068981872353671  0.54342093277201897  0.55697723668068155
  0.57124653281458881  0.58421563078006933  0.59527823939984903  0.60524348041364862
  0.61449538755353406  0.62355631732317196  0.63365824095799061  0.64448404477504750
  0.65780395427628291  0.66973512124308310  0.68182969542349059  0.69538996048198043
  0.70773899399005924  0.71838402591179729  0.72739426062522128  0.73573965074633696
  0.74398910139097119  0.75231812397694786  0.76139173914602631  0.77055031365847138
  0.77952985869827507  0.78854326153940058  0.79850303827780289  0.81004763450736939
  0.82148873722369442  0.83241747207635419  0.84435989556719471  0.85782240905211571
  0.87168978873840075  0.88597990765634504  0.90178625506145471  0.91731758869704905
  0.92990594251393566  0.94017352096941287  0.94967172699236846  0.95885104780645081
  0.96820283112631411  0.97800496042544804  0.98863724436227940  1.00000000000000000
 -0.00243848446091747  0.01160947750290203  0.02222470363739359  0.03171187421060200
  0.04116087939120151  0.04994026327308936  0.05897955210368814  0.06880665074041686
  0.08004880423858006  0.09107756079786293  0.10087123096394678  0.11032155044177634
  0.12024270056974402  0.13028063471133167  0.13901659197509264  0.14780393785309509
  0.15714294821923294  0.16758844462086120  0.17968009138640439  0.19210179298317140
  0.20412223759772058  0.21612222835064054  0.22797887550698392  0.24054604386866885
  0.25201067823334927  0.26241864427304740  0.27260631383595613  0.28199424350877211
  0.29150830309135245  0.30133691407260410  0.31222305443987375  0.32309478219531496
  0.33401688348876851  0.34673998772941184  0.35854992870081737  0.36879026755202837
  0.37897601925784413  0.38929246849041182  0.39956112293510004  0.40981304691673098
  0.42144562778287264  0.43400728365801283  0.44662779175254314  0.45929176285946893
  0.47250200376433438  0.48473640941847107  0.49576945308171877  0.50749590490229435
  0.52053279496586113  0.53380148316294385  0.54624560887556384  0.55812254767350000
  0.57018790618507975  0.58281646344370397  0.59686009665332995  0.61014050093444883
  0.62172747710533860  0.63250001498936870  0.64313444896421912  0.65220356484574582
  0.66142228536593772  0.66994001030837547  0.67684228400503066  0.68318681011801430
  0.68965852665082616  0.69749043469535976  0.70612297620313924  0.71524148300020474
  0.72441118550791528  0.73443489036737619  0.74446296223593111  0.75425123273804073
  0.76317266208374868  0.77250987858194908  0.78403721877916577  0.79455237108832588
  0.80580792803982260  0.81778440786606243  0.83037054787696585  0.84159096045261428
  0.85251787058155237  0.86410579754084493  0.87502403389765915  0.88338303962654030
  0.89173639696909790  0.90045144255924947  0.90914416503515760  0.91771699332760948
  0.92578640647604304  0.93386667320131767  0.94572811663276213  0.95891464202891630
  0.97023886080172472  0.98008122200729919  0.99001130920296110  1.00000000000000000
  0.51702773051404427  0.55438608692549818  0.58318164927688509  0.60709077801631828
  0.62960982789580788  0.64973004806707502  0.66960808596286059  0.68664630915783098
  0.70346715813883631  0.71831501281754429  0.73154310976832038  0.74471493703222891
  0.75726498376442786  0.76855300307805552  0.77932160630992842  0.78952674154938984
  0.79798144519360936  0.80548501294366570  0.81298793052650986  0.82056217691611266
  0.82823354317410103  0.83579179922415869  0.84276912246868474  0.84919659491399391
  0.85519433454404192  0.86109050267368126  0.86685363017449391  0.87240142060345094
  0.87774508799069284  0.88280065221053283  0.88777777193596552  0.89267045774366893
  0.89732344725694102  0.90159559193368533  0.90573062241929103  0.90967576688550300
  0.91337751733787409  0.91681147354594594  0.91949274331442721  0.92211540760320565
  0.92473963693905525  0.92746615825225875  0.93024513416171695  0.93286285216937659
  0.93532463830417478  0.93755563070211534  0.93949942968711309  0.94164335877891625
  0.94386942292540543  0.94587052104688707  0.94760562834546280  0.94927271721318363
  0.95093237742690151  0.95261999922378593  0.95438090670431464  0.95617811467255687
  0.95778518332454199  0.95918314927842596  0.96046214837068167  0.96169086061683862
  0.96291910821899074  0.96406209288606126  0.96520526884244462  0.96637148884231261
  0.96757082223028257  0.96875982255394155  0.96992398844973060  0.97109946999642949
  0.97228263787926972  0.97340768123959798  0.97463419742278212  0.97581413144486373
  0.97707363792007940  0.97829373423551402  0.97945677237397222  0.98060709225662834
  0.98167875883956546  0.98274076943040256  0.98378690441484673  0.98482526921698077
  0.98586079416078898  0.98688828153435892  0.98786631597792263  0.98881118625105635
  0.98974407120426844  0.99067096080771111  0.99159682089632339  0.99255204834875710
  0.99344887864817399  0.99431052687031130  0.99515953102793620  0.99602327047306904
  0.99693606587019201  0.99789561221552003  0.99894707730575949  1.00000000000000000
  0.14057736640601368  0.15039695418525578  0.16190050231781411  0.17457001977522574
  0.18738695345505071  0.20037126324074350  0.21404774355187864  0.22749908346076475
  0.23935994275326314  0.25005783826085703  0.26037260045283445  0.27121390017288094
  0.28312654349478977  0.29463585249898316  0.30690911998623438  0.31812582458437227
  0.32790708821270864  0.33689023178368599  0.34542392383002901  0.35466318497459171
  0.36502252559496162  0.37481286370089872  0.38339998896411148  0.39160559273745688
  0.39942127902622482  0.40744509173710214  0.41436528672230005  0.42149684803323867
  0.42875486452861739  0.43573486769262110  0.44207982845291433  0.44804208245601868
  0.45487923871957558  0.46233347612835540  0.46973007841601250  0.47701116418561235
  0.48441387312799716  0.49171925362162316  0.49833525159680292  0.50646655599713064
  0.51640492446973685  0.52496265973941392  0.53270254990737276  0.53994282430419449
  0.54718702204834824  0.55479349998871663  0.56300427795262153  0.57184547703506938
  0.57933578185488821  0.58574407986149180  0.59316472404164844  0.60068392394631120
  0.60877970134391257  0.61683743107864730  0.62458983103654753  0.63311037644822077
  0.64180501151447278  0.65007097457803853  0.65794635108333865  0.66571278563268887
  0.67300738692520334  0.68080304056193020  0.68813070512668806  0.69506335256088347
  0.70210369236899761  0.70875331275081477  0.71446297628715771  0.72038567915506269
  0.72693003889817009  0.73359430665869052  0.73992661067458099  0.74538240704135861
  0.75057171144219648  0.75577182586233049  0.76155253867032691  0.76731371117665581
  0.77307298289048310  0.77921158146828984  0.78560650469835192  0.79167974780456751
  0.79754635959797149  0.80352813862150063  0.81028756729883511  0.81813605693525804
  0.82629665244024897  0.83480140655104118  0.84431155630354249  0.85456566435022596
  0.86506198157283187  0.87638447968458288  0.88917458937092153  0.90327439328190762
  0.92067072400748617  0.93396741826042506  0.94130245621979591  1.00000000000000000
   1.1724654669831725E-012  -1.0000000000000000     
 F F F F F F F F F F F F T T T T F F F F F F F F T T T T F F F F F F F F T T T T F F F F F F F F T T T T F F F F F F F F F F F F F F F F F F F F F F F F F F F F F F F F F F F F F F F F F F F F F F F F F F F F F F F F F F F F F F F F F F F F F F F F F F F F
  <DiscreteSampler_grid>
  grouped_processes
  1 # 1 for a reference and 2 for a running grid.
  10 # Attribute 'min_bin_probing_points' of the grid.
  1 # Attribute 'grid_mode' of the grid. 1=='default',2=='initialization'
  0.0000000000000000 # Attribute 'small_contrib_threshold' of the grid.
  0.5000000000000000 # Attribute 'damping_power' of the grid.
 # binID   n_entries weight   weight_sqr   abs_weight
    10   10   5.366900187126517E-005   1.400523635612149E-008   5.366900187126517E-005
    16   10   5.366900187126519E-005   1.400523635612150E-008   5.366900187126519E-005
  </DiscreteSampler_grid>
