  0.00000079208963250  0.00000085590158292  0.00000089764089359  0.00000093268166104
  0.00000096883629184  0.00000100536388211  0.00000104099754851  0.00000108022323666
  0.00000112072976718  0.00000116515159361  0.00000120923257648  0.00000125408271323
  0.00000130127580895  0.00000134884347191  0.00000140661408218  0.00000146446449666
  0.00000152344525087  0.00000158575561984  0.00000165084944753  0.00000172152648621
  0.00000179387042783  0.00000186521851660  0.00000194228528914  0.00000203319983834
  0.00000213243722706  0.00000223180505057  0.00000233669501930  0.00000245473536299
  0.00000258352938242  0.00000271916525567  0.00000286661747114  0.00000302670807718
  0.00000318121358148  0.00000332578868150  0.00000348402903883  0.00000365068198471
  0.00000382616690309  0.00000401603160776  0.00000422929581075  0.00000445287685830
  0.00000467469100872  0.00000491019615374  0.00000518654374078  0.00000548961395951
  0.00000578975513913  0.00000609562230442  0.00000641922909210  0.00000675046883109
  0.00000710116478116  0.00000748231706174  0.00000787324810462  0.00000828402020226
  0.00000872340102654  0.00000919293098296  0.00000967234733534  0.00001014111356718
  0.00001064736211284  0.00001114616377779  0.00001166002418579  0.00001221687342592
  0.00001302726607715  0.00001388219026077  0.00001481248620733  0.00001578780458845
  0.00001683523231865  0.00001793402350837  0.00001905488446152  0.00002015988479510
  0.00002128596578558  0.00002258828340813  0.00002399364243225  0.00002574051331319
  0.00002776787857742  0.00002998351579154  0.00003252075591001  0.00003546071237512
  0.00003846223134068  0.00004184676676347  0.00004562404767369  0.00005015760972203
  0.00005596215522963  0.00006258605556865  0.00007070178811872  0.00007963133551596
  0.00008913302381334  0.00009934569709629  0.00011092831498518  0.00012655849664418
  0.00015269198345710  0.00018943592383185  0.00023955319182303  0.00032279117297715
  0.00050784320764837  0.00100568262598766  0.00552046217637544  1.00000000000000000
  0.00011535472861584  0.00011872066143333  0.00012169650673518  0.00012492135531791
  0.00012816097030191  0.00013221759798213  0.00013695134114055  0.00014194796367598
  0.00014711648505370  0.00015261202260481  0.00015859481386488  0.00016507985518209
  0.00017123161310003  0.00017719699242323  0.00018338404107605  0.00018997153377454
  0.00019709395899768  0.00020410352268407  0.00021129097200041  0.00021843305896646
  0.00022566594604690  0.00023327486036527  0.00024126028144395  0.00024939824394828
  0.00025759352250830  0.00026563130863075  0.00027459120661810  0.00028384071443975
  0.00029307874807273  0.00030240752075500  0.00031200490712390  0.00032128429339489
  0.00033076128520050  0.00034023282067595  0.00034998418842178  0.00036022651948408
  0.00037083976001341  0.00038075659805995  0.00039085121860543  0.00040111711417055
  0.00041168348870672  0.00042240251835048  0.00043285891911644  0.00044288230495275
  0.00045232415636754  0.00046249472772039  0.00047489880452139  0.00048790027110245
  0.00050169937159100  0.00051509178799589  0.00052964904161647  0.00054387399951666
  0.00055733381096853  0.00057202400468765  0.00058845834568317  0.00060563808676463
  0.00062277019528492  0.00063952412273341  0.00065514189489176  0.00067148931849234
  0.00069041222962704  0.00071186442671434  0.00073374551177296  0.00075681627132461
  0.00077848071135451  0.00079658154608262  0.00082030388076947  0.00085074344036139
  0.00088541368711350  0.00092528187911047  0.00096757562921391  0.00100340167591855
  0.00103661325981413  0.00106550870692495  0.00109518730038035  0.00113074464949622
  0.00117108965682227  0.00120973794048905  0.00125799148288466  0.00130248706294187
  0.00134745024251760  0.00140669228112700  0.00146797816206606  0.00153801244501764
  0.00161353763953639  0.00176997721615165  0.00203803682066448  0.00257217168931885
  0.00293362782150023  0.00317378387007503  0.00345525297322634  0.00398225163530951
  0.00447049094281097  0.00479949299349026  0.00525108122019454  1.00000000000000000
  0.00000290655491322  0.00000329002093201  0.00000353215040573  0.00000373830022210
  0.00000395659317008  0.00000419624575375  0.00000444989978643  0.00000472686204036
  0.00000502238743865  0.00000535482652307  0.00000572092460909  0.00000611881925787
  0.00000653183258555  0.00000695851089380  0.00000742482894612  0.00000794769434841
  0.00000854449206319  0.00000921381223255  0.00000999265338126  0.00001086040824029
  0.00001193132304835  0.00001313044081131  0.00001448896350520  0.00001615593698912
  0.00001788033377311  0.00001963243254236  0.00002147709692819  0.00002358834011319
  0.00002585682958897  0.00002851839834533  0.00003151684600783  0.00003504752332360
  0.00003909178477854  0.00004362300874779  0.00004867269341874  0.00005420208992442
  0.00006033579636588  0.00006668024796834  0.00007303996098700  0.00007967133713111
  0.00008641621209881  0.00009433770282435  0.00010274194521014  0.00011154138908146
  0.00012104615923046  0.00013161524155095  0.00014394393767080  0.00015705431409019
  0.00017154885071136  0.00018725104273428  0.00020387092218479  0.00022122990328048
  0.00023846122818826  0.00025758101138839  0.00027845999142135  0.00029985623514215
  0.00032220084544473  0.00034392931877827  0.00036606951968890  0.00038982031505643
  0.00041492605915743  0.00044643430357559  0.00048080396645494  0.00052534073205460
  0.00057568667910300  0.00062458413371629  0.00066514418702880  0.00070581274004375
  0.00075500906248036  0.00080704672305330  0.00086084664704531  0.00091781349992991
  0.00098044775958626  0.00105320552076194  0.00113056127469128  0.00121027016225225
  0.00129713990184495  0.00138367806920839  0.00147563289357868  0.00156763826976812
  0.00167838030152969  0.00181625985985121  0.00194814006364495  0.00207367039771917
  0.00221806320415688  0.00236652170514937  0.00278186604213935  0.00303994586547197
  0.00324090022364029  0.00345551596328505  0.00369939610437779  0.00394962908655154
  0.00469940003515948  0.00633541885992516  0.00937985196909496  1.00000000000000000
 -0.00368905884423309  0.01794016750699547  0.03650962280244610  0.05420461091004843
  0.07086700752328577  0.08523673047348336  0.10111927746547857  0.11591289806671028
  0.13048942005672107  0.14581020987651153  0.16105703728024987  0.17441029827779070
  0.18679729867797251  0.19939575930987974  0.21257489284101155  0.22700053138242884
  0.24255780263354776  0.25782997509040351  0.27287395499898076  0.28820611622451908
  0.30528143412620895  0.32163795992290956  0.33453941512943153  0.34673590572692226
  0.35870967734190340  0.37020029988640024  0.38148724706764892  0.39213544857499849
  0.40284407114391890  0.41320715158969828  0.42348631955775429  0.43363975956266365
  0.44501447518714243  0.45699802885724711  0.47015531997764121  0.48205048653966820
  0.49280655038672283  0.50239629181299261  0.51232830665904838  0.52264510195518854
  0.53276002455403337  0.54278221244795577  0.55325699207328927  0.56338935419965241
  0.57305864204339441  0.58258314334604933  0.59209987807342979  0.60109306845631461
  0.60992421045945200  0.61872162808642772  0.62823961529760375  0.63790354819812667
  0.64650406355541001  0.65496882284321456  0.66377182572546589  0.67202049903312699
  0.68044324373079146  0.68885796280878875  0.69757337379372031  0.70751223106496219
  0.71817281121272414  0.72964662722735485  0.73944265213644211  0.74907762011976697
  0.75796492736759857  0.76715205652371266  0.77677237125937459  0.78626978684349058
  0.79523294271260159  0.80387695969435113  0.81224734700561263  0.82090175057301584
  0.82979387992365994  0.83875030136685158  0.84783242568190764  0.85660054516748763
  0.86468857808241839  0.87229059761855743  0.87953424262071356  0.88690435841832471
  0.89466463671761176  0.90260672603283898  0.91042622649071858  0.91801385667658542
  0.92579690156547056  0.93353331405237716  0.94056341530560084  0.94744239398068886
  0.95469421159757273  0.96165833963146685  0.96832589446632922  0.97490343827543791
  0.98116968893177126  0.98740282538037349  0.99370952511627919  1.00000000000000000
 -0.00207816407756770  0.00945334972942153  0.01869456096042969  0.02840625321513583
  0.03868203796443890  0.04922827542291505  0.05937219017643523  0.06989644501183612
  0.08107379938939331  0.09198050114793034  0.10273028122512112  0.11317320496343561
  0.12328214544529839  0.13330162255204187  0.14334199593630784  0.15385621594227525
  0.16484804718846749  0.17542712283926620  0.18544019122147293  0.19537225426181057
  0.20527102681307147  0.21581499473195756  0.22632019634782441  0.23700823367760632
  0.24833644295353893  0.26046736943172749  0.27243717602380929  0.28443818830854489
  0.29581926841075795  0.30734803732182714  0.31812706304337846  0.32764539534826287
  0.33797614822884847  0.34877655536617086  0.36010595256326838  0.37081965774818293
  0.38365404926560065  0.39737512126176389  0.41056094464491272  0.42281652812123005
  0.43321413206178000  0.44365244107776342  0.45417928653932355  0.46395688710204180
  0.47434976031858600  0.48582585976333914  0.49706188340887997  0.50765215902807082
  0.51759401456980314  0.52840319000779079  0.53961843879679816  0.55045998645970229
  0.56067793416323441  0.57090812082112719  0.58121322856233781  0.59208285035788821
  0.60292849496722689  0.61427641450606574  0.62497501320816673  0.63625677261152314
  0.64838319657382359  0.66145802168936629  0.67457131567670037  0.68648343259548750
  0.69737830887335994  0.70798512740707598  0.71838728851291178  0.72806522068474333
  0.73761128041266344  0.74721984437472377  0.75658306578802770  0.76599961407585271
  0.77540039084203649  0.78514319752649431  0.79456048423962733  0.80358355221330102
  0.81268948803082841  0.82197993358440669  0.83202869361198528  0.84307364094370363
  0.85470052012503361  0.86520636761085035  0.87552688094978304  0.88660755284966708
  0.89809628394724372  0.90899803742276442  0.91935337673475914  0.92924989571362926
  0.93925557647849867  0.94897008769118674  0.95817378450124535  0.96642673146137137
  0.97497739999979927  0.98349784297301512  0.99187410417910682  1.00000000000000000
 -0.00571744546799747  0.02586770300553092  0.04803051546453497  0.06557448304635802
  0.08136366640409617  0.09669948010987621  0.11181319106499180  0.12695644699377975
  0.14142280130904486  0.15410215051760989  0.16545459412185934  0.17611518951526578
  0.18681409017161701  0.19787474152994491  0.20895690877866907  0.22105102762836695
  0.23341764372468668  0.24587367457139322  0.25832090196481194  0.27072649940617649
  0.28209327695630954  0.29329733332746710  0.30358612931776635  0.31462431479773245
  0.32569154969105091  0.33639735250887920  0.34724782039477636  0.35849203515844413
  0.36966749947872812  0.38108181599503488  0.39257477826425397  0.40419676747118294
  0.41567212265702552  0.42700559323855602  0.43848230921886650  0.44985254983021056
  0.46135638704404680  0.47327354122892495  0.48579946355785747  0.49916224908566487
  0.51305835087906526  0.52701147523272018  0.54038525714989671  0.55204940774871958
  0.56214746736261478  0.57197569253162617  0.58186782572033635  0.59198435476685074
  0.60236630662338708  0.61348731882300045  0.62486165707155350  0.63500215549677064
  0.64441473343281774  0.65458385113244189  0.66564436624532319  0.67762063119842431
  0.68945831302338534  0.70300581538188223  0.71564613902793450  0.72662393483225607
  0.73646838082020427  0.74635654140422669  0.75717506011003033  0.76785171236983230
  0.77804108061309873  0.78825795831744339  0.79836806703210306  0.80835389858549056
  0.81754213487245120  0.82598730820790955  0.83470532515751961  0.84358499874796744
  0.85198632861661372  0.85957586037901845  0.86700004730976410  0.87492853362112843
  0.88286231363365553  0.89051976774743125  0.89758455032627049  0.90494749645562100
  0.91232820124935121  0.91919970259874362  0.92474652935383672  0.92988928087137313
  0.93520218145027911  0.94011583123569553  0.94602037054250987  0.95128177238640110
  0.95710639978345746  0.96293493203996139  0.96827982999798068  0.97333423689311160
  0.97872796571221243  0.98488452257556525  0.99188653066014620  1.00000000000000000
 -0.00243872128534265  0.01013426443049551  0.02046720341368608  0.03125982866330489
  0.04203469737201193  0.05226606422896975  0.06372263700195491  0.07540943789009878
  0.08621680582374289  0.09644166568122110  0.10648285748030746  0.11685595987816680
  0.12693784931284730  0.13722124707019578  0.14786436101054948  0.15664683273327756
  0.16432074965995491  0.17214367864412694  0.17989002659799294  0.18970759523155203
  0.19928479374102853  0.20935600654217668  0.21972247417204246  0.22929711285961574
  0.23852467375066050  0.24766193921577456  0.25742315738642052  0.26772464233645910
  0.27801299239527499  0.28824094853910559  0.29808112777744639  0.30761632097660130
  0.31682067301805900  0.32583166266636560  0.33527253630247911  0.34479959820968459
  0.35234434220189076  0.36169778776620753  0.37136014738519019  0.38135158460650337
  0.39209454650070202  0.40404132674760951  0.41689931778403699  0.42826472438089658
  0.43981245409470671  0.45185991965214983  0.46525183517374197  0.47841075217990736
  0.49074360650812188  0.50255559569070452  0.51529454777977379  0.52672289468196232
  0.53783925431582691  0.54953959290894405  0.56113921101496900  0.57275849094880737
  0.58430538350731054  0.59668792944334181  0.60880313456867674  0.61925182087619357
  0.62891781790316192  0.63764714799018918  0.64647452360001900  0.65564856570816621
  0.66543395447927867  0.67576048706728298  0.68639200785819310  0.69748447723582552
  0.70844818023198308  0.71926562909304681  0.73070606193664733  0.74272601642857294
  0.75402283020049943  0.76407482883394062  0.77433627523700810  0.78483845716619727
  0.79537482894191736  0.80543198627834356  0.81570535202948768  0.82659598554397562
  0.83804494410441277  0.85052812903692609  0.86344011284235767  0.87564008732183962
  0.88734861918187802  0.89767251990492214  0.90713647878325254  0.91675912158240214
  0.92691142501100021  0.93745394358181933  0.94787730092683975  0.95770211994839294
  0.96757516322894455  0.97795227553910802  0.98906679039903467  1.00000000000000000
 -0.00248784306133755  0.00865361843108128  0.01878431736397715  0.02895281961112130
  0.03977004504728453  0.05011595430592165  0.05894693670991760  0.06762140666513607
  0.07613201741222805  0.08521004052507197  0.09469122426952963  0.10556304367236446
  0.11803750645665381  0.13029521703801072  0.14203138067708782  0.15383182507315818
  0.16570801242854466  0.17698496345883935  0.18784342561228426  0.19722627869536127
  0.20685487552144607  0.21722918194210289  0.22756393860938096  0.23777427620085187
  0.24739435668939197  0.25728905200829932  0.26698150293023032  0.27668640678042716
  0.28686525217353931  0.29736524347711912  0.30784132512462153  0.31861355462165469
  0.33017235929060068  0.34209380634433417  0.35417980860925102  0.36709256852915045
  0.37978830972537647  0.39065920331204501  0.40125854192813831  0.41202029302237819
  0.42311496919620212  0.43449231227586044  0.44660541069225734  0.45775199229267194
  0.46830410613464313  0.47870229203678288  0.49006123874331592  0.50165323574074550
  0.51173943001613109  0.52107160101561933  0.53035387341853379  0.54011981993131963
  0.55112632993432897  0.56221963760467109  0.57240264659560758  0.58136194320571932
  0.58970869553406979  0.59819286178981923  0.60758063683091612  0.61709639677160999
  0.62622948839219639  0.63661401727800593  0.64708881470078661  0.65696349436582258
  0.66666273153842304  0.67601060060123763  0.68559731433169380  0.69565735361732661
  0.70597306843147489  0.71674294552809781  0.72732788173691443  0.73812470180299639
  0.74932594842994482  0.76080682734238225  0.77250494274763870  0.78464398227888732
  0.79680622493529074  0.80869349672990698  0.81921239442562910  0.82937348638952746
  0.84031446136951171  0.85114250755775056  0.86237655619334852  0.87253209976852963
  0.88310369870598626  0.89420727165480085  0.90551987580254634  0.91700332264961082
  0.92689609306616538  0.93658973485835029  0.94731348391322878  0.95908268795138818
  0.97032852753979126  0.98047222452541583  0.99049649145234753  1.00000000000000000
  0.47914178728651807  0.50032354260897660  0.52169052478397637  0.53945343883976160
  0.55734839209401821  0.57394146046322614  0.59004421739837853  0.60560204327490619
  0.62098468535140883  0.63525788196114075  0.64829755424890145  0.66047714592593454
  0.67244417678016910  0.68417131327289538  0.69491413701373972  0.70468134375779545
  0.71403478703664891  0.72288526593292457  0.73115839195899568  0.73935234809496753
  0.74743645031463102  0.75557340450516242  0.76400277349079559  0.77248696523112470
  0.78072891240967190  0.78848558509681999  0.79547415588793891  0.80189755445615274
  0.80824113835333100  0.81449950008814331  0.82052137372896072  0.82629761256807577
  0.83180438191491501  0.83690472222749035  0.84195794961986137  0.84703418801702246
  0.85227979091550876  0.85696241881385915  0.86124299207680066  0.86539471236192400
  0.86944386570725585  0.87340619891433768  0.87734784907183061  0.88112442852750505
  0.88499769553394192  0.88875501130571855  0.89247339082395027  0.89595299429422781
  0.89934059652930587  0.90264391852982628  0.90592420619632341  0.90919795514829227
  0.91244857285855607  0.91576295316646239  0.91907620294880465  0.92231466031030129
  0.92545419321330602  0.92845329848754898  0.93135727213183361  0.93409014246159183
  0.93663759016179982  0.93909193242385458  0.94151714934808428  0.94390282808900938
  0.94623081924539676  0.94849302702018490  0.95068699962691228  0.95293369571200359
  0.95520089165346611  0.95744705060195456  0.95962058234548420  0.96169752323576907
  0.96369933262292262  0.96566640142534743  0.96756667789541306  0.96936996606071302
  0.97118770043342395  0.97303241182279221  0.97477755885593564  0.97647021129273148
  0.97812999256089539  0.97974212814657879  0.98129164741500874  0.98279385929956331
  0.98423598810262281  0.98570575168769869  0.98720092857126573  0.98869981862216882
  0.99020270754418760  0.99167586163798671  0.99308339808452006  0.99437060538309940
  0.99564741559119607  0.99696331763302559  0.99841019208317916  1.00000000000000000
  0.01128639796651337  0.07727464102038026  0.11657186947194875  0.13390327487344486
  0.14806977317208725  0.15986344971591362  0.17201313378187971  0.18359761593900004
  0.19426587256841055  0.20392286686238678  0.21424127340670585  0.22512412975404006
  0.23549102405796654  0.24503432212066803  0.25414237405991480  0.26301440051142727
  0.27151760659451207  0.27913032169247570  0.28614777150401027  0.29271571927169754
  0.29910789140798000  0.30560230658901216  0.31223162748376487  0.31885460118630454
  0.32530932082211189  0.33189646778554915  0.33923729172448364  0.34763718961461632
  0.35612882519026900  0.36408674968302163  0.37213430142916198  0.37941373524655658
  0.38685323518972564  0.39397633596327514  0.40136731997435460  0.40872326023118738
  0.41593949048774559  0.42266113056462112  0.42891121361226425  0.43516168932500293
  0.44180802676999320  0.44902971788489560  0.45669516630094942  0.46404431403375762
  0.47052575224041804  0.47619276237761921  0.48217077113559953  0.48827077772639527
  0.49441358937826774  0.50099553502301852  0.50709968880870471  0.51396117387883888
  0.52170586070546376  0.52941607137315283  0.53671770110600237  0.54355164997818206
  0.55022327088593259  0.55748241178788238  0.56461380062683375  0.57159278544952419
  0.57852152314553407  0.58514468678826626  0.59180804483672589  0.59841820338958385
  0.60551264924706238  0.61327962341650555  0.62121880878951830  0.62909536051826753
  0.63659993758686095  0.64308867932937119  0.64997398911759297  0.65706984270015312
  0.66512197773968673  0.67305930705797012  0.68046042289715203  0.68772699691094785
  0.69559202100661854  0.70403824440337759  0.71216367957427318  0.72028147641183238
  0.72835083707691184  0.73664101652331160  0.74514284786099083  0.75415184977301908
  0.76365478905576811  0.77245785064222017  0.77981831823812808  0.78738642869565811
  0.79553516020013915  0.80420805201099999  0.81351216941327409  0.82308366683338186
  0.83124236031183396  0.84136188679248658  0.85643357224182004  1.00000000000000000
   4.9159230421917286E-008  -1.0000000000000000     
 F F F F F F F F F F F F T T T T F F F F F F F F T T T T F F F F F F F F T T T T F F F F F F F F T T T T F F F F F F F F F F F F F F F F F F F F F F F F F F F F F F F F F F F F F F F F F F F F F F F F F F F F F F F F F F F F F F F F F F F F F F F F F F F F
  <DiscreteSampler_grid>
  grouped_processes
  1 # 1 for a reference and 2 for a running grid.
  10 # Attribute 'min_bin_probing_points' of the grid.
  1 # Attribute 'grid_mode' of the grid. 1=='default',2=='initialization'
  0.0000000000000000 # Attribute 'small_contrib_threshold' of the grid.
  0.5000000000000000 # Attribute 'damping_power' of the grid.
 # binID   n_entries weight   weight_sqr   abs_weight
    10   10   4.399708075385613E+000   9.229033534424639E+001   4.399708075385613E+000
    16   10   4.399708075385615E+000   9.229033534424646E+001   4.399708075385615E+000
  </DiscreteSampler_grid>
