  0.00000292217158587  0.00000658387130952  0.00001024577338362  0.00001383234780472
  0.00001758285797624  0.00002200377281654  0.00002694723809876  0.00003205831625603
  0.00003735342102635  0.00004296580970590  0.00004829654539456  0.00005380943366505
  0.00005940071765402  0.00006532723113707  0.00007000965100667  0.00007520139545331
  0.00008057706327042  0.00008704649560429  0.00009427616673721  0.00010206699196152
  0.00011068028511035  0.00011911768572155  0.00012814802712562  0.00013668793667515
  0.00014666224022704  0.00015717460575071  0.00016781671602440  0.00017802859467325
  0.00018606689822306  0.00019511407101797  0.00020403118217905  0.00021422537927887
  0.00022553495540447  0.00023674501566178  0.00024716778930945  0.00025784480424161
  0.00026818272245087  0.00027960821653218  0.00029223094905222  0.00030566478516667
  0.00031781265275074  0.00032937340111655  0.00034226785975305  0.00035635946426337
  0.00037024263968607  0.00038512535048291  0.00040250407341872  0.00042052098194200
  0.00043708481166679  0.00045509977550200  0.00047430081591009  0.00049263115558590
  0.00050845901480999  0.00052313847876754  0.00054060159014833  0.00056283047166501
  0.00059027999044570  0.00061941955382999  0.00064627242441789  0.00067335111376793
  0.00070179652753015  0.00073347390049360  0.00076840819942342  0.00081060957078590
  0.00085668458529564  0.00090035698645603  0.00093800406040799  0.00097186066643681
  0.00100515404232749  0.00103834464326586  0.00107001432376038  0.00110104594005842
  0.00113775167306230  0.00118020982084642  0.00122468174525281  0.00126876640196044
  0.00131702688019388  0.00137314031063524  0.00143516143104759  0.00150587244889593
  0.00159423498487435  0.00167375189819360  0.00184597565077175  0.00209701778354451
  0.00224465591655507  0.00239229404956563  0.00372714713705227  0.00600061186747654
  0.00827407659790082  0.01098151368000256  0.01415787499837701  0.01733423631675145
  0.02132539359105562  0.02627346267234893  0.03092976268063174  1.00000000000000000
  0.00000187515913055  0.00000326396029929  0.00000445936494516  0.00000557825531541
  0.00000689610950405  0.00000816536897468  0.00000944760938593  0.00001080124998185
  0.00001217123042392  0.00001354214296640  0.00001500441968055  0.00001665959475615
  0.00001837801063639  0.00002010551280486  0.00002180026752572  0.00002344714480576
  0.00002515305873186  0.00002684838114172  0.00002888292954702  0.00003131084580596
  0.00003355303645325  0.00003535245797972  0.00003687676515332  0.00003847493837969
  0.00004032334180921  0.00004285778060248  0.00004585213709603  0.00004953072197490
  0.00005383350962998  0.00005780955686569  0.00006180929822751  0.00006607749203521
  0.00007034930082674  0.00007423264491322  0.00007829562358196  0.00008243028482790
  0.00008702397070857  0.00009225896048966  0.00009798648531421  0.00010375928047317
  0.00010913589299367  0.00011411568638730  0.00011835723504275  0.00012289580346853
  0.00012761149306542  0.00013277024507903  0.00013835443342710  0.00014457767576279
  0.00015115527682165  0.00015819691061644  0.00016497336535693  0.00017161140012979
  0.00017990343520498  0.00018863727823325  0.00019696077098826  0.00020582606901717
  0.00021483120379069  0.00022403403744419  0.00023383025454982  0.00024391181442522
  0.00025471335756919  0.00026686415733669  0.00028080358490678  0.00029623183960438
  0.00031191671025630  0.00032742006886824  0.00034244675538006  0.00036444815361131
  0.00038397213680732  0.00040189033560968  0.00041746589259783  0.00043743323939903
  0.00046292703403571  0.00049367609559732  0.00052194863963562  0.00055245477137365
  0.00058254225211006  0.00061381524796657  0.00064408735011505  0.00067582660321973
  0.00071026528253127  0.00074108388231767  0.00078565087705242  0.00085376705916998
  0.00092076297559939  0.00097509432615892  0.00105641925874116  0.00114178550647219
  0.00121299804774904  0.00129653346478976  0.00138543293093863  0.00167474252966716
  0.00240516725815808  0.00418117271116934  0.00905145895758078  1.00000000000000000
  0.00000077803356452  0.00000089166214269  0.00000098519551960  0.00000106545334798
  0.00000114817471759  0.00000124946890516  0.00000136374155134  0.00000148433011501
  0.00000162073584580  0.00000179795505328  0.00000201407386262  0.00000226278700069
  0.00000252642392385  0.00000278573331682  0.00000303075895967  0.00000325618568601
  0.00000345125981695  0.00000364187913157  0.00000389132739914  0.00000412633494718
  0.00000436809222366  0.00000462413068075  0.00000491183652508  0.00000529555692038
  0.00000577042543904  0.00000625610365540  0.00000676777612837  0.00000727400414701
  0.00000781047514566  0.00000832607943738  0.00000884308285230  0.00000939069077785
  0.00000997683923830  0.00001058311560060  0.00001109456166360  0.00001165877739700
  0.00001228182559559  0.00001303305092645  0.00001385884771093  0.00001470568105695
  0.00001564528571181  0.00001664384766144  0.00001757532286135  0.00001839955461847
  0.00001922276360006  0.00002020442746198  0.00002132156743513  0.00002231272168766
  0.00002331517503107  0.00002444500045965  0.00002584791035341  0.00002739150328321
  0.00002893056207561  0.00003054040824295  0.00003227910419250  0.00003395910556773
  0.00003542183652983  0.00003691514262508  0.00003861487789808  0.00004083432585035
  0.00004311476870565  0.00004514539748505  0.00004731862051673  0.00004980681615112
  0.00005257279785943  0.00005576827302556  0.00005887784845196  0.00006178523990455
  0.00006470354422979  0.00006785413467246  0.00007130153443406  0.00007515627655585
  0.00007921140676107  0.00008333667347552  0.00008743931134832  0.00009140050392185
  0.00009531605798531  0.00009942410591973  0.00010336039420367  0.00010810878822400
  0.00011375557689179  0.00011979160962192  0.00012808745041556  0.00013823723692545
  0.00014945025308129  0.00016245056327014  0.00017782383466473  0.00019323222317605
  0.00021465704684205  0.00023988264217977  0.00026615169895200  0.00029438126094365
  0.00033586401194627  0.00046423891307764  0.00070144805340406  1.00000000000000000
 -0.00120164326373938  0.00693385338324637  0.01437092432642868  0.02294840503727270
  0.03062374718115509  0.03858604458399516  0.04753234680847201  0.05792912796750165
  0.06845743384152882  0.07902080612179330  0.09252185798533141  0.10526387681636813
  0.11759474942977349  0.12961212137941230  0.14171832388763009  0.15320464068982378
  0.16415946188367997  0.17617172068612744  0.18845123722759649  0.20064006705632356
  0.21320781347118456  0.22461789145598332  0.23523066216030064  0.24643635887044998
  0.25949738143732820  0.27463544258101169  0.28853674111351568  0.30171358441143498
  0.31370212336312925  0.32263184834476355  0.33122237347870864  0.34078937291480238
  0.35051040113501419  0.36013134352900916  0.36996634385081661  0.38012533816764543
  0.38946203222281184  0.39963908952917210  0.41031293999322332  0.42375087373027753
  0.43888682055811590  0.45185231637124923  0.46297035473499626  0.47331367939088287
  0.48413575534331860  0.49199183522041179  0.50042371196002122  0.50909130077653963
  0.51830502537508660  0.52949039340037107  0.54085032265242550  0.55162931065645615
  0.56231624367270416  0.57031194132427387  0.57631783286281402  0.58211354123637782
  0.58937705342723412  0.59735050707084292  0.60472697355396920  0.61268512169721334
  0.62105284223406154  0.63310003291592321  0.64417559083681941  0.65569481133651142
  0.66690430109906718  0.67738046058182999  0.68754456011740939  0.69905337626225572
  0.71158837422464438  0.72399030469204606  0.73508954180514496  0.74632966539329659
  0.75859123774690940  0.77016049084114724  0.77977467757732577  0.78861825912976713
  0.79685709652748815  0.80665072799426230  0.81851429106134632  0.83054260059839768
  0.84133078177900811  0.85123611791250586  0.86265128626806420  0.87541674934870650
  0.88767520714643910  0.89846677220983795  0.90728212328863023  0.91704790749640153
  0.92590885740173134  0.93629271595347729  0.94643234572260093  0.95548595918776247
  0.96456796046075233  0.97422260852549791  0.98588068334677015  1.00000000000000000
  0.00008221143890213  0.00018975502078589  0.00027297938524401  0.00034573878767006
  0.00041226027595520  0.00047166877414329  0.00052721239231274  0.00058257571245411
  0.00063701746243052  0.00069167540283525  0.00074458467435285  0.00080203445693582
  0.00085982793892708  0.00091956784448013  0.00098056679780891  0.00103794801950621
  0.00109029781389030  0.00113990841225818  0.00118679189887822  0.00123778590413850
  0.00128936792030929  0.00134906679809548  0.00140061477982097  0.00145068709392673
  0.00149967151289755  0.00155124623178975  0.00161094418746049  0.00168155447039148
  0.00175656379887567  0.00183042478400150  0.00190862284563384  0.00198079050321617
  0.00204695671721475  0.00211388774899973  0.00219302960726992  0.00227566154331691
  0.00235869514833855  0.00244235180478433  0.00252453731655844  0.00260917734438518
  0.00270411547062145  0.00279395079032899  0.00288894054930736  0.00300769563427591
  0.00314244010323132  0.00325951686390903  0.00336174470647610  0.00346206155899139
  0.00355655361414787  0.00366441972026720  0.00378817320326242  0.00393834050001119
  0.00405213633056552  0.00412710892413795  0.00419735982394395  0.00425719045634626
  0.00432678793968782  0.00440082635048494  0.00443945737988412  0.00449483509171058
  0.00455985754737444  0.00463894699589045  0.00477901679776997  0.00516338055070322
  0.00528547615225272  0.00537560921689403  0.00545967950583882  0.00552270169594205
  0.00558710181949021  0.00576447296407344  0.00607817481061453  0.00635041542307905
  0.00658029756332873  0.00679282782506391  0.00701771014599545  0.00736648639490427
  0.00758140622411114  0.00770828780879050  0.00785923400029909  0.00804208967788305
  0.00858375948026673  0.00861157146224463  0.00862296960826666  0.00863436775428869
  0.00864576590031072  0.00865716404633275  0.00866856219235478  0.00976794808424768
  0.01102414948986579  0.01228035089548392  0.01353655230110203  0.01479275370672015
  0.01604895511233827  0.01730515651795640  0.01856135792357458  1.00000000000000000
 -0.00182886090708121  0.00806672257030711  0.01711906121083133  0.02749780395816506
  0.03707300367043737  0.04833817828120793  0.06109282500849401  0.07109952896227298
  0.07976348309442650  0.08833170139744341  0.09662703609237024  0.10523012884741628
  0.11434106865067428  0.12261320944736108  0.13088956600152465  0.13928157205220174
  0.14752154186585162  0.15631516304539553  0.16537937813813439  0.17633573486531073
  0.18584744300352921  0.19467699347521575  0.20352268284651731  0.21335213698654848
  0.22456101145224711  0.23672654784985225  0.24915800045937356  0.26050083230446619
  0.27235896681605376  0.28439194103686771  0.29648273564836169  0.31056210056665717
  0.32031281414038243  0.32876519433020024  0.33640396360221114  0.34463399553425894
  0.35403501855547592  0.36349744640109016  0.37438663352025053  0.38581058434736737
  0.39861771534051815  0.41109493466288999  0.42478853990759036  0.43834801894211450
  0.45154628060800939  0.46466249477353710  0.47721940918550998  0.48909448557090063
  0.50231834152033761  0.51155479200666931  0.51975779336275385  0.53037478340775235
  0.54300362667452051  0.55569504437998718  0.56991148001139624  0.58404650238115141
  0.59722327655210383  0.60950695966950430  0.62244177071442552  0.63580779861749837
  0.64923750163409744  0.66361618320432070  0.67263570150143426  0.68032511192813350
  0.68831790544839022  0.69811813825404967  0.70990409965240764  0.72157700139394132
  0.73248210798769453  0.74278118043213204  0.75272325774635940  0.76263254427919847
  0.77241241353178280  0.78147097362466089  0.79092799591430807  0.80030000237357313
  0.80950827118082680  0.82030302238597519  0.83029905987779040  0.84032887253019195
  0.85050400410162164  0.86039546993455807  0.86940819866747854  0.87792729592354513
  0.88642515436302027  0.89471250880062603  0.90349010111814909  0.91342052579713140
  0.92442845222748815  0.93587266054917428  0.94683030138359936  0.95658920313244944
  0.96460317615423996  0.97422035130406470  0.98537448236565306  1.00000000000000000
  0.00005281672753165  0.00008550923757785  0.00008566629251422  0.00008581281876668
  0.00008596620024039  0.00008612250974806  0.00008628459199529  0.00008644250517755
  0.00008659821092792  0.00008675301987313  0.00008690097984660  0.00008703457381502
  0.00008716886220327  0.00008730610546395  0.00008745099344008  0.00008761539021347
  0.00008778927398268  0.00008795958494568  0.00008811906220149  0.00008827385376008
  0.00008841145217680  0.00008853659692504  0.00008865568831063  0.00008877119989526
  0.00008888864757723  0.00008902963559277  0.00008919130230991  0.00008935105141286
  0.00008950215873787  0.00008965360363565  0.00008980805344693  0.00008995961282588
  0.00009011024161163  0.00009026258776145  0.00009041819027664  0.00009057205772294
  0.00009072775450454  0.00009089196051736  0.00009106276987700  0.00009123908569464
  0.00009141070738853  0.00009156970940303  0.00009172627924646  0.00009188863045152
  0.00009205206231879  0.00009221739362629  0.00009238373604895  0.00009255192410211
  0.00009272085268625  0.00009288438307210  0.00009303990028995  0.00009318922487680
  0.00009333539866402  0.00009348087812706  0.00009363885231106  0.00009380106831260
  0.00009396471202261  0.00009413003632729  0.00009429974133654  0.00009447111975241
  0.00009463169325728  0.00009479323025679  0.00009495587866662  0.00009511699442777
  0.00009529567530655  0.00009547223077741  0.00009564915965079  0.00009583162108943
  0.00009600541052965  0.00009617578103353  0.00009633947870314  0.00009649920422437
  0.00009665593613849  0.00009681137146590  0.00009697298092027  0.00009715085648889
  0.00009733258064327  0.00009750839660469  0.00009768484833570  0.00009785785685055
  0.00009803232318061  0.00009819515424406  0.00009834840497465  0.00009850606483532
  0.00009866348190084  0.00009884700192712  0.00009903219494088  0.00009922679751524
  0.00009942306305957  0.00009962108136412  0.00009976580700685  0.00009987384297770
  0.00009998413186902  0.00009999375588297  0.00009999375623621  1.00000000000000000
 -0.00138416114028658  0.00533533778522687  0.01232455805526505  0.01928787564068181
  0.02683877518882827  0.03447727491510615  0.04138450557827902  0.04911403921679289
  0.05747190513923237  0.06558350614837674  0.07327154771274326  0.08074755481057926
  0.08821354053779505  0.09596251861922743  0.10394475623364598  0.11178017448484616
  0.11952772875611054  0.12708495005169024  0.13504829307034116  0.14320679032071443
  0.15045391479829057  0.15765474841603477  0.16481801099777879  0.17236198151858001
  0.18137616478150367  0.19138286661265386  0.20168264406214872  0.21324495814293642
  0.22606744020267236  0.23865866579295028  0.25047288969437331  0.26136330251407930
  0.27175236929448693  0.28239434104960337  0.29442542999255789  0.30766131774170619
  0.32179029583080543  0.33703804856855585  0.35429867036497925  0.37275215961491909
  0.38993509750200284  0.40610078327482252  0.42164515762793497  0.43329089494988793
  0.44413764247951160  0.45614537976256392  0.47256292168402175  0.49815879309393302
  0.51695267053554006  0.53266865717057832  0.54971721023425135  0.56971733451464002
  0.59203306780718712  0.61463183586186831  0.63275351970969074  0.64738007632302741
  0.66167002616871928  0.67775364145252570  0.69369283234954371  0.70576282822189307
  0.71487550651566412  0.72316170517779443  0.73229118025592976  0.74453375915311604
  0.75575412024960442  0.76529177670645476  0.77360915101998440  0.78140366536396699
  0.78940497388490904  0.79802137285047670  0.80830344332870119  0.81848451219993024
  0.82823448049364534  0.83716986436924345  0.84505737015157545  0.85362734804088136
  0.86341241052319528  0.87486451755087535  0.88452142384533072  0.89231388068914019
  0.89917523716788417  0.90519984994212643  0.91032280605930593  0.91525423394931515
  0.92048642077851273  0.92708048104051455  0.93592715971108087  0.94441277774261623
  0.95277258140300292  0.95937186909327887  0.96577196508247454  0.97226003398133887
  0.97889692221124447  0.98545763563991240  0.99226817446173587  1.00000000000000000
  0.47342870787030533  0.57487300079784232  0.65606008082512579  0.70248089998443008
  0.73484984356903627  0.76126237714986500  0.78154519417894308  0.79867684778289216
  0.81474260864248715  0.82862035261782807  0.83991101570452709  0.84936530705683688
  0.85773921069972414  0.86565206188259924  0.87315403561609028  0.87929058786207048
  0.88519515390454195  0.89080643480823740  0.89636385729884160  0.90162341770642518
  0.90591881929014895  0.90950544984078829  0.91290353442763827  0.91605937262813752
  0.91906720875647530  0.92207476144741085  0.92487325843031143  0.92748806415500995
  0.93006343218436738  0.93271497381458934  0.93538554318567990  0.93794446914504670
  0.94002882591704717  0.94190370634960163  0.94377379498772207  0.94579450325282644
  0.94772468677020949  0.94955974147723987  0.95131349765035045  0.95308622301712331
  0.95488172023118556  0.95670072989862087  0.95843695393293271  0.95997478532735225
  0.96141155083104612  0.96277692208382093  0.96408447458040059  0.96537277378212483
  0.96657363170853372  0.96772298263906886  0.96890255868974340  0.97000017707889841
  0.97098090804093395  0.97192300945319920  0.97284006044867399  0.97383123350436707
  0.97491598421683168  0.97619409879562880  0.97736715688449760  0.97829567280634955
  0.97916153569700448  0.97987900869917099  0.98070607136491406  0.98149362562760090
  0.98222426467025170  0.98292697721690958  0.98360539608789532  0.98422656967499844
  0.98482682882964268  0.98545929366861307  0.98609812862567769  0.98682461523084564
  0.98756555242826349  0.98828874142617817  0.98896767725093371  0.98965036133896112
  0.99027504369151065  0.99088708822933080  0.99152126749033687  0.99206271632250231
  0.99253012836327092  0.99305649905029214  0.99349323145323298  0.99389790572818082
  0.99429767760228438  0.99471149780100698  0.99515194193548429  0.99560417388852995
  0.99598012910569200  0.99631123195593418  0.99671610556872325  0.99712516086962566
  0.99755463965770363  0.99822558772837389  0.99903725152321887  1.00000000000000000
  0.11354227068476716  0.18813478721503396  0.23232801594934152  0.25312710323455589
  0.26131451724367566  0.26846918439139067  0.27492693547849156  0.28165634050881150
  0.29125675022140846  0.30254843073672777  0.31302062618205384  0.32110285222526991
  0.32994046127950560  0.34042440948228808  0.35243801961503357  0.36379391916607645
  0.37360649416862102  0.38335713122144810  0.39358625469325592  0.40343832126388729
  0.41266655563781784  0.42167206220385167  0.43073758153469333  0.43948970466239129
  0.44825929295286893  0.45713085175764739  0.46565245840886932  0.47361901265145623
  0.48094956208327660  0.48685798611938136  0.49298413619676240  0.49936092219122274
  0.50601431086742288  0.51329115982260010  0.52077490735493182  0.52822818080114131
  0.53609823550047864  0.54333326108263569  0.55023774840728146  0.55687518661415991
  0.56302667057604916  0.56917842419269515  0.57613212401077052  0.58311636531672206
  0.58992523169193833  0.59675076648981362  0.60349283690790234  0.60998840326584136
  0.61648906320309649  0.62286665472518443  0.62877148607684352  0.63347758749872907
  0.63752620032048313  0.64173394232433878  0.64641816031911814  0.65173275252198859
  0.65775109954958333  0.66450707163748357  0.67085435404048133  0.67692258588302023
  0.68356967066949192  0.69076127098360007  0.69775669698850573  0.70398154444872219
  0.70961431108220785  0.71508753011855453  0.72042510028136508  0.72551950766424000
  0.73044388331297339  0.73552975561709089  0.74088410588405007  0.74636096212729397
  0.75199089810623898  0.75807214527444378  0.76430414045469230  0.77092613976790691
  0.77765881108452184  0.78445973755663889  0.79119685495533498  0.79812176310071614
  0.80537229257417997  0.81271041347120154  0.81931628004345181  0.82475333915133398
  0.83053247866490632  0.83716611889581605  0.84501788817896351  0.85377834862807578
  0.86100576292037656  0.86840872674006053  0.87590406505924523  0.88335326219232302
  0.89306046234584469  0.90390760718804009  0.92409604335628670  1.00000000000000000
   4.6836478225058114E-013  -1.0000000000000000     
 F F F F F F F F F F F F T T T T F F F F F F F F T T T T F F F F F F F F T T T T F F F F F F F F T T T T F F F F F F F F F F F F F F F F F F F F F F F F F F F F F F F F F F F F F F F F F F F F F F F F F F F F F F F F F F F F F F F F F F F F F F F F F F F F
  <DiscreteSampler_grid>
  grouped_processes
  1 # 1 for a reference and 2 for a running grid.
  10 # Attribute 'min_bin_probing_points' of the grid.
  1 # Attribute 'grid_mode' of the grid. 1=='default',2=='initialization'
  0.0000000000000000 # Attribute 'small_contrib_threshold' of the grid.
  0.5000000000000000 # Attribute 'damping_power' of the grid.
 # binID   n_entries weight   weight_sqr   abs_weight
    10   10   1.019771440906085E-005   4.597042629556037E-010   1.019771440906085E-005
    16   10   1.019771440906085E-005   4.597042629556036E-010   1.019771440906085E-005
  </DiscreteSampler_grid>
