  0.00000110310998494  0.00000125541802260  0.00000140615715068  0.00000157954925613
  0.00000172415721286  0.00000185444833430  0.00000198869055806  0.00000211703106571
  0.00000223760252963  0.00000234779059200  0.00000248556171114  0.00000263325835643
  0.00000279180956457  0.00000295521651030  0.00000313938795323  0.00000334387846491
  0.00000353586696779  0.00000372282853575  0.00000395340257340  0.00000419913929847
  0.00000445713816720  0.00000472988869676  0.00000501537753897  0.00000530300795306
  0.00000563077797540  0.00000595007160048  0.00000632495273540  0.00000673440922986
  0.00000715990122682  0.00000756555180942  0.00000798435201878  0.00000839518427605
  0.00000893478053918  0.00000951559222578  0.00001013321860976  0.00001083081099690
  0.00001154450703405  0.00001226339287577  0.00001297680353766  0.00001369738375840
  0.00001444169899738  0.00001512573758502  0.00001580702792456  0.00001648116926648
  0.00001721245202686  0.00001796120559018  0.00001868591924751  0.00001944732740924
  0.00002034936143321  0.00002135250271190  0.00002236278975214  0.00002357985672861
  0.00002496567244240  0.00002648479740363  0.00002813939312380  0.00002993126718857
  0.00003174521851530  0.00003353931248310  0.00003549238511013  0.00003753256567231
  0.00003952616312588  0.00004154758712386  0.00004362083629624  0.00004584569877169
  0.00004838992778470  0.00005095037457709  0.00005345955052238  0.00005608772583591
  0.00005898645256956  0.00006184706523322  0.00006495500770517  0.00006853692823277
  0.00007208857891191  0.00007584128725831  0.00007965051550741  0.00008331542286780
  0.00008726315214460  0.00009118756583574  0.00009572576378381  0.00010109672498964
  0.00010692709828535  0.00011336891832588  0.00011976742651165  0.00013113473177163
  0.00014592721034924  0.00016382863054510  0.00018382079762280  0.00020802622121726
  0.00024046638903490  0.00029018985746446  0.00036253545248823  0.00047552520554601
  0.00074753665210205  0.00149597739593935  0.00400481040582775  1.00000000000000000
  0.00000596101048130  0.00000671812407864  0.00000771185425001  0.00000865797877909
  0.00000951147130834  0.00001037410705667  0.00001143327617282  0.00001260208691687
  0.00001419154288120  0.00001545722343250  0.00001667532360662  0.00001800347089404
  0.00001897613058422  0.00001994097078817  0.00002088221836967  0.00002192637876744
  0.00002341861624064  0.00002480436356750  0.00002617992422278  0.00002787563804398
  0.00002978262312162  0.00003185600688119  0.00003462349938629  0.00003758884924181
  0.00004063270020791  0.00004367320766083  0.00004679869597404  0.00005011241848543
  0.00005340511130840  0.00005670363972665  0.00006009367028763  0.00006444887508391
  0.00006947851484221  0.00007378105774020  0.00007830898241468  0.00008284372771441
  0.00008765192957565  0.00009264344445440  0.00009773377061704  0.00010281099206320
  0.00010777511297565  0.00011283779770848  0.00011828793871216  0.00012438750718276
  0.00013147364362993  0.00013855278382867  0.00014523766131104  0.00015259873761835
  0.00016077201724629  0.00016865888300254  0.00017894061848283  0.00019018220374261
  0.00020262225876358  0.00021531500048214  0.00022805181400854  0.00024164591486328
  0.00025672333397814  0.00027342623186934  0.00029091144355823  0.00030859980455482
  0.00032626134832551  0.00034627358595604  0.00036748328538728  0.00038928865512037
  0.00041164655888988  0.00043512630603589  0.00046022585095948  0.00048653567275217
  0.00051753997818398  0.00054993130583543  0.00058469877245496  0.00062287453542810
  0.00066961750657162  0.00072206939550625  0.00077367220607634  0.00082120215103322
  0.00086935845519843  0.00091208237344067  0.00095849066124014  0.00099851770923637
  0.00105823827755839  0.00111458601327539  0.00115477533542827  0.00119802454889329
  0.00124567885258802  0.00130534317679342  0.00138309278750098  0.00147597612770088
  0.00157914984613283  0.00188361164638532  0.00218978339351661  0.00249894543524147
  0.00280624810939191  0.00310735484341850  0.00406839707445653  1.00000000000000000
  0.00000228017297048  0.00000689640093792  0.00001258177968427  0.00001876397254046
  0.00002513108239164  0.00003280253084281  0.00004057482517753  0.00004853127229200
  0.00005556294810290  0.00006263865463041  0.00006962813847135  0.00007704737429983
  0.00008595809300820  0.00009576398460159  0.00010572040154728  0.00011602671761620
  0.00012647114129983  0.00013809051884004  0.00015059330391011  0.00016370476171363
  0.00017673669358309  0.00018888923775570  0.00019945024952107  0.00021159900201146
  0.00022556455939753  0.00024006968349865  0.00025454861944913  0.00026973345098314
  0.00028544059286979  0.00030273064815662  0.00032041469244714  0.00033800503661151
  0.00035827467073798  0.00037983989216706  0.00040116455477864  0.00042175067051347
  0.00044142741566621  0.00046130157863547  0.00048389945297766  0.00050851249594933
  0.00053479420516435  0.00056264192665455  0.00058668998031520  0.00061155572015636
  0.00063708259761251  0.00066968582820515  0.00070359035249986  0.00073662292514731
  0.00077316829655697  0.00080807974655283  0.00084848719818540  0.00089586441825394
  0.00094960909003408  0.00100694586231375  0.00107285152832130  0.00116883613972457
  0.00134440781957853  0.00142085754666612  0.00148617593911616  0.00155326309292155
  0.00162192350435331  0.00169578696534218  0.00176252359882968  0.00184883160362839
  0.00192898786101024  0.00199201945214656  0.00208318199107313  0.00225573273747270
  0.00240367470893866  0.00252351481586145  0.00257691299316091  0.00265283342541998
  0.00274404977592562  0.00283524158616412  0.00293219728763619  0.00303090339484038
  0.00308371755231868  0.00313533117848783  0.00318827727053710  0.00326003997891684
  0.00334322557678978  0.00342022502854628  0.00349926185980303  0.00359787565501219
  0.00371839811609906  0.00384930395333799  0.00397841435291301  0.00413730139105659
  0.00433497019455322  0.00455556464782254  0.00475363705717233  0.00491247471865030
  0.00505971407851511  0.00517907528445271  0.00530935757672773  1.00000000000000000
 -0.00317305922822287  0.01207904106228362  0.02410767413093533  0.03451448077687520
  0.04437005045395710  0.05427109620693635  0.06436195818034926  0.07512442176192220
  0.08542042377522882  0.09619946794263379  0.10657439549457717  0.11780672895010515
  0.13070296579888152  0.14342037426393414  0.15514576308081224  0.16800468060666132
  0.18166239232108555  0.19515457507363254  0.20827030250394324  0.22095714607995293
  0.23147468916677061  0.23994023717169360  0.24864236722649136  0.25705256209906024
  0.26415292357244713  0.27091437028622467  0.27800434740431523  0.28586859159401234
  0.29582706848997070  0.30693450822763318  0.31653200898347328  0.32524581613353626
  0.33362872577796177  0.34155455842891602  0.35047314626207104  0.35991657567886265
  0.36959520882044472  0.37932418819303282  0.39017071001062659  0.40024794822656273
  0.41027714387094127  0.41949613950296616  0.43117733577912670  0.44297145259278964
  0.45521822654691174  0.46659622666330669  0.47686268799959897  0.48775623978998928
  0.49845333597501384  0.50949491426529081  0.52173434150764264  0.53538595443295378
  0.54939658473489361  0.56188803582279545  0.57302230731905934  0.58402456593569596
  0.59573083315130348  0.60631445192745026  0.61622070760206893  0.62658642078264426
  0.63966101287179644  0.65323161600538937  0.66622821583596492  0.67817206546599473
  0.68932443750221450  0.69911827341092958  0.70753879695425470  0.71597597959396975
  0.72528072913413244  0.73500224443410400  0.74531681606727074  0.75651289817035861
  0.76823749816356990  0.78095645316499651  0.79428971899520417  0.80732781724259062
  0.81861993943283196  0.82895620283125826  0.84075269051646362  0.85391024435676333
  0.86649904937588673  0.87643720352609367  0.88515665452944070  0.89442695865700150
  0.90323972738952885  0.91327545081423278  0.92267054293701278  0.93038366663849670
  0.93882153229000453  0.94791471892100854  0.95746812419815819  0.96670990234760634
  0.97559738417012920  0.98397528037531601  0.99192892723736004  1.00000000000000000
 -0.00029835062757473  0.00073996763638741  0.00133224212487308  0.00183882901320981
  0.00230115208501192  0.00273308874780838  0.00313309830802074  0.00351246329305088
  0.00387390117228021  0.00420968492795199  0.00451986456111489  0.00481843378836216
  0.00511268105503837  0.00541861455032353  0.00572840020902244  0.00603388106832244
  0.00632880866119295  0.00660773490905390  0.00686881594508664  0.00711316474343025
  0.00734566726871599  0.00758840436155252  0.00782245658790494  0.00805444030621659
  0.00827735525134063  0.00851072155531576  0.00877834358950577  0.00906482201251885
  0.00939025392131313  0.00965958018334592  0.00991019479172219  0.01015676761936845
  0.01034920205752102  0.01058022134146867  0.01079331005227864  0.01100223171006288
  0.01116176641078549  0.01131464018805008  0.01147094511615021  0.01160792558145913
  0.01177784967320812  0.01197959574544958  0.01218845769805386  0.01240676340147566
  0.01262377684096510  0.01282994655810952  0.01303760962333278  0.01325958550907001
  0.01348891153923926  0.01397174235415826  0.01464650853956434  0.01498945208136201
  0.01524886528198074  0.01550783391714183  0.01576639109349800  0.01604908004301380
  0.01635532214115675  0.01667474108024036  0.01694865997647690  0.01723994135675146
  0.01754190963758655  0.01782505771682544  0.01806768244442337  0.01829102665686657
  0.01851834594211037  0.01876474394938849  0.01903437792525130  0.01940819815537719
  0.01976381628010352  0.02001526528082022  0.02025592158074222  0.02047443423894834
  0.02092295409343354  0.02107047858615798  0.02122356991074744  0.02135584540733963
  0.02149743635801560  0.02163649746211859  0.02183146461942072  0.02200123879068366
  0.02215607001426987  0.02239295273081957  0.02268271329202898  0.02286966422402157
  0.02346830860580120  0.02391354080537870  0.02420416249946034  0.02430978296799706
  0.02442373222671603  0.02510778037612422  0.02613164306064061  0.02701400728537412
  0.02723376005385029  0.02786892493126937  0.02791555366665264  1.00000000000000000
 -0.00179124901968314  0.00783987699371875  0.01636574118136037  0.02532424849414031
  0.03436365129806490  0.04330981253479332  0.05229349280906957  0.06195574002250963
  0.07207187931279337  0.08144581814166500  0.09011621704380984  0.09854018536933642
  0.10805467118241444  0.11897513592458932  0.12965300857948459  0.14039142791736781
  0.15158070085253808  0.16310171814357238  0.17452982056230315  0.18670100005905210
  0.19974569223095015  0.21095783192013032  0.22169588822598940  0.23174657115839928
  0.24034216329606986  0.25052796175154235  0.26182871349485581  0.27275693129081158
  0.28247749170692432  0.29124319357601736  0.30017257353648175  0.30996557189582141
  0.32086027619342572  0.33040436183182975  0.34160880886920364  0.35421758782600293
  0.36539337154596740  0.37671787157787673  0.38959257825699023  0.40641313240188193
  0.42297891275334659  0.43828410439710946  0.45303748717323372  0.46658214437515577
  0.47973359326049769  0.49399463268402227  0.50699127321384163  0.51901753175710563
  0.53164471639711419  0.54332114628566253  0.55416232327852366  0.56488342629163468
  0.57667200269280527  0.58952221373659675  0.60184610504143343  0.61624487830288177
  0.62746256801356082  0.63687651791656130  0.64602363469094404  0.65551665909777657
  0.66680493767591831  0.67861758303922604  0.69249095339535982  0.70540055234413546
  0.71793707398091999  0.73018958502256359  0.74201569582983540  0.75445189851780270
  0.76740376454460968  0.78009756563821209  0.79205361824124554  0.80330772118149252
  0.81407150750043866  0.82400051022564902  0.83287219267066082  0.84092812702395869
  0.84892779507495952  0.85729476163135476  0.86614430574051404  0.87434150263745358
  0.88245121817878391  0.89045996875305922  0.89891938627505752  0.90623322340881651
  0.91371205986810833  0.92164141700195856  0.93070451220498884  0.93966268485135296
  0.94735544054315968  0.95405589474780439  0.96089042080910236  0.96842628301787637
  0.97626902494966250  0.98416699568090971  0.99215092347602296  1.00000000000000000
 -0.00021728380371067  0.00025096402844489  0.00063114701732382  0.00091137184552857
  0.00116139632853759  0.00138926870778151  0.00160000330777467  0.00179858118702693
  0.00200010809436181  0.00220709748248574  0.00240685370849521  0.00259751618534095
  0.00278984424013914  0.00297630642877778  0.00316054305827128  0.00333543736182195
  0.00349401032296441  0.00365431034932910  0.00381801248710112  0.00399265891082565
  0.00415362778108997  0.00428757432731014  0.00441659751073143  0.00454698556936830
  0.00467648746099205  0.00481083174688068  0.00494485392080539  0.00508773995428935
  0.00523296105404091  0.00535903688109397  0.00545357235423728  0.00554957049360325
  0.00564994560442673  0.00576735703296776  0.00588223504720210  0.00600209267835900
  0.00613426753236874  0.00627773700902706  0.00643274123989533  0.00657314839944835
  0.00668740869289864  0.00680700426008563  0.00692306610809927  0.00703382589956725
  0.00714857534709001  0.00726828131371886  0.00739221020561526  0.00752651274580770
  0.00766872194848523  0.00782118873982928  0.00796912677713736  0.00809038083220310
  0.00819603734375196  0.00830828939029285  0.00843366164871659  0.00855915305315479
  0.00868594636766681  0.00881283802303213  0.00894238973491894  0.00907174956127624
  0.00920084768088224  0.00933040854080564  0.00949348323671319  0.00961029256733247
  0.00973225532306955  0.00985806680911610  0.01001189966456700  0.01014455522530415
  0.01027243106854253  0.01039303097119804  0.01051308728650154  0.01075402081176018
  0.01133799693203215  0.01175145077190542  0.01202037549742902  0.01215267766766628
  0.01227368506738989  0.01240733161644889  0.01254641781958005  0.01270081923604098
  0.01292910466107854  0.01311657831253949  0.01330273757547767  0.01349286785847658
  0.01375481517052886  0.01397924385626574  0.01418483599889006  0.01448353917778995
  0.01488236947948768  0.01579269144014180  0.01658272633131100  0.01684041979468508
  0.01804231557280024  0.01857012964295933  0.02231727967460581  1.00000000000000000
 -0.00436938119625280  0.01368572816333102  0.02875499823863256  0.04216416364425858
  0.05387085493186902  0.06438401682340063  0.07469350197434811  0.08425842392193036
  0.09407719223917391  0.10395688297288300  0.11485157379852520  0.12622203350699079
  0.13728908933276429  0.14698861822600953  0.15626310284659958  0.16530996614321852
  0.17453858743737560  0.18583712848406461  0.19673718362319284  0.20766686972741438
  0.21883637395509911  0.23209727143773093  0.24704009621776762  0.26098944758120141
  0.27310071764570326  0.28488070323969911  0.29774702600623104  0.31069506008712838
  0.32181534729424582  0.33274725854572390  0.34325444604075606  0.35338980403237175
  0.36274386825043897  0.37207621558124360  0.38215660702053827  0.39249555214062581
  0.40189818994933879  0.41011539332768193  0.41911251008131661  0.43025806249878057
  0.44201608563150063  0.45368989183308933  0.46531772008452171  0.47657860678567504
  0.48823552726955960  0.49942804158379783  0.50853071881258904  0.51798317797651350
  0.52764918078195389  0.53890107416757993  0.55262733872439596  0.56606862318213857
  0.57846151019563508  0.58972033219249043  0.60050335967181290  0.61183977824368718
  0.62433940751598804  0.63827311674839537  0.65315328760930313  0.66674496467692301
  0.67774519388538024  0.68785138617955321  0.69779744190690118  0.70698933286100507
  0.71545227284228929  0.72396414124530428  0.73288915424894829  0.74121223733067310
  0.74921407498610615  0.75669601719451596  0.76450992960202402  0.77273843748279025
  0.78084779608982979  0.78900772939211139  0.79815449812121275  0.80775851537636156
  0.81829122468846749  0.83161513021405831  0.84392139745169459  0.85466570975605405
  0.86354337376917778  0.87215340784183160  0.87985441826581290  0.88716075715482268
  0.89434952469890860  0.90219617803877628  0.91155768052512265  0.92223522463253726
  0.93262538758367197  0.94257654500487187  0.95283984097344432  0.96225283956320729
  0.97072031559534122  0.97904726212560667  0.98842741070931972  1.00000000000000000
  0.42718840223312571  0.58427904641682848  0.61561153542141200  0.64405914629736671
  0.67338211287252880  0.69916465220248214  0.72056895104915553  0.73752829953529875
  0.75371177839958192  0.76973553359800795  0.78501244559650729  0.79959248145297857
  0.81229296855491906  0.82319723826809221  0.83257651126768462  0.84051769509173357
  0.84706003147317899  0.85326452065375702  0.85814188831070126  0.86286310856633519
  0.86769980916947520  0.87240640782011425  0.87671176461986533  0.88042707606219339
  0.88400762973382607  0.88791463233060952  0.89189729066069634  0.89662382555280151
  0.90068723870077205  0.90453090959394800  0.90838961221078396  0.91224437084986187
  0.91611326309814600  0.91968471861406953  0.92276042470709885  0.92576204091113767
  0.92860307608819614  0.93133450230873538  0.93386694512146695  0.93634749172659004
  0.93866157810739170  0.94092979336520699  0.94321468723189494  0.94535740042008110
  0.94726134349068458  0.94916260857434753  0.95112365342691496  0.95305032825945013
  0.95482093288322056  0.95648707885012640  0.95809691650934570  0.95962206461272881
  0.96131718065777083  0.96299951062961486  0.96444224414626567  0.96580152499369709
  0.96712810769036017  0.96848898759385882  0.96988293601292930  0.97126299585852272
  0.97260599030458816  0.97391619109795424  0.97520180592067807  0.97644958453623454
  0.97765762272949963  0.97879019007578383  0.97986289875377164  0.98086042021265774
  0.98170466215074026  0.98252352103250440  0.98332523432973762  0.98408651691133942
  0.98480575978442830  0.98550857606834974  0.98617440578165572  0.98684316944877026
  0.98751029182878702  0.98814978955059696  0.98883747397120125  0.98951146829711534
  0.99015591623119659  0.99077824470378251  0.99139221256879817  0.99194111553509545
  0.99248980663023434  0.99306693598487628  0.99362854432682668  0.99418688174722736
  0.99477193698355471  0.99536445898475789  0.99597503248216901  0.99661764236596961
  0.99741721522406657  0.99843435786096946  0.99899103197092898  1.00000000000000000
 -0.00309853118178362  0.06695731189771181  0.10319447033344123  0.12554183372103159
  0.13969806978040453  0.15375223266540264  0.16724078220959951  0.17708452264218752
  0.18543135195682992  0.19319489071843268  0.20154278697971245  0.21004171438031330
  0.21884248324487177  0.22797019235459370  0.23781264464049115  0.24747437799039815
  0.25638835655484193  0.26472683113068224  0.27247337646239678  0.27943116511302918
  0.28587679073480404  0.29234552397374769  0.29917628342965646  0.30602342801361571
  0.31271234774673368  0.32003462399544669  0.32768615401263657  0.33523238742543526
  0.34253553372185064  0.34949294077600762  0.35564634711061571  0.36101599432386799
  0.36621918498837203  0.37168239242114554  0.37696803437118465  0.38221459939909791
  0.38775400645921509  0.39389363874402206  0.40035502442204007  0.40635077745241810
  0.41160450616340016  0.41700746098371499  0.42440737651798127  0.43195338701550007
  0.43929989218803389  0.44642091057765138  0.45318310657714234  0.45997835290431321
  0.46686099448712270  0.47349886929877261  0.48013537287052255  0.48673754252009133
  0.49374348067697732  0.50081586165880776  0.50787638161162874  0.51558264431081613
  0.52278008895119232  0.52951770537787213  0.53584547567750718  0.54229912528557866
  0.54876553496827707  0.55490129567958735  0.56070817245315441  0.56727264347495543
  0.57369215144551400  0.58112093123766728  0.58907623824986755  0.59800632263124187
  0.60701390132337274  0.61541343023841000  0.62355265984682551  0.63221218172237714
  0.64137332053923279  0.65040827953899893  0.65935084014148948  0.66688389729456887
  0.67402839659211700  0.68163192726635458  0.68984350490827273  0.70013018248539083
  0.71045075854617390  0.71803177408843444  0.72428843752181604  0.73048568080992327
  0.73628348467373061  0.74214739812852382  0.74989772165120672  0.75762346689472915
  0.76577063685813629  0.77565351876337230  0.79052415271244680  0.80389298862122871
  0.82044162607693583  0.84829302429282971  0.96137361941688815  1.00000000000000000
   1.0943202118542223E-011  -1.0000000000000000     
 F F F F F F F F F F F F T T T T F F F F F F F F T T T T F F F F F F F F T T T T F F F F F F F F T T T T F F F F F F F F F F F F F F F F F F F F F F F F F F F F F F F F F F F F F F F F F F F F F F F F F F F F F F F F F F F F F F F F F F F F F F F F F F F F
  <DiscreteSampler_grid>
  grouped_processes
  1 # 1 for a reference and 2 for a running grid.
  10 # Attribute 'min_bin_probing_points' of the grid.
  1 # Attribute 'grid_mode' of the grid. 1=='default',2=='initialization'
  0.0000000000000000 # Attribute 'small_contrib_threshold' of the grid.
  0.5000000000000000 # Attribute 'damping_power' of the grid.
 # binID   n_entries weight   weight_sqr   abs_weight
    10   10   4.339404703182257E-004   5.211046217776054E-007   4.339404703182257E-004
    16   10   4.339404703182259E-004   5.211046217776054E-007   4.339404703182259E-004
  </DiscreteSampler_grid>
