  0.00000354128785188  0.00000384637539987  0.00000417118178329  0.00000447501362280
  0.00000477936879310  0.00000509648510066  0.00000540604847059  0.00000579078403877
  0.00000617026782590  0.00000680496973653  0.00000747557984472  0.00000815183330848
  0.00000896851477275  0.00000976742254464  0.00001059376075751  0.00001136764850047
  0.00001224158149566  0.00001328256136557  0.00001453905461442  0.00001597017015535
  0.00001753269558316  0.00001914252065970  0.00002077809796572  0.00002247678620535
  0.00002415522319250  0.00002614151260462  0.00002779206522548  0.00002922473761772
  0.00003074053914663  0.00003239397853381  0.00003393753451503  0.00003526576806248
  0.00003654282036751  0.00003781980644752  0.00003905545425990  0.00004047907444518
  0.00004199542163834  0.00004376336615877  0.00004584636948486  0.00004807040265186
  0.00005035885930259  0.00005272315538379  0.00005537534500071  0.00005816223465263
  0.00006106752898865  0.00006396355102957  0.00006812183633190  0.00007192132148282
  0.00007500848931189  0.00007807530705400  0.00008203007711092  0.00008610392660530
  0.00008978656876445  0.00009347103962950  0.00009855949748448  0.00010462287006885
  0.00011093738262107  0.00011711953179016  0.00012415098681589  0.00013114891786579
  0.00013878985114321  0.00014784538636076  0.00015943145012037  0.00017183051496010
  0.00018282081697015  0.00019342032348758  0.00020555124665595  0.00022072027119070
  0.00023855150498463  0.00025028345137265  0.00026281991537315  0.00027507976110805
  0.00029015410144935  0.00030849449366141  0.00033064621164332  0.00036152229099080
  0.00039388323460239  0.00042895379472298  0.00046114473454786  0.00049511056312200
  0.00052981226392694  0.00056451229378050  0.00060031186620441  0.00064485417954485
  0.00069863513164230  0.00074267599813715  0.00078053972017533  0.00082791262351027
  0.00090113579371157  0.00099018867304583  0.00110668697051237  0.00137766034497299
  0.00186741558044373  0.00258852398636825  0.01302690285667335  1.00000000000000000
  0.00000200038684390  0.00000558817686287  0.00000724958750172  0.00000847890633986
  0.00000985301297502  0.00001155739508529  0.00001367679356156  0.00001588071532779
  0.00001820109248954  0.00002026604290824  0.00002222564165812  0.00002440719144694
  0.00002683672304958  0.00002915845409391  0.00003134266749803  0.00003364840985844
  0.00003598388369969  0.00003824346855348  0.00003997466956522  0.00004180938123497
  0.00004360413517292  0.00004533738879948  0.00004714096123935  0.00004900992718491
  0.00005110752078560  0.00005310149905113  0.00005504272122039  0.00005725557953956
  0.00005918054262543  0.00006109460815719  0.00006314851266061  0.00006542627303683
  0.00006803704049800  0.00007053738516086  0.00007292980285515  0.00007567723146711
  0.00007928262336820  0.00008267158174267  0.00008613822850896  0.00008967928922513
  0.00009324067815333  0.00009674278988705  0.00010011125799014  0.00010306520227865
  0.00010669833975957  0.00011036704741557  0.00011408960233797  0.00011764986873202
  0.00012219519940541  0.00012719857321016  0.00013240117212695  0.00013750267330927
  0.00014275882288744  0.00014871381844749  0.00015516294506176  0.00016207190306347
  0.00016768167813754  0.00017425505719258  0.00018221966833091  0.00019069056991311
  0.00019872178008312  0.00020628535273251  0.00021378191989712  0.00022143970234196
  0.00022926043572272  0.00023730804280286  0.00024684639256579  0.00025894200685037
  0.00027148335817364  0.00028436641677086  0.00029825384466906  0.00031389960818296
  0.00033048697185578  0.00034612053125580  0.00036263429741474  0.00037996256195137
  0.00039823801130455  0.00041746814546715  0.00043646679470054  0.00045505764323701
  0.00047385847856823  0.00049440249397558  0.00051517891292570  0.00053940870018216
  0.00056872526952812  0.00060290323195107  0.00063631588457736  0.00067638578876239
  0.00073401488791445  0.00079889018919635  0.00088793344878123  0.00099361052987798
  0.00116960695272138  0.00299637953354347  0.01238657759439009  1.00000000000000000
  0.00000317901845467  0.00000355137324983  0.00000385606301461  0.00000419188545414
  0.00000459046337700  0.00000510227541623  0.00000572878107122  0.00000657367272611
  0.00000747419091888  0.00000844932245002  0.00000946562450870  0.00001061197390678
  0.00001190189291591  0.00001340129302374  0.00001496491997069  0.00001647253965800
  0.00001793048621659  0.00001938110896716  0.00002079511064407  0.00002233721803127
  0.00002410159470398  0.00002596698607369  0.00002771426868185  0.00002935613992159
  0.00003099568986068  0.00003260892390954  0.00003413018336489  0.00003568905813943
  0.00003737388322868  0.00003910457358664  0.00004086058701999  0.00004291761661125
  0.00004553038103299  0.00004864103438370  0.00005289511574860  0.00005729157049044
  0.00006199209100635  0.00006591730909563  0.00006883706279545  0.00007166345542107
  0.00007459397413055  0.00007762639723007  0.00008082042493214  0.00008446836282829
  0.00008945208055715  0.00009510431308947  0.00010150108226141  0.00010827146909933
  0.00011417107012784  0.00011965791839083  0.00012433402522605  0.00012946210421429
  0.00013552154916709  0.00014245656869302  0.00014976067435302  0.00015721962695243
  0.00016547931196744  0.00017516850121706  0.00018469511278126  0.00019594822200907
  0.00020789826914440  0.00022070422523493  0.00023417038582598  0.00024984015302358
  0.00027334010119308  0.00030174302546642  0.00032843106288691  0.00035313198659699
  0.00037965033575597  0.00040594600470245  0.00043335655966084  0.00046612140247348
  0.00051216822753814  0.00056756502400524  0.00061722707549384  0.00065313784688077
  0.00068811237155736  0.00073250715102097  0.00078687166719896  0.00083241878881181
  0.00087514093985476  0.00092172968772422  0.00099742139071854  0.00110806489418351
  0.00121656292298936  0.00132444452906862  0.00139725798680990  0.00147695835287839
  0.00158140803997257  0.00171922005289270  0.00189806309350798  0.00214493985300342
  0.00249329644654486  0.00319833973931607  0.00382246380616541  1.00000000000000000
 -0.00321092189532767  0.01149926287195331  0.02553037393723536  0.03889377412872823
  0.05287451591396323  0.06648186660321483  0.07978456126483947  0.09123513362152781
  0.10173380548934192  0.11236555898563873  0.12190519931328875  0.13114439430576860
  0.14104851747032440  0.15205101403080751  0.16371836891149485  0.17381137491998996
  0.18269489016073476  0.19154558322742785  0.20096301215485973  0.21124659096973597
  0.22086661168357263  0.22999453939546632  0.24001579180397903  0.25064595327491884
  0.26049134040544103  0.27020585920718887  0.27953912613849768  0.28854344280412952
  0.29799373828134151  0.30780746807675313  0.31532330889311783  0.32275946622999480
  0.33043541039169028  0.33955587472386145  0.34978259019103214  0.36170490034485114
  0.37479433431753079  0.38738315220299774  0.39907373608254942  0.40920995324666726
  0.41735312112963935  0.42304021872412029  0.42841867719964383  0.43464355251028475
  0.44487510765155491  0.45381965156042259  0.46198758912794330  0.46966779722989938
  0.47778644216746485  0.48742718809746111  0.49865946587737975  0.51074912966112973
  0.52344365640056878  0.53729821853739546  0.55173429103779204  0.56648762240475548
  0.58146117420882282  0.59491521883229048  0.60444068106340387  0.60989177492932523
  0.61472875771696678  0.62013319384828025  0.62630748134633407  0.63279550862630141
  0.63934680181603265  0.64624138078085813  0.65282969155913628  0.65890460366698123
  0.66578446621445808  0.67735060846057638  0.69260598378082061  0.70651690841363468
  0.72043806846337188  0.73448835954500957  0.74750472716985505  0.75923126402303653
  0.77307655164276301  0.78557113641719334  0.79805115936931403  0.80980903407005067
  0.82030801724715097  0.83006992726473028  0.84071372910711206  0.85151086856744695
  0.86255817872048113  0.87362340099892588  0.88739481641326112  0.90071707908527343
  0.91374223309182778  0.92554400555592642  0.93764768918329910  0.95028936478077042
  0.96235407614199975  0.97487348795718232  0.98693947303941076  1.00000000000000000
 -0.00003955354014569  0.00028055569973735  0.00046105908585020  0.00062386319225883
  0.00079148656524556  0.00096083681515872  0.00113505648484251  0.00131449408625017
  0.00149611064039356  0.00167637639318847  0.00185090678847816  0.00202815284737658
  0.00219784810441726  0.00236908730179960  0.00253378678044649  0.00269715165369723
  0.00285804435758361  0.00301125056211947  0.00316350413744958  0.00330113335313970
  0.00342868265792093  0.00355405852597040  0.00368630071902927  0.00380415164505535
  0.00393129646440022  0.00406897416282509  0.00422352826365217  0.00440821290313213
  0.00460553957663838  0.00475910164476633  0.00489502318351110  0.00501824555708788
  0.00515172727157268  0.00526579220825349  0.00535042538586466  0.00543555495561003
  0.00553932300916739  0.00564264077008445  0.00573715546484058  0.00582566193772844
  0.00592044531296619  0.00603922292054299  0.00618278263160292  0.00631907103390246
  0.00645778078268802  0.00657187553484432  0.00667474696123710  0.00677673850228826
  0.00689145910001191  0.00703847104055087  0.00717541232903533  0.00730600377474608
  0.00747402601039706  0.00766755584148007  0.00787024900599253  0.00811198749231781
  0.00838349774670515  0.00861514706099065  0.00877376638513947  0.00890515992276377
  0.00903894362789615  0.00918201555408807  0.00933632867208266  0.00946299771740130
  0.00957405970186253  0.00966450934362377  0.00975475146345185  0.00984851291465718
  0.00996224705337151  0.01010495031547652  0.01028856853598964  0.01044002116873626
  0.01058089814503283  0.01072845844154323  0.01087477477827479  0.01100929568653403
  0.01116318227223126  0.01131256309682021  0.01145447022480818  0.01161131438281952
  0.01179155241140024  0.01208036487537356  0.01248084814823389  0.01277971929078067
  0.01299157767740283  0.01323558326016161  0.01331509275314644  0.01337576153854440
  0.01357125026233553  0.01383938725704763  0.01404470143158781  0.01415360207246858
  0.01429232169271454  0.01486929833051178  0.01512587415184862  1.00000000000000000
 -0.00331882735715331  0.01014052827578134  0.02166483292774164  0.03207710902635769
  0.04249761806338796  0.05358373717714521  0.06317524336945105  0.07174508061930926
  0.07938540315695387  0.08730506440155808  0.09551462890680565  0.10426117078910041
  0.11276327621606494  0.12044374301306528  0.12916652892547964  0.13929167180536065
  0.15127691476208574  0.16386121010278332  0.17691691524950881  0.19173884494248999
  0.20592498835287562  0.21676583810050609  0.22542059524438549  0.23442040299855327
  0.24321116998578279  0.25243954641042693  0.26267062713935330  0.27413313019764385
  0.28599959922285545  0.29619519752602574  0.30543110551685615  0.31497341314417288
  0.32334292741616444  0.33107540021461090  0.33928912846361231  0.34912627963781334
  0.35832534979481451  0.36504732026429670  0.37168318058178812  0.37916156778193516
  0.38832282002346935  0.39603511225764620  0.40219542290508875  0.40792036252722397
  0.41420052330928353  0.42134011470539440  0.42809406816095835  0.43508790823827875
  0.44226859657894152  0.44841815079914832  0.45573402890314357  0.46562153127840789
  0.47658978064267821  0.49104497806978842  0.50631508894793231  0.52188048599054149
  0.53639250863917198  0.55126480554625767  0.56616909267452598  0.57886084360533219
  0.59145538939015396  0.60502389939996737  0.61783600521163429  0.62959868338830927
  0.64077958295852333  0.65282617311055768  0.66477355815144168  0.67511271608146128
  0.68486872856653191  0.69460372329878173  0.70377963338960980  0.71308515243546189
  0.72359065508868958  0.73529560379313708  0.74657730053573501  0.75755224934645193
  0.76814845359069817  0.77838186235374451  0.78913936959353015  0.79736467767497654
  0.80580511741690275  0.81460614912845064  0.82451661389431630  0.83545184526862915
  0.84508327592865340  0.85600155476297413  0.87038976889980746  0.88598117200521753
  0.90200834723712353  0.91642101379597218  0.93132298655563739  0.94680169953276949
  0.96055128934641254  0.97383517622178950  0.98739511520231582  1.00000000000000000
 -0.00013589303942994  0.00022380015092462  0.00038674956941984  0.00053709376101310
  0.00069640850883365  0.00085552257592871  0.00100997331803780  0.00116194133021191
  0.00131945898135984  0.00147831516166672  0.00164344744301152  0.00179999440767295
  0.00194222875864581  0.00207928898421610  0.00221052995515639  0.00233868775937282
  0.00246906756279789  0.00260912909891382  0.00274972296015511  0.00288759281614608
  0.00302499592905806  0.00314504890328575  0.00326240683014887  0.00338443238842365
  0.00349660835634978  0.00358761824173434  0.00367928886402424  0.00377585938763757
  0.00387163698237317  0.00396424963404624  0.00405837024279244  0.00419474619262524
  0.00436123320124679  0.00452290887644986  0.00467435288222882  0.00481992242038438
  0.00496095156861646  0.00509225825266032  0.00520683435425148  0.00530687812765242
  0.00540331371217049  0.00550176067216712  0.00560706574756920  0.00570343613080203
  0.00580230701119037  0.00600727813361133  0.00620223666464573  0.00638935489095545
  0.00659369888981802  0.00683727791319431  0.00701524225683185  0.00716675146675509
  0.00732679088999857  0.00747050122174850  0.00761439160725262  0.00775565640572873
  0.00785051464135338  0.00793811566610611  0.00803349208401424  0.00811492305040185
  0.00818448845582773  0.00824583385503724  0.00829232315752069  0.00836774375145311
  0.00844741177251360  0.00853102776026763  0.00860399753301248  0.00867856150029503
  0.00874282223524092  0.00881260391238130  0.00887842759403952  0.00896801165421633
  0.00907010793158500  0.00917718786807358  0.00924337510834492  0.00930929661205420
  0.00937110707134061  0.00944877782671054  0.00960243765061148  0.01005148729807033
  0.01030425635429949  0.01054303626228821  0.01081282525761793  0.01105938422126036
  0.01127131264975479  0.01147350910430084  0.01160857518833716  0.01177011739340444
  0.01187276861849217  0.01192874255016906  0.01198471648184595  0.01219045951631199
  0.01243573425992810  0.01268100900354422  0.01432649042955695  1.00000000000000000
 -0.00308825493481488  0.02318983935143448  0.04701804108060165  0.07236625191727662
  0.09766572324127618  0.12225341790683354  0.14755304583435408  0.17092144605230003
  0.19051124321199653  0.20699451294983293  0.22268697645864144  0.23837373361169589
  0.25359174865189410  0.26762299409382306  0.28097827070117870  0.29289128107344253
  0.30310226747543068  0.31285604741789641  0.32264386118278898  0.33218637734712758
  0.34119168578082093  0.34952279103343670  0.35732270600178989  0.36523384544912352
  0.37244104431201763  0.37958706874314979  0.38681272998963367  0.39504227218093957
  0.40252469127530166  0.40991500120511998  0.41672232159283429  0.42290860678867120
  0.42855459042450644  0.43458739639431127  0.44054549918608271  0.44620098282666509
  0.45157323525326715  0.45719513300606146  0.46422509828124781  0.47139235602434959
  0.47788349639698413  0.48377693961584767  0.48973916731482681  0.49600417337074593
  0.50236475647110790  0.50877429928876361  0.51533266679168543  0.52121387918500206
  0.52643252158557929  0.53086143672376218  0.53479968023443869  0.53826620325133956
  0.54175539956594043  0.54559881957750300  0.54977664461011078  0.55419500541072264
  0.55933960781670422  0.56497209955559513  0.57075842453550441  0.57676016103708938
  0.58325820790157035  0.59018049883259138  0.59741333295297427  0.60447551502979602
  0.61122912236894178  0.61829676227068509  0.62511878431156542  0.62991798684276779
  0.63454881750889658  0.63917916486363691  0.64439920181478572  0.64994318892837821
  0.65819106871416511  0.66989296771107509  0.68282535328104543  0.69348956390224192
  0.70405000185640176  0.71302813147952282  0.72088529574797067  0.72707552325750802
  0.73294297690899102  0.73960462473993693  0.74711412666843646  0.75595875382343147
  0.76524899476669261  0.77595050757991391  0.78794168835615219  0.79937266870905510
  0.81243884588667026  0.83167459053245996  0.85930782350568657  0.88751054180844580
  0.91605857925638523  0.94612741503189801  0.97437045651465737  1.00000000000000000
  0.45154979958056918  0.56556104980494770  0.61604744178229953  0.65912891469932722
  0.69276870433079318  0.71358164885307995  0.73408266707228764  0.75102783697390685
  0.77084677083828923  0.78608717109580917  0.79875568012584541  0.81051240542807446
  0.82366507467973415  0.83718762218685694  0.84872041842774049  0.85896805796717601
  0.86834595001148696  0.87716787991645373  0.88504096951707467  0.89219225800995117
  0.89815856457101251  0.90359029450350470  0.90900126695987526  0.91436275049540439
  0.91922427693399422  0.92371564001795248  0.92802303947150944  0.93219768891813115
  0.93619367028001732  0.93963932640766457  0.94266971907224550  0.94577191072983968
  0.94878386332874476  0.95122400741247504  0.95331116497824286  0.95528530979919180
  0.95717741902374132  0.95880976700466380  0.96019268458500606  0.96156345261845100
  0.96299323739108023  0.96443614475776540  0.96581965316127716  0.96711759180919665
  0.96834140313438488  0.96955622644660722  0.97075894135979646  0.97192725584047079
  0.97303270460295965  0.97409603270860257  0.97519398924618983  0.97634516309592712
  0.97748428651291153  0.97851974500426675  0.97947015755886524  0.98034243710632396
  0.98127761251634948  0.98219059460217129  0.98298955476164085  0.98373922466894026
  0.98445593641814089  0.98505787640449061  0.98569111222931272  0.98631184347048240
  0.98692293671374243  0.98758470609921467  0.98813200816932034  0.98866836768249189
  0.98919582562863650  0.98969981770492199  0.99022679680076953  0.99071463572443375
  0.99116784933441149  0.99159235402276602  0.99202527758330639  0.99242626623411134
  0.99280211193711509  0.99316890890406917  0.99351183198013260  0.99383635230211254
  0.99421467052479473  0.99456124271163193  0.99489846743249699  0.99523551916588715
  0.99555627206019015  0.99587630398179416  0.99622007332927753  0.99655880957878862
  0.99689797999926466  0.99722882235578592  0.99754438480108221  0.99795740012898038
  0.99841505690339982  0.99891509127201450  0.99945630798940432  1.00000000000000000
  0.01789407586321081  0.11612212222804452  0.15432090668668064  0.17783910977153983
  0.20073181816605357  0.21984970654675054  0.23483895533694424  0.24626012375504822
  0.25665244166865248  0.26573702623095086  0.27434161473550228  0.28252887711749786
  0.29072529127231667  0.30048884047810143  0.31063251595203534  0.32131192216753102
  0.33255205220567030  0.34412009685679884  0.35564489604938726  0.36668479963607814
  0.37550643062049754  0.38203990064065729  0.38837661418826402  0.39595428489737994
  0.40441813978717261  0.41216013075594232  0.41833051119116188  0.42333191285996924
  0.42857997868433761  0.43327067235240624  0.43850238133720187  0.44448547464612254
  0.45140568008603255  0.45808749558521117  0.46524789487091328  0.47236906916240429
  0.47639269835311371  0.48044946024082991  0.48450422150485822  0.48844622987569242
  0.49333014849090207  0.50019247677815859  0.50844281151681658  0.51621524129852470
  0.52365680556664063  0.53147730515158897  0.53985811549120932  0.55001332282710536
  0.55941186707012447  0.56873069421608269  0.57740231145724674  0.58625454989728354
  0.59488510635455505  0.60297546795462009  0.61051066732610315  0.61720643689321819
  0.62411548361376268  0.63129550644063470  0.63893625445677416  0.64682444357418367
  0.65374628653793954  0.65954291943988141  0.66527491660225735  0.67068495625820079
  0.67635667980279535  0.68242840793743365  0.68820223411915360  0.69363911517557375
  0.69891898986492573  0.70453407790463796  0.71149117389924754  0.71849775598086718
  0.72442928690677921  0.72969342893405598  0.73531593900522674  0.74114486545921887
  0.74809394689003816  0.75447759974217954  0.76169088037578914  0.76901049318429338
  0.77676818275531478  0.78512351558313709  0.79439804024999794  0.80516339185072283
  0.81630901120797328  0.82611331671901400  0.83451272489003836  0.84378685961309507
  0.85398301444584923  0.86336870415578892  0.86975073742675124  0.87525107696413118
  0.88155170773180858  0.88960061199244467  0.92987732566639347  1.00000000000000000
   3.0294989151000005E-009  -1.0000000000000000     
 F F F F F F F F F F F F T T T T F F F F F F F F T T T T F F F F F F F F T T T T F F F F F F F F T T T T F F F F F F F F F F F F F F F F F F F F F F F F F F F F F F F F F F F F F F F F F F F F F F F F F F F F F F F F F F F F F F F F F F F F F F F F F F F F
  <DiscreteSampler_grid>
  grouped_processes
  1 # 1 for a reference and 2 for a running grid.
  10 # Attribute 'min_bin_probing_points' of the grid.
  1 # Attribute 'grid_mode' of the grid. 1=='default',2=='initialization'
  0.0000000000000000 # Attribute 'small_contrib_threshold' of the grid.
  0.5000000000000000 # Attribute 'damping_power' of the grid.
 # binID   n_entries weight   weight_sqr   abs_weight
    10   10   1.861155794473832E-001   1.409584160544307E-001   1.861155794473832E-001
    16   10   1.861155794473832E-001   1.409584160544309E-001   1.861155794473832E-001
  </DiscreteSampler_grid>
