  0.00000079846550474  0.00000086859914061  0.00000093453348564  0.00000100761217746
  0.00000108212913782  0.00000116500570280  0.00000126118152393  0.00000136130033672
  0.00000148204669071  0.00000160916681544  0.00000176056628238  0.00000191152806968
  0.00000207044624819  0.00000224809568045  0.00000245229922690  0.00000268229077422
  0.00000294860450070  0.00000325628287426  0.00000357027289442  0.00000388030477361
  0.00000418935800879  0.00000451049232533  0.00000482290829456  0.00000516538549768
  0.00000552646769482  0.00000592218591707  0.00000637743530785  0.00000683797538895
  0.00000733476809146  0.00000786354075975  0.00000842727497729  0.00000901392248139
  0.00000960853030151  0.00001023480226865  0.00001091603489057  0.00001165978885373
  0.00001249353049671  0.00001352532399667  0.00001453785136457  0.00001573826675904
  0.00001695425858650  0.00001827637966549  0.00001977590447480  0.00002139609893037
  0.00002312886805335  0.00002491928228774  0.00002685387982199  0.00002904671983936
  0.00003152323450195  0.00003425627020672  0.00003733995959543  0.00004087575519867
  0.00004472737002956  0.00004881094267411  0.00005296305489670  0.00005741453503114
  0.00006224573147969  0.00006758590233031  0.00007311940593405  0.00007911974651921
  0.00008552790682223  0.00009172314091832  0.00009814167138325  0.00010516241575352
  0.00011375984779813  0.00012462316393925  0.00013733111689688  0.00015150661992763
  0.00016694289811847  0.00018374056432622  0.00020193239961894  0.00022267518049035
  0.00024586214919519  0.00027154992008516  0.00029996832211745  0.00033295795206107
  0.00036844589057711  0.00041147485956027  0.00046340834209756  0.00050667539470762
  0.00054619043913644  0.00059099303707014  0.00064367289270806  0.00069504682501350
  0.00074567321832719  0.00079540599280749  0.00087735920440511  0.00100825226241608
  0.00115478774030584  0.00130239479971846  0.00149014810818245  0.00173809137958254
  0.00199949003749943  0.00240566832577484  0.00293400351200315  1.00000000000000000
  0.00000119551609855  0.00000127862145606  0.00000137031454479  0.00000147508503716
  0.00000158769923709  0.00000171077174300  0.00000183493373797  0.00000195439846486
  0.00000207500939742  0.00000221166579775  0.00000237607833299  0.00000255086473630
  0.00000274801676812  0.00000296117200421  0.00000321206696220  0.00000347611326061
  0.00000376455706725  0.00000405461388797  0.00000435443487268  0.00000466343525525
  0.00000500102066844  0.00000539347940709  0.00000584285753521  0.00000633060956123
  0.00000684575002235  0.00000737712813747  0.00000792019667317  0.00000849549135623
  0.00000912057264156  0.00000977466219638  0.00001045423901084  0.00001115511655791
  0.00001185837437748  0.00001274715410947  0.00001367203539859  0.00001472858044235
  0.00001585436792570  0.00001719243689089  0.00001856246048754  0.00001986055226804
  0.00002116807909828  0.00002248057513682  0.00002404107126000  0.00002585993540789
  0.00002785067493937  0.00002976042616401  0.00003158939358664  0.00003360458785151
  0.00003585372687724  0.00003862259618587  0.00004178919982244  0.00004512277789957
  0.00004844778784046  0.00005183164799565  0.00005553208759273  0.00005967765448736
  0.00006415057510288  0.00006875115174906  0.00007360908870310  0.00007927591317989
  0.00008571466384257  0.00009286507192702  0.00010045451462259  0.00010873687081806
  0.00011812098222816  0.00012799202354578  0.00013874529570761  0.00015062791786671
  0.00016366328343236  0.00017653455112063  0.00018890992201630  0.00020205400016933
  0.00021718116988055  0.00023341469803935  0.00025138877699109  0.00027152365309303
  0.00029410674320360  0.00031960735702064  0.00034474669579611  0.00036851202908497
  0.00039249630332083  0.00042169655377863  0.00045466269046412  0.00048301456427620
  0.00051156704445424  0.00053597079201330  0.00062946271067350  0.00072971204981507
  0.00081479188248913  0.00090765833142091  0.00102230974902833  0.00112268465311305
  0.00124394825163135  0.00157058777577409  0.00333326892997975  1.00000000000000000
  0.00000242664218351  0.00000269805411648  0.00000287712028337  0.00000307519413357
  0.00000327630763943  0.00000351806595469  0.00000376748039857  0.00000403969406226
  0.00000434496147259  0.00000467030870580  0.00000503438045385  0.00000548035385086
  0.00000599058300742  0.00000654388380608  0.00000715927496031  0.00000788165885499
  0.00000876000762189  0.00000971025368766  0.00001073503997866  0.00001187751263508
  0.00001323045874328  0.00001479119264135  0.00001655625735123  0.00001853413984767
  0.00002069303224784  0.00002307183858496  0.00002561336342244  0.00002835540526642
  0.00003133151457957  0.00003460598079033  0.00003823805415294  0.00004195973490144
  0.00004560365478356  0.00004947868653256  0.00005381937456684  0.00005866804576583
  0.00006397406493488  0.00007004959039651  0.00007715264225984  0.00008525360943789
  0.00009425577612157  0.00010417706355385  0.00011529376089892  0.00012548070751041
  0.00013540857710990  0.00014619890581047  0.00015807754947191  0.00017023863398487
  0.00018276598740623  0.00019689915141016  0.00021267890614561  0.00022906964979462
  0.00024614834496203  0.00026693665171082  0.00028988707826804  0.00031324009243497
  0.00033660542722904  0.00035845442304337  0.00037981243437148  0.00040126880615559
  0.00042457324203477  0.00044852740072573  0.00047544960320573  0.00050315306901930
  0.00053524587353140  0.00057879627735183  0.00063030284369046  0.00067085528877486
  0.00070046038818472  0.00073227097955442  0.00076552314309114  0.00079760848482971
  0.00083715138582536  0.00089459172297171  0.00095275893157991  0.00101042416858397
  0.00106622100084221  0.00112567636262233  0.00119440760883121  0.00126620413042678
  0.00133103172699479  0.00139280105475177  0.00145286166996835  0.00152677710566486
  0.00166804830550211  0.00183971524012361  0.00213408812581645  0.00241857275736020
  0.00259762306469801  0.00274427686794055  0.00285577421617369  0.00307413699817449
  0.00336007091521745  0.00374077151288849  0.00428189558812407  1.00000000000000000
 -0.00365138402266782  0.02674109466559283  0.04834766803522896  0.06762713060254243
  0.08542592221821238  0.10253561495889522  0.12000034346409440  0.13823733262276400
  0.15496992225940220  0.16867449033586029  0.18155217524419601  0.19517621346490996
  0.21103316389171747  0.22691472813730382  0.24249191708935927  0.25713478141478174
  0.27150277373038340  0.28506155534867111  0.29908322346111854  0.31333681866661556
  0.32764905595053340  0.34200263519492757  0.35614305294794485  0.36971865081618854
  0.38286768141114930  0.39532518713282877  0.40768746469062561  0.41942829590607900
  0.43099195689153486  0.44237526141443206  0.45330344251310539  0.46353113038767285
  0.47337217414775917  0.48353393864767752  0.49414542276129908  0.50534678734009508
  0.51677024072016908  0.52837100490199629  0.54060263064978853  0.55287031919932883
  0.56567489999501230  0.57859701603142910  0.58989414492311654  0.60028421243146823
  0.61003226430863799  0.61942985017135754  0.63001269689855799  0.64043430596058071
  0.65052497055826652  0.66024676099905344  0.66954266838837251  0.67813226363340018
  0.68687140095079091  0.69507127100438693  0.70300210358820669  0.71118188533555748
  0.71955735144919530  0.72775434845473275  0.73647197720012259  0.74569861203403731
  0.75520444876958559  0.76471048221367666  0.77384444299290789  0.78261755384974085
  0.79120130029204239  0.79961366217304486  0.80788178295923863  0.81628646679682049
  0.82438396247226120  0.83258752683292314  0.84049413840055776  0.84872833969428463
  0.85707341021016059  0.86518978353673526  0.87281307514283657  0.87980707126170432
  0.88696966437610825  0.89437193252340197  0.90165913635523909  0.90901634276794585
  0.91638251979988838  0.92387749851345546  0.93137501324569838  0.93829432545673375
  0.94437027269919793  0.94981816554583287  0.95492798130535372  0.95985644440353934
  0.96475870095038530  0.96986460165416188  0.97497375412611298  0.98020195702222490
  0.98518643250166416  0.99012736852518368  0.99509119881848807  1.00000000000000000
 -0.00245827489032335  0.00981130094582556  0.02040425959706394  0.03045601731692733
  0.04082420442554014  0.05057808152521451  0.06063449539100289  0.07031294361359330
  0.07974485364390768  0.08883903624740967  0.09831488781233705  0.10898622621949046
  0.12069909448889331  0.13219958806072971  0.14380392782568094  0.15564949843878978
  0.16829127173618114  0.18063525265280403  0.19215425321323656  0.20299563676781832
  0.21292971519828205  0.22214298159725113  0.23167559069732965  0.24108664664316834
  0.25077670535708418  0.26015076538131776  0.27005200387598921  0.27971147099883947
  0.28868800257053179  0.29674706321100114  0.30455809350891339  0.31350461967856968
  0.32308930837117733  0.33225616390315987  0.34367396316203797  0.35538937749443184
  0.36845150266434673  0.38061854197522216  0.39207408681648781  0.40256364528602934
  0.41291011967434560  0.42354299347354224  0.43397007838170942  0.44390118930103584
  0.45358919879110038  0.46412724380872267  0.47479822008293754  0.48541072087238046
  0.49608753611172823  0.50721961868691645  0.51828859193105015  0.52960993405159495
  0.54162576369872284  0.55388977577598164  0.56580316799962982  0.57730122940005602
  0.58809710237866220  0.59819772772042989  0.60797093311291661  0.61747649392687776
  0.62710370942336302  0.63689420764212656  0.64698117204591510  0.65721298498259872
  0.66714629849481233  0.67730463929939477  0.68815857280870818  0.70012247831597552
  0.71250839753009376  0.72412745765320008  0.73436788977210887  0.74369279404062483
  0.75221027095112958  0.76140240739048637  0.77228111507259067  0.78440846101350714
  0.79570370004572122  0.80544459974614835  0.81488071040485710  0.82414237641048249
  0.83430953341299174  0.84428439301128033  0.85443871737752697  0.86583247317559531
  0.87658439879906802  0.88758253074290594  0.89920865174586473  0.91319352729301284
  0.92605767214846846  0.93761811172848497  0.94838022579648973  0.95870096828741658
  0.96849451767154249  0.97839179623186334  0.98869655683352986  1.00000000000000000
 -0.00006674849721052  0.00213473874286564  0.00412136628163996  0.00681245201421419
  0.00994935589687958  0.01403687192546094  0.02273163597916813  0.03313577916010366
  0.04384756467562051  0.05488056632033025  0.06642438888047209  0.07801728803196550
  0.08980647095358830  0.10152946477099020  0.11306146442684402  0.12444801743234754
  0.13547726214198905  0.14639562990550276  0.15802547079233131  0.16953005048976086
  0.18065397247184303  0.19145178621651598  0.20223756982998553  0.21271610689331033
  0.22295644624666991  0.23344851121536450  0.24340347442803170  0.25271084092293838
  0.26228055102706066  0.27258835094843731  0.28386340515660347  0.29495140467795539
  0.30644308619861971  0.31787548950245670  0.32887210042064807  0.34002199508678671
  0.35161163446334176  0.36386201121674167  0.37639774728303832  0.38873874914763357
  0.40032992039455151  0.41140738965932294  0.42286038107791685  0.43453030770216050
  0.44548515694260155  0.45610381692460444  0.46808417497084265  0.48033702016741520
  0.49197332376669428  0.50392831334206478  0.51632690715137464  0.52855633171529948
  0.54079618410897556  0.55253677883481944  0.56366022434128737  0.57441404147574970
  0.58479350813717679  0.59498127151622682  0.60516994535082358  0.61551421828917097
  0.62675477971398830  0.63809112806883894  0.64869735030219289  0.65702791258770255
  0.66539051220349421  0.67374609077005632  0.68234741629527407  0.69133998656342688
  0.70034510061581079  0.70941088905381855  0.72048555488303345  0.73210283881118143
  0.74402553127717108  0.75638692220179726  0.76805719532555217  0.77961864650554258
  0.79138692312479009  0.80504928435492118  0.81856563563973461  0.83144892126886860
  0.84345095977822149  0.85474324747376085  0.86546036085229583  0.87683258146237597
  0.88892254751327582  0.90055878982072202  0.91166155885345168  0.92329782945077221
  0.93516520207284470  0.94569139767161592  0.95537414607103521  0.96472442753608434
  0.97431096376516280  0.98362654964999929  0.99213820055308721  1.00000000000000000
 -0.00017132511911716  0.00063670414351167  0.00127552470001849  0.00172523867197615
  0.00212587294248689  0.00249587638928644  0.00282767833990560  0.00314737072158761
  0.00345110724250286  0.00374608055071087  0.00404128871190918  0.00434504049892560
  0.00464889056259504  0.00491729206732678  0.00517198627582474  0.00541966237310393
  0.00567533613958560  0.00595587624992418  0.00625763952436268  0.00656855968866911
  0.00687934393618301  0.00713414011209782  0.00738368642598504  0.00762522139744590
  0.00784721422536956  0.00807916501003590  0.00831129891893407  0.00851338061279012
  0.00873973775796724  0.00895656883225453  0.00914759699997401  0.00934818485637742
  0.00954169199697492  0.00972431734505235  0.00994518170305005  0.01017399427870467
  0.01040977415965925  0.01064977937896107  0.01086199305735761  0.01105822069681541
  0.01124679373674916  0.01142932640425590  0.01163659842241210  0.01185475969901856
  0.01208202466634966  0.01231818561319250  0.01255493429127958  0.01279882856032465
  0.01305581640558997  0.01335423573886453  0.01361884849121572  0.01387235442353477
  0.01412033587972906  0.01441068596865007  0.01471513554271706  0.01506862614450468
  0.01544113030569595  0.01583860813401932  0.01645402294122745  0.01694062892518008
  0.01737434843595458  0.01765065845358850  0.01790060260717414  0.01801852841811300
  0.01814363729186599  0.01830592054245124  0.01852674223320214  0.01874775122397982
  0.01896030199867025  0.01920431032265852  0.01962969950148412  0.01993338300893720
  0.02024011938613065  0.02061585120487653  0.02085841545004903  0.02108058777900657
  0.02131579394035511  0.02175174165047343  0.02252839697336520  0.02345107675776016
  0.02629887303804556  0.02695072800804159  0.02743842314653478  0.02792102216248152
  0.02840559116022843  0.02889918403376666  0.02949590612806478  0.03272666341611234
  0.03416137496707559  0.04216681940930431  0.04386272379763179  0.04575416682295366
  0.05326561105029406  0.06077705527763445  0.08394654959419778  1.00000000000000000
 -0.00199604691237463  0.00805335977777252  0.01652803706915466  0.02572173834956798
  0.03528805485831146  0.04558435757456745  0.05526687615534808  0.06492929508113417
  0.07433641699219411  0.08395873845789562  0.09422816167924777  0.10470591965297729
  0.11458921674771094  0.12382259627464004  0.13320288759098250  0.14289421164191726
  0.15238190195931253  0.16170698833338837  0.17115549614388131  0.18093889646538702
  0.19063185319350862  0.19962927525584445  0.20876205166767398  0.21886729609548053
  0.22940896128272184  0.23945742816410015  0.24953833551666743  0.25953227218724451
  0.26935091320079230  0.27862142116879329  0.28761961483094356  0.29739199456906096
  0.30837411848174828  0.32038267761362960  0.33271174559893318  0.34412578973400970
  0.35483779331357101  0.36554777040756392  0.37707605504767516  0.38982523520854689
  0.40350701805058958  0.41774774782194329  0.42994143255862827  0.44157959676922220
  0.45343315382922156  0.46667110584557897  0.48058080551472454  0.49426466506958677
  0.50662265873364376  0.51947200020499218  0.53027003947740270  0.54027534712551206
  0.54990044241690861  0.56121481815181418  0.57170805550698189  0.58156540673122448
  0.59128498142047314  0.60116933151090612  0.61244693257806837  0.62456650431222960
  0.63701781772670496  0.64928888671226104  0.66125041058356415  0.67286535772617195
  0.68420790842228341  0.69612539753221170  0.70827870515109170  0.72018450497348208
  0.73162604595310521  0.74260517307541563  0.75375501284417634  0.76509923394255397
  0.77619491147575348  0.78733650967802393  0.79730007438818606  0.80639523659848766
  0.81510852803416611  0.82358430024595264  0.83191653301292801  0.84031669613145565
  0.84893988279547239  0.85804835106468780  0.86888545297143016  0.87907393923329413
  0.88788978677677921  0.89681468381022333  0.90610453737077212  0.91613411100301634
  0.92722851393350569  0.93789992161415614  0.94829110859785082  0.95902494940206184
  0.97001183894537790  0.98044959213258431  0.99036875255924983  1.00000000000000000
  0.42532306721272445  0.53333342880319268  0.54708098640844727  0.56020332476800772
  0.57227098932793152  0.58353144642379762  0.59565043463600642  0.60814835034827597
  0.62008859769984526  0.63120389884547257  0.64229976508357489  0.65343087059635951
  0.66379215459961549  0.67371112034369574  0.68316135303653147  0.69251229291226946
  0.70166386624582877  0.71127984459113791  0.72077244107300142  0.73005426492480952
  0.73906016919122464  0.74773865769191494  0.75576587003299323  0.76353911366329397
  0.77144229951331267  0.77907752735064462  0.78662104901011309  0.79381800020624183
  0.80076583489564557  0.80754740292666949  0.81405397706834071  0.82015379466039884
  0.82619304449615527  0.83213268504985671  0.83786060239824656  0.84344568499242834
  0.84890746127621775  0.85426476072588198  0.85953094866543334  0.86476885507617929
  0.86990161654659448  0.87488874987383447  0.87953963686990222  0.88402123609126670
  0.88849206160951966  0.89266783463191668  0.89669893429960956  0.90054435389562537
  0.90438879042022269  0.90821025916215170  0.91199249377632796  0.91574747321093208
  0.91940773566022160  0.92292314856819668  0.92619845309438265  0.92936380148080910
  0.93253661927958076  0.93569078339242306  0.93876238204546780  0.94159791273090931
  0.94409731388157858  0.94639352435167445  0.94867269729767489  0.95091151380921490
  0.95321247283387978  0.95570949346497958  0.95818158843448997  0.96027977238634032
  0.96245485551824328  0.96462330268330909  0.96670911724249708  0.96862011378990376
  0.97037472386255275  0.97206425657976792  0.97375056145835714  0.97543363496531466
  0.97711005112162175  0.97873278412441445  0.98024940400529892  0.98162948482387391
  0.98300365886251262  0.98434080534646240  0.98566128459327185  0.98700329452125624
  0.98843090512720277  0.98959048129890448  0.99073392146903683  0.99184742640268264
  0.99291739466898321  0.99389692402575203  0.99487237665715689  0.99588564247627809
  0.99706431133833062  0.99807128180286953  0.99904594878097885  1.00000000000000000
  0.02265323911641633  0.07170412544897048  0.10328568936628008  0.12133475945297068
  0.13611854579903349  0.15142436833560632  0.16560369520210338  0.17751510842094775
  0.18772491719836670  0.19588072199138470  0.20429306394913307  0.21304997455099917
  0.22158731733347339  0.22990221510747305  0.23756604606857840  0.24475260444496799
  0.25172646450011149  0.25875397310485715  0.26566016388631702  0.27271545118430635
  0.27969705946410184  0.28652837418229227  0.29355269256552891  0.30072800320807219
  0.30847271044704461  0.31599205766578203  0.32312927134350156  0.33027997410868876
  0.33724165743757428  0.34454175352511807  0.35152598819744041  0.35861722988986339
  0.36591178364987559  0.37320199607489279  0.38042678566853272  0.38762161113952298
  0.39462265214395953  0.40125971539108984  0.40792152120067871  0.41481301400296905
  0.42164480124563314  0.42817992359421853  0.43478936655382927  0.44162149223398328
  0.44844663028280873  0.45479154353788681  0.46099790386052125  0.46756388830930179
  0.47424165122042738  0.48117695430655327  0.48813080902399575  0.49503393481625668
  0.50228729024077534  0.50971056670140602  0.51734629178867875  0.52403112377542538
  0.53108873441607063  0.53820563179579139  0.54545398238222120  0.55257246883634992
  0.55985901250232706  0.56705475017801721  0.57376383351810312  0.57986941827097982
  0.58587422928676369  0.59200325159793343  0.59847790230266729  0.60476303953768562
  0.61071712007907752  0.61680178472163216  0.62317023191426824  0.62990330538331718
  0.63723681216702610  0.64472169909569788  0.65215576939939313  0.65994513821345968
  0.66772064235842243  0.67630317338999313  0.68436880427505842  0.69281155620905632
  0.70103784381678713  0.71004472776648087  0.71985224436418882  0.72901852729805428
  0.73658706058817214  0.74367134966085136  0.75073527112855010  0.75773140487853297
  0.76552208735538751  0.77423427368021069  0.78237017295199784  0.78981926874502550
  0.80239090144010095  0.82176190330623655  0.83667259787480819  1.00000000000000000
   2.7608646270352111E-011  -1.0000000000000000     
 F F F F F F F F F F F F T T T T F F F F F F F F T T T T F F F F F F F F T T T T F F F F F F F F T T T T F F F F F F F F F F F F F F F F F F F F F F F F F F F F F F F F F F F F F F F F F F F F F F F F F F F F F F F F F F F F F F F F F F F F F F F F F F F F
  <DiscreteSampler_grid>
  grouped_processes
  1 # 1 for a reference and 2 for a running grid.
  10 # Attribute 'min_bin_probing_points' of the grid.
  1 # Attribute 'grid_mode' of the grid. 1=='default',2=='initialization'
  0.0000000000000000 # Attribute 'small_contrib_threshold' of the grid.
  0.5000000000000000 # Attribute 'damping_power' of the grid.
 # binID   n_entries weight   weight_sqr   abs_weight
    10   10   3.504634466294628E-003   6.964037175278917E-005   3.504634466294628E-003
    16   10   3.504634466294629E-003   6.964037175278921E-005   3.504634466294629E-003
  </DiscreteSampler_grid>
