  0.00000298266881644  0.00000346314764043  0.00000385658262146  0.00000419974359604
  0.00000449575585246  0.00000478503205090  0.00000507742527351  0.00000535281894152
  0.00000573467617822  0.00000601539354349  0.00000628522418710  0.00000656484277444
  0.00000696986588260  0.00000746816790413  0.00000797405003629  0.00000852417853260
  0.00000923357351764  0.00001034623267343  0.00001161809168179  0.00001291178649588
  0.00001419151814171  0.00001536794198553  0.00001644024019058  0.00001760884585838
  0.00001888668628161  0.00002025831045603  0.00002218748541312  0.00002452031452013
  0.00002721316562398  0.00002995159906338  0.00003190334817687  0.00003393881060242
  0.00003615150759019  0.00003876280810164  0.00004181495808052  0.00004522039863714
  0.00004878043255475  0.00005285140428998  0.00005704503557884  0.00006102407921751
  0.00006501942137010  0.00006905692810852  0.00007315766546684  0.00007744776072206
  0.00008244124423694  0.00008848253422421  0.00009716760954428  0.00010541803711348
  0.00011406085758231  0.00012242982130166  0.00013101110116362  0.00014070341170960
  0.00015140959611667  0.00016082471722426  0.00016305901303194  0.00016504518106386
  0.00016667469176642  0.00016807757201907  0.00016938238025516  0.00017173841823477
  0.00017627053627735  0.00018074654687384  0.00018596189157186  0.00019144665326919
  0.00019518878693550  0.00019901042804609  0.00020477553324230  0.00021141914112693
  0.00021763303641873  0.00022331139709214  0.00022946640086528  0.00023629540578623
  0.00024300455431228  0.00024930745611837  0.00026115410460137  0.00028698742688954
  0.00032380097901402  0.00037185727601969  0.00040420130538711  0.00043366891486529
  0.00046446023774795  0.00049917952196524  0.00054977826438262  0.00061822405360488
  0.00067881767557399  0.00072606234687924  0.00079210552757459  0.00089767202353709
  0.00110342548389986  0.00141993314676807  0.00181331926406232  0.00200946530962683
  0.00245671312922288  0.00531748582166623  0.03420406346380492  1.00000000000000000
  0.00000099018587423  0.00000998895659880  0.00001677901336135  0.00002432160746911
  0.00003225043659202  0.00003996838093572  0.00004801748185179  0.00005698732265957
  0.00006764257831125  0.00007750447667917  0.00008553472427714  0.00009290555232055
  0.00010105534305437  0.00011206271802920  0.00012657148260160  0.00014165443780514
  0.00015363778211736  0.00016416140014409  0.00017388845367955  0.00018364206438603
  0.00019337322287030  0.00020760552921363  0.00022230586323838  0.00023699233858266
  0.00025131065349152  0.00026250903724709  0.00027127937068017  0.00028066311249767
  0.00028970392889112  0.00029771131955934  0.00030577622958951  0.00031362083226727
  0.00032319995364447  0.00033607633077472  0.00035082973677372  0.00036627691008762
  0.00038042470749973  0.00039236859601258  0.00040086755887459  0.00040830309540575
  0.00041632075009960  0.00042272200492649  0.00042919979416088  0.00043620179301642
  0.00044416923999370  0.00045228568224374  0.00046028459575607  0.00047088118231434
  0.00048329624612380  0.00048916811562843  0.00049474792009819  0.00050170606006120
  0.00051023933792508  0.00051729951930320  0.00052477070918123  0.00053447502921839
  0.00054382942583996  0.00055327252525868  0.00056414253420777  0.00057412636331520
  0.00058477507381432  0.00059846090141078  0.00061538868556256  0.00062925361092296
  0.00063792851242381  0.00064524397857737  0.00065427209163824  0.00068142963041515
  0.00071393324446362  0.00074400841338758  0.00077286169270735  0.00080835907966594
  0.00084111718108241  0.00088050988482059  0.00091514710062731  0.00094174526532145
  0.00096734791074916  0.00100730514560600  0.00105946965731976  0.00112744108984382
  0.00118449286876640  0.00121698245819020  0.00124835045062505  0.00128307476671548
  0.00132896832610299  0.00137976638883699  0.00143348562003003  0.00150226481882896
  0.00161861036809301  0.00171456088211534  0.00180753540678168  0.00189891083979073
  0.00231698954144358  0.00301062082142125  0.00393887158922491  1.00000000000000000
  0.00000061725615535  0.00000115399456002  0.00000142095321330  0.00000156206401229
  0.00000181484221662  0.00000204481519831  0.00000217682389827  0.00000232354580589
  0.00000244712020021  0.00000255374117828  0.00000276846167896  0.00000297338416885
  0.00000308480644120  0.00000331664597087  0.00000357762884036  0.00000392341014927
  0.00000438429606442  0.00000492215436040  0.00000561756002364  0.00000646744413098
  0.00000740286457508  0.00000842855254170  0.00000960633190148  0.00001095091250928
  0.00001245303286177  0.00001409203920691  0.00001562468368195  0.00001707803720053
  0.00001851212348578  0.00002007608953295  0.00002194589902649  0.00002420340581259
  0.00002670146115318  0.00002892573120259  0.00003087797845382  0.00003215647190419
  0.00003289974600105  0.00003352524191518  0.00003422390590042  0.00003533099306963
  0.00003680993647579  0.00003806942230109  0.00003927433971909  0.00004025647953163
  0.00004112951278266  0.00004204415963495  0.00004315857550667  0.00004461516203431
  0.00004606181282640  0.00004731082668266  0.00004880419573386  0.00005024514915406
  0.00005161075807343  0.00005298288948947  0.00005418759204482  0.00005564740944143
  0.00005719434372380  0.00005884230729507  0.00006057751065698  0.00006231000449733
  0.00006398241298840  0.00006585216839856  0.00006896027414885  0.00007301492320881
  0.00007716700163559  0.00008130444628999  0.00008559211335877  0.00008977812359986
  0.00009329967021107  0.00009684834684412  0.00010094390651928  0.00010646295442904
  0.00011407383527144  0.00012370265322962  0.00013568869131719  0.00015003315655500
  0.00015757637146433  0.00016395410362368  0.00017102254860191  0.00017701463616433
  0.00018223875864846  0.00018719646870797  0.00019131163176323  0.00019533295597676
  0.00019967302429348  0.00020629098218676  0.00021520035193137  0.00022721918722404
  0.00024388980361079  0.00026476458201310  0.00029524792581292  0.00032700639356264
  0.00042829393436846  0.00084158512889518  0.00165282218409371  1.00000000000000000
 -0.00032422111362572  0.01012004075987910  0.01553975911846749  0.02079436584895569
  0.02868673288697995  0.04030639936228773  0.05555102987775536  0.06860667271451104
  0.07877345716232656  0.08686465354843909  0.09564114887705535  0.11022400266217401
  0.12572686189591870  0.13652126280463556  0.14232733295884278  0.14884824604940722
  0.15615261797352320  0.16466636259899683  0.17675996358574098  0.19237656933594499
  0.20674085579335774  0.22055313472377641  0.23174395936353492  0.24522296847933669
  0.26004833391727511  0.27624867018297555  0.29114599966432653  0.30429174089626754
  0.31712760119052502  0.32885357987908442  0.33754934515844592  0.34256145360711682
  0.34696036340602959  0.35225550546238793  0.35884239060467321  0.36616483961532076
  0.37226418568987196  0.37727774061192165  0.38208139704717603  0.38688422730025229
  0.39228374748118883  0.39936904356952452  0.40795751508920725  0.41624837856073948
  0.41928124868122163  0.42227786204556866  0.42566501839441712  0.43003393823155811
  0.43429110235012897  0.43806270079319104  0.44221626068816006  0.44599039150013886
  0.45127280081333354  0.45879362163609327  0.46769207937436763  0.47996514481188002
  0.49752412618148434  0.51883636346562478  0.53900372892303028  0.55756407001221364
  0.57529457273306683  0.59099443026225107  0.60180870887700233  0.61174985211609556
  0.62099454845729496  0.62958047148319329  0.64216631265740753  0.65545239395460719
  0.67168821672927082  0.69100980980634930  0.70859822823307494  0.72192452293801257
  0.73096987747352704  0.73912062896483277  0.74943042437595120  0.76111322501976530
  0.77473417501732966  0.78869197969729266  0.80126211500195865  0.81514924850735937
  0.82875750721323393  0.84193554893987466  0.85598123078848765  0.86895200302441200
  0.88101967274761006  0.89226430241299237  0.90358892964586257  0.91466126720369112
  0.92506868106215523  0.93417640150975079  0.94303329354626542  0.95363454464620900
  0.96567295260001118  0.97672275982029177  0.98812456361999779  1.00000000000000000
  0.00008531680628797  0.00010700333824855  0.00016179408001440  0.00020574135153327
  0.00022381467407803  0.00024254131766172  0.00026218080321650  0.00028228678288097
  0.00030277758288690  0.00032104652942611  0.00033910047541616  0.00035691254131745
  0.00037306398600121  0.00038958389262373  0.00040797913538596  0.00042780694203440
  0.00044858857653506  0.00046580845934757  0.00048270137657925  0.00049929738924147
  0.00051539131463946  0.00053146085914306  0.00054751805100915  0.00056412096218926
  0.00058112277343213  0.00059954534325086  0.00061889414820294  0.00063909086831082
  0.00065970615937207  0.00067953999980612  0.00069870002022699  0.00071979276996506
  0.00074054910229838  0.00075980555793120  0.00077966174813572  0.00080029360138535
  0.00082227428697511  0.00084557126020262  0.00087077056996154  0.00089887923359338
  0.00092975466349452  0.00096324139879249  0.00099130727182312  0.00101796091857803
  0.00104688412990051  0.00108282513312214  0.00112450468729018  0.00117649744068628
  0.00122770292138055  0.00128234955650804  0.00132969743570528  0.00135910751039578
  0.00138078523491478  0.00140268005311416  0.00142401529407258  0.00144367345754044
  0.00146331451680449  0.00148539382905733  0.00150993633794232  0.00153416017723392
  0.00157349647523237  0.00163809665510603  0.00170953809788969  0.00178422613864205
  0.00185288184745897  0.00190837757932714  0.00195519051028092  0.00201073061093289
  0.00207131534363027  0.00214715147051796  0.00226634183723966  0.00241504147022844
  0.00255789576142294  0.00268414825054658  0.00280632302636215  0.00289054654730612
  0.00295358341219207  0.00301377724937281  0.00308331603290011  0.00319350553010347
  0.00332996511678275  0.00348456550114023  0.00367122575993243  0.00389823863355514
  0.00403510299673001  0.00412235729162220  0.00423372155849485  0.00439630901433908
  0.00483309647120287  0.00515504508187083  0.00537063054090845  0.00557898587120939
  0.00613365656160700  0.00673747144734645  0.00714553208609416  1.00000000000000000
 -0.00200525950091816  0.00362308409672086  0.00918712555588420  0.01455391268869994
  0.01984615357096806  0.02499776553367048  0.02952130838074685  0.03244375903949404
  0.03501245185767276  0.03766160032048735  0.04037806345954950  0.04327411980878100
  0.04628350082015627  0.04899849723442786  0.05149115614502713  0.05401661913363643
  0.05750811363447595  0.06376781612736195  0.06997936064242059  0.07675540587697410
  0.08347411293221864  0.09066813899316123  0.09756868693513959  0.10527028723813119
  0.11411099287506341  0.12396041583123016  0.12749582639940882  0.13075638418814409
  0.13417148406461668  0.13729523337244709  0.14041680977061632  0.14481937740009662
  0.14976194249698213  0.15344054419887829  0.15706769653763050  0.16081608057849700
  0.16489605200811053  0.16917123065530049  0.17437937407142540  0.17868754582287241
  0.18295130326605547  0.18880582007955798  0.19966510653266101  0.21356454079460685
  0.22568740151031405  0.24019043728742268  0.25949737482583318  0.28074144835098014
  0.30385740601696398  0.33369916692473417  0.37222859017070453  0.43858289175747411
  0.51239240505586003  0.54828732439321459  0.59628848765658049  0.63550461693888227
  0.66345295748988931  0.69411171393638182  0.72425970150579266  0.74460924710744092
  0.75965353248284362  0.77498652009671443  0.79200992682042737  0.81001906089456432
  0.82514328659843805  0.83728767971158624  0.84518994589279361  0.85282273314699120
  0.85845879067509090  0.86251795711006995  0.86614449036479357  0.87064557296549017
  0.87668352121836668  0.88287887201873472  0.88806412351000930  0.89327678545136280
  0.89928995450345262  0.90658905304386062  0.91561599704851837  0.92454057599611439
  0.93371394078112491  0.94043911812702241  0.94484714702843886  0.94824671007248795
  0.95191526354998268  0.95583382634526437  0.95992392301565632  0.96410860196680526
  0.96815225054961074  0.97161281499631558  0.97475640589485146  0.97826997829302453
  0.98220446649245285  0.98664400721234669  0.99255936104227105  1.00000000000000000
  0.00005280700969909  0.00008553601147274  0.00008567844845199  0.00008582700991949
  0.00008593591402090  0.00008604041808497  0.00008613477178684  0.00008622541840301
  0.00008631501982868  0.00008641773765241  0.00008653727573542  0.00008665033835742
  0.00008675662670949  0.00008685311586890  0.00008695016335341  0.00008704871456965
  0.00008715593116050  0.00008726324667815  0.00008736514357022  0.00008746029364558
  0.00008755289428194  0.00008764422863322  0.00008773414794236  0.00008782740072856
  0.00008792576623196  0.00008805240055876  0.00008822295139847  0.00008838775212110
  0.00008856183831039  0.00008872654142865  0.00008888001274399  0.00008901548532604
  0.00008914194961977  0.00008926898364171  0.00008940354590294  0.00008957467742562
  0.00008974346459770  0.00008990572981727  0.00009005222965820  0.00009020217403891
  0.00009035535563061  0.00009052025019134  0.00009071320439217  0.00009092355900276
  0.00009113766457462  0.00009134570015315  0.00009153759289183  0.00009172552875922
  0.00009189580799253  0.00009206469116124  0.00009223291557884  0.00009240697532831
  0.00009259650070069  0.00009276122690325  0.00009290725932964  0.00009305358941706
  0.00009321335762334  0.00009337999427034  0.00009353714856531  0.00009368416676341
  0.00009383056340466  0.00009398260458394  0.00009414140587178  0.00009430364887724
  0.00009449950475106  0.00009468616039629  0.00009488957708285  0.00009511621672962
  0.00009534926280485  0.00009557973375379  0.00009578386118736  0.00009598749656880
  0.00009618179221597  0.00009637039814636  0.00009656359310102  0.00009675512403245
  0.00009694845418815  0.00009714549527826  0.00009734563444199  0.00009753481949143
  0.00009771353143144  0.00009788478294482  0.00009806926784611  0.00009827353077454
  0.00009849480167661  0.00009872260607035  0.00009894230661089  0.00009917294039445
  0.00009940565329558  0.00009962972285114  0.00009980069647901  0.00009991399247500
  0.00009999677118193  0.00009999677126373  0.00009999677160767  1.00000000000000000
 -0.00256484118955023  0.00543295499226625  0.01292941849470311  0.01975502520201543
  0.02637877032698345  0.03469927197842754  0.04398830544153272  0.05359977322783223
  0.06561167271289044  0.07930141283327577  0.09224746754626896  0.10520351127407260
  0.11756152527897162  0.12965464380155856  0.14106237313094419  0.15240683997523041
  0.16444438404595357  0.17401546205939630  0.18253446254893380  0.18950394374386897
  0.19934928769886606  0.20833803842292128  0.22031617082934468  0.23379445277214775
  0.24698591808178361  0.26014533526808004  0.27243379977889592  0.28363108186918984
  0.29492285921397104  0.30335320643679226  0.31563774283930707  0.32835345221738049
  0.33844074063449298  0.34843701534453175  0.36013249724389651  0.37245956912974676
  0.38263029183440600  0.39297627484792863  0.40343307539956624  0.41393895472574266
  0.42307408560754634  0.42978284464088345  0.43802421874956948  0.44663323261216331
  0.45587535382646438  0.47046202259594272  0.49036082292598354  0.50726836409009735
  0.51578141518997478  0.52423345379812158  0.53349549632115978  0.54851050862002504
  0.56579832546006115  0.58389341163304254  0.60088336740356096  0.61950217487685089
  0.63592904497576874  0.65507826439399475  0.67370308340305929  0.69102187629055845
  0.70851371536191421  0.72525743503486251  0.73976541151470121  0.74879996115134551
  0.75538353634659949  0.76198071130297440  0.76963878264545482  0.77674478982299722
  0.78296196661309492  0.78914599841334288  0.79506309526523433  0.80178778798862105
  0.81359181571905592  0.82689980163081167  0.84128256180386074  0.85726599498291467
  0.87135502072090998  0.87988532713480927  0.88576595450012086  0.89033543527400416
  0.89433669345538180  0.89945636668165974  0.90493004956920176  0.90970099367558577
  0.91481101262056663  0.91923292738419760  0.92454756031079344  0.93109401840771500
  0.93690997475996252  0.94472555254039436  0.95475045485428034  0.96342958209893437
  0.97209016175127227  0.98122405919211009  0.99080097923706534  1.00000000000000000
  0.41622181922072787  0.72048381718677879  0.80057618998122615  0.83539495570301803
  0.85879651945400637  0.87710013570416989  0.89076468172781575  0.90224771865271192
  0.91346782179274744  0.92321005281961588  0.93049557824456908  0.93519027724431281
  0.93880360961947529  0.94225290717731180  0.94621930182137515  0.95066934770013167
  0.95512413301563304  0.95821657680609940  0.95981898949893962  0.96130503513761445
  0.96305790369297428  0.96433600830300692  0.96536493801926793  0.96618983339930864
  0.96693714545684084  0.96750840612991329  0.96802093350250296  0.96879107754395688
  0.97003293370051835  0.97107765859641648  0.97240902140857655  0.97350492206136097
  0.97452911479861914  0.97572074015880506  0.97697236367368678  0.97777823954559018
  0.97834803176521812  0.97899306677976139  0.97954804854987620  0.98024342454529201
  0.98092101770236440  0.98154993312394290  0.98214858867537580  0.98274470603982789
  0.98326738288262294  0.98379481007728897  0.98431159733408091  0.98486485622926001
  0.98548719266977902  0.98604624853862699  0.98654082666568110  0.98703561890301217
  0.98755519232877298  0.98791512227059819  0.98823671665946655  0.98853720953172852
  0.98892923499192786  0.98936026195723892  0.98995184945411752  0.99064898125375822
  0.99126366877461103  0.99174486610184875  0.99214058177814946  0.99250802094402835
  0.99288018823083368  0.99327612133882326  0.99364262207358089  0.99401957385096085
  0.99440786478823473  0.99479141010748107  0.99513567106877854  0.99548051112905700
  0.99583314131158962  0.99605058229609256  0.99623687626919244  0.99640731496625468
  0.99656561260347198  0.99672918601305727  0.99692903511362996  0.99717156329682111
  0.99743834224699335  0.99773084159105274  0.99789062521867278  0.99805307458190917
  0.99816978880512142  0.99827963560172717  0.99837154971287090  0.99846682697344813
  0.99857645197128564  0.99867947692593417  0.99878137349245522  0.99888936004576623
  0.99900069114757539  0.99930236440303699  0.99959958286404216  1.00000000000000000
  0.03814854707779423  0.17655070916180979  0.22151294876678645  0.23971449409808851
  0.25579282813619880  0.26926041904893627  0.27866111681361749  0.28833648433806686
  0.30345402748904798  0.31764579800581960  0.32840445027916704  0.34095757786966135
  0.35581971541794544  0.37115035642003247  0.38374948252621799  0.39278493332743236
  0.40081689534976206  0.40907472380814569  0.41640051812897566  0.42440540237254559
  0.43416664783687164  0.44430824755930387  0.45428273504055683  0.46423141360449544
  0.47447606733865100  0.48536007882584947  0.49629470023938388  0.50297121195046146
  0.50633234587119691  0.51015667388360442  0.51449176995649104  0.51895791992302953
  0.52236318494454281  0.52629731880059483  0.53061132553713397  0.53309302510724421
  0.53571427396708216  0.53851716530321270  0.54138169018743620  0.54501137784214060
  0.54931407717828051  0.55446460274871301  0.55920916777731888  0.56374770167786370
  0.57010911212301374  0.57719790816019612  0.58364123361264730  0.58948461327665980
  0.59288759396417234  0.59634106540914011  0.59963997536310853  0.60292503757562055
  0.60632687458021295  0.61000560327203579  0.61341633291044506  0.61654103587004994
  0.61944738309979830  0.62314704204977356  0.62901247311160924  0.63482707035534680
  0.64068568665797210  0.64598373333561010  0.65070123874241093  0.65534288072043223
  0.66021129157787473  0.66531687327951328  0.67172366466382605  0.67915788496704999
  0.68805265366830048  0.69629283219716798  0.70257862835329965  0.70915605693887229
  0.71597454830342888  0.72384434570480849  0.73245719514610674  0.73867887756483341
  0.74376755739144151  0.74849886121393694  0.75392585858602879  0.76184977388459185
  0.77267390557067450  0.78104795242337144  0.78734222568050782  0.79263238792334922
  0.79822844274537752  0.80569479874140659  0.81622325440406140  0.82526342249459361
  0.83165049454806772  0.83759899049334485  0.84495709109248840  0.85633146473714139
  0.86816235429790589  0.88093635849265406  0.90462406987723476  1.00000000000000000
   6.9248232156283815E-011  -1.0000000000000000     
 F F F F F F F F F F F F T T T T F F F F F F F F T T T T F F F F F F F F T T T T F F F F F F F F T T T T F F F F F F F F F F F F F F F F F F F F F F F F F F F F F F F F F F F F F F F F F F F F F F F F F F F F F F F F F F F F F F F F F F F F F F F F F F F F
  <DiscreteSampler_grid>
  grouped_processes
  1 # 1 for a reference and 2 for a running grid.
  10 # Attribute 'min_bin_probing_points' of the grid.
  1 # Attribute 'grid_mode' of the grid. 1=='default',2=='initialization'
  0.0000000000000000 # Attribute 'small_contrib_threshold' of the grid.
  0.5000000000000000 # Attribute 'damping_power' of the grid.
 # binID   n_entries weight   weight_sqr   abs_weight
    10   10   2.427461301049729E-004   1.868658565659581E-007   2.427461301049729E-004
    16   10   2.427461301049730E-004   1.868658565659580E-007   2.427461301049730E-004
  </DiscreteSampler_grid>
