  0.00000038349766088  0.00000047176391650  0.00000050670286481  0.00000052646874384
  0.00000054593915047  0.00000056822089738  0.00000058914848581  0.00000061035228576
  0.00000063117707696  0.00000065854318415  0.00000068578270846  0.00000071084754771
  0.00000073536127430  0.00000076020290862  0.00000078590291158  0.00000081804398996
  0.00000086056454646  0.00000091276608223  0.00000097493517257  0.00000104012893101
  0.00000110546808809  0.00000119257337456  0.00000129790158505  0.00000141915605873
  0.00000155322381138  0.00000170905122551  0.00000188822057674  0.00000207582213736
  0.00000227829138216  0.00000248946417892  0.00000271423197030  0.00000296680279026
  0.00000324266689503  0.00000354735544795  0.00000386777903969  0.00000421793314791
  0.00000458354397057  0.00000498527139477  0.00000543539400147  0.00000594102558394
  0.00000650974389302  0.00000712580705224  0.00000777584963773  0.00000847323880299
  0.00000922292591250  0.00001003481492699  0.00001091603362162  0.00001190602231931
  0.00001299614311203  0.00001423291540876  0.00001556401905745  0.00001696053350606
  0.00001853140171080  0.00002021467914570  0.00002224283017069  0.00002435077054820
  0.00002684708748151  0.00002951854429106  0.00003269802330003  0.00003612909621502
  0.00004009276964057  0.00004459400716153  0.00004965538115888  0.00005575946347382
  0.00006265479944879  0.00007027873608516  0.00007881596257883  0.00008848070208112
  0.00009979300985872  0.00011272476174550  0.00012753919350324  0.00014431986940072
  0.00016349666973623  0.00018433256082078  0.00020969105414877  0.00023785311253379
  0.00027172875381417  0.00031084246165521  0.00035720218488320  0.00040997483227185
  0.00046775929726287  0.00053655510066568  0.00061140294257966  0.00070186925444332
  0.00081972858044391  0.00097146789559118  0.00117410141634028  0.00142185820099571
  0.00174989253629006  0.00220796219314655  0.00288476960833875  0.00390505858239550
  0.00541372299008170  0.01041489583099651  0.02176205121172506  1.00000000000000000
  0.00000071131848614  0.00000074062986408  0.00000076971238602  0.00000080475786726
  0.00000084472712222  0.00000088618272252  0.00000092966290093  0.00000097915152021
  0.00000103804784880  0.00000110098296340  0.00000116671492995  0.00000123864737008
  0.00000131168988690  0.00000138751739597  0.00000147735359322  0.00000157177138792
  0.00000168761371059  0.00000181258794331  0.00000194456622268  0.00000208845438282
  0.00000224825062386  0.00000242825060808  0.00000262577800517  0.00000283339280851
  0.00000305075111181  0.00000327114235713  0.00000350074093248  0.00000374932877203
  0.00000403278662575  0.00000435693700088  0.00000470439133767  0.00000506906005507
  0.00000546727635303  0.00000589806508936  0.00000637166115408  0.00000687061832909
  0.00000739698822128  0.00000795277378500  0.00000854556591059  0.00000920247857707
  0.00000989757519943  0.00001067650438601  0.00001148990214400  0.00001241094127847
  0.00001341664399018  0.00001450579274064  0.00001570634649155  0.00001695156881886
  0.00001827688956021  0.00001966326413718  0.00002123846945816  0.00002295049273626
  0.00002487782044089  0.00002694825971342  0.00002918226277368  0.00003155422389067
  0.00003421891246802  0.00003721597584833  0.00004069001749932  0.00004427993260649
  0.00004841484416332  0.00005281865694275  0.00005766857344031  0.00006294584404784
  0.00006895977368789  0.00007541177253461  0.00008246477150736  0.00008995999227481
  0.00009869834515976  0.00010814859438160  0.00011915928348620  0.00013188499646706
  0.00014680265765391  0.00016364135175264  0.00018264785890920  0.00020395239369710
  0.00022790535766757  0.00025418617303646  0.00028355865880050  0.00031663705174598
  0.00035124058312173  0.00038798846709250  0.00043006619515459  0.00047502210200114
  0.00052341982818016  0.00057740268537700  0.00064781708189942  0.00073977513627365
  0.00085533242779178  0.00097355946147786  0.00108248415266106  0.00121928825918568
  0.00139714580314672  0.00171300347388558  0.00240781344940785  1.00000000000000000
  0.00000249397846311  0.00000284621299780  0.00000309889616844  0.00000334784959164
  0.00000363795910687  0.00000397782744384  0.00000434897171557  0.00000474870968252
  0.00000520616516190  0.00000574694355811  0.00000635423481209  0.00000699949597590
  0.00000771865724966  0.00000849592250594  0.00000942290813332  0.00001052688858635
  0.00001181468681132  0.00001325380404673  0.00001489900897802  0.00001672172837239
  0.00001873837615467  0.00002098283704170  0.00002352541191197  0.00002626871003350
  0.00002947092004439  0.00003301812748863  0.00003708318860200  0.00004196456471469
  0.00004737952125148  0.00005326710658817  0.00005963106587555  0.00006648449342967
  0.00007405345073951  0.00008218630211576  0.00009145066596258  0.00010173447023744
  0.00011292274648379  0.00012532667980964  0.00013923924927144  0.00015593705440892
  0.00017340880689059  0.00019254790085830  0.00021420492287241  0.00023822297105965
  0.00026423723318809  0.00029142525173989  0.00032046340021144  0.00035133674516683
  0.00038376637050112  0.00041864662086105  0.00045708380097785  0.00049861581868714
  0.00054221869999227  0.00058687736376167  0.00063483355516649  0.00068728411840467
  0.00074305290926363  0.00079740528131835  0.00085051669292359  0.00090988333943944
  0.00097321433812271  0.00104449738745392  0.00111901617957425  0.00119372020444064
  0.00126966648971313  0.00134403056140764  0.00141656661231733  0.00149068543495741
  0.00156979754318886  0.00165754023832005  0.00174156651923985  0.00182867352487393
  0.00192726863976581  0.00203169664801851  0.00215615327859326  0.00229376876034691
  0.00243432437149606  0.00254748004430472  0.00266534900470164  0.00279385773974304
  0.00291874113524265  0.00303240787775895  0.00313424537504565  0.00322613632449581
  0.00332326977210392  0.00343106250290781  0.00355882327640142  0.00370816790110693
  0.00387386398193338  0.00405387788640060  0.00424790555614750  0.00443508077779689
  0.00462924098649972  0.00482227417440389  0.00504128411056626  1.00000000000000000
 -0.00431609189545558  0.01973710835897541  0.03902542342079824  0.05774753057598093
  0.07579021233962754  0.09367024515924362  0.11125695301548708  0.12802720154907876
  0.14396091029007912  0.15947503750444483  0.17496811450299687  0.19070128839984113
  0.20600587512566126  0.22039494604910378  0.23444294945867106  0.24832148422598213
  0.26172850356495125  0.27523417176188392  0.28921413066999180  0.30318228188362500
  0.31681939007390564  0.32980821540229344  0.34277595073043698  0.35556552255061452
  0.36847136778052192  0.38131518675823345  0.39437954611688164  0.40717737017285277
  0.41963788099064275  0.43166204909719608  0.44355411284701529  0.45525393799277575
  0.46688950509518190  0.47812697233388185  0.48923581649034625  0.50050453595940603
  0.51221921553882199  0.52371635037600284  0.53470118299692426  0.54553867504479514
  0.55629790273238389  0.56700554678436621  0.57751167685038574  0.58807132823937991
  0.59902705331249606  0.61002603639723940  0.62066433468555282  0.63097716798926395
  0.64093012269296268  0.65066077227484898  0.66013537604352890  0.66956572553496940
  0.67882941037210498  0.68817691782175605  0.69774493277563510  0.70735047162487052
  0.71659516685708746  0.72552549415361733  0.73448509707403120  0.74372204436467970
  0.75301351686278895  0.76232504719897476  0.77155721949469047  0.78070185542982629
  0.78948759064873275  0.79775480881913940  0.80569289657262222  0.81354468289411053
  0.82116965880075732  0.82870704446256849  0.83620781335304706  0.84361934340159694
  0.85091263025368957  0.85830148034299636  0.86583110687195364  0.87340768767099797
  0.88087480096411497  0.88816571993009508  0.89542705873065032  0.90272507118388279
  0.91002524943156426  0.91697485293197045  0.92331786471606259  0.92929108666752802
  0.93528422782322695  0.94108566595855692  0.94692220521371839  0.95295005510065867
  0.95895501836695995  0.96483980328593233  0.97079148408387472  0.97674037559316118
  0.98271680271630235  0.98867651160206405  0.99440206818708821  1.00000000000000000
 -0.00263969244622423  0.01100342234020514  0.02176048023444777  0.03256875331388032
  0.04295617805419732  0.05346819640565995  0.06411009026271913  0.07521989313714966
  0.08625211538897259  0.09701899111152178  0.10804664775911917  0.11886408027368421
  0.13003168097674575  0.14125254359413417  0.15274833114270694  0.16405982366659438
  0.17517997039707323  0.18616049599578527  0.19670549338477181  0.20707397259370053
  0.21687349961482960  0.22697165669499861  0.23713689026397408  0.24728922396627750
  0.25713475861381879  0.26696335643639185  0.27691986239198207  0.28725698113905856
  0.29801525819744956  0.30923224245779396  0.32028645452877769  0.33167086901621595
  0.34169512306995353  0.35174257366235095  0.36182910011302605  0.37231892750452661
  0.38255429750106845  0.39245566481984973  0.40283731199179612  0.41394381127387903
  0.42528755572062282  0.43669862780422336  0.44796654041298462  0.45885076760133081
  0.46952999213176388  0.47997898269284056  0.49018804828185986  0.50042084183861579
  0.51078729440542248  0.52136074281897626  0.53189442711839519  0.54252170785883480
  0.55325960637329674  0.56378715128202717  0.57410701481562165  0.58467020346334397
  0.59500926449643032  0.60509139041520832  0.61486623469900337  0.62448384455469641
  0.63447651609274336  0.64469573363751265  0.65455278449752885  0.66430829509669065
  0.67364469492725121  0.68324587826657168  0.69351877460637124  0.70375004101875260
  0.71397109800282010  0.72413446864841546  0.73521985690742797  0.74673892075506576
  0.75745456403093159  0.76793474588575361  0.77839484744578857  0.78936032076497209
  0.80007398870564084  0.81093825081763271  0.82074701469647515  0.83047962853535329
  0.84011739012778830  0.85001143693507897  0.85998412161507098  0.87002630806517911
  0.88028279583124291  0.89095918146511688  0.90166936328799074  0.91251306383605846
  0.92355273061037857  0.93490843180220740  0.94596335775535834  0.95701304516263430
  0.96797565492726079  0.97889272854887288  0.98934084198333838  1.00000000000000000
 -0.00276359969781937  0.01049754454722861  0.02184770122105193  0.03285825284689418
  0.04396533786626804  0.05429656710735304  0.06462500900395161  0.07485789100484297
  0.08544556479147836  0.09642859791661454  0.10765643128593239  0.11930787827150918
  0.13041771199616439  0.14135336477310395  0.15196623038817164  0.16292633568376394
  0.17392120794804070  0.18455097895336536  0.19467638529564424  0.20454544967958560
  0.21415240353371359  0.22391245299596835  0.23427978344715147  0.24489527848235726
  0.25517198796441842  0.26550007490427296  0.27531488993769848  0.28535401630218116
  0.29517595178398937  0.30517248622745080  0.31577270948542557  0.32672274433530257
  0.33799384298016111  0.34916113208459509  0.36009533621550854  0.37080153144287781
  0.38120151710825678  0.39155361914788028  0.40173792413415332  0.41208645961986545
  0.42285052874708756  0.43408468864530025  0.44506498338459904  0.45587978413684399
  0.46648389816148161  0.47705040886026145  0.48714661494738831  0.49702207045157054
  0.50718730471560680  0.51712839932787513  0.52775181463973397  0.53835606700715688
  0.55035029246040956  0.56209351236157989  0.57327352135827347  0.58390499958773412
  0.59412356644246311  0.60440970877230404  0.61406056066493342  0.62370785053559552
  0.63349858589344854  0.64386743018907866  0.65401657352677645  0.66391560363719071
  0.67439807429450305  0.68450283837973458  0.69503933004475527  0.70512939066646696
  0.71678351908852000  0.72856618848975285  0.74005475045608526  0.75062179520278083
  0.76053971755648841  0.77036961538382021  0.78021697631324349  0.78981973967344699
  0.79947564916988600  0.80879368479760949  0.81927577817947406  0.83027487293640467
  0.84188469541729816  0.85336052649067207  0.86350866769581491  0.87353425418013197
  0.88340806115149950  0.89403289252075613  0.90465641824878196  0.91516631486273559
  0.92522312647234040  0.93589171213643263  0.94616181730534687  0.95694665196153605
  0.96738691992486103  0.97837763082192308  0.98925035556981811  1.00000000000000000
 -0.00029065961178571  0.00065403157700642  0.00129811703950137  0.00190565194576988
  0.00245049140179184  0.00294862685959901  0.00341235873805150  0.00385773044771722
  0.00429336535630519  0.00473103998501429  0.00516682171689016  0.00560410372917015
  0.00604322736100463  0.00646568471382934  0.00687137172462809  0.00726027623357953
  0.00764064556521601  0.00801047290104908  0.00837166034061720  0.00872905156561468
  0.00907998807556237  0.00944345595971227  0.00979281831291717  0.01015315241427274
  0.01050928746529632  0.01087245477952027  0.01123101113691105  0.01157706900490038
  0.01191856265588274  0.01226538714521541  0.01262299841794024  0.01298586323114494
  0.01334198571147096  0.01369167230714138  0.01404008087778618  0.01439667294750967
  0.01480580855456135  0.01521250666365465  0.01560768820569100  0.01606771854058056
  0.01648966213709485  0.01688041988907895  0.01724202071742907  0.01756243524250702
  0.01790585711918545  0.01824859760962115  0.01852703936776580  0.01881347077874036
  0.01907317508681975  0.01932391946596455  0.01961546044114560  0.01992441509693566
  0.02026151822619032  0.02074907406405888  0.02120383501286828  0.02157860351839596
  0.02194779881655387  0.02241655360159224  0.02291939064710730  0.02337428261804850
  0.02382955466708669  0.02417527928875149  0.02441849982865992  0.02467034415263402
  0.02495716614038105  0.02531145597576354  0.02573314490227679  0.02629274279888066
  0.02683370483045555  0.02730870773407772  0.02770994850516179  0.02810434927327485
  0.02849414423060823  0.02905881615021403  0.03000522247498017  0.03118453051661739
  0.03194657055835599  0.03242947730613530  0.03281415871833940  0.03311467501624179
  0.03335602082456460  0.03379580927701568  0.03420330921087815  0.03464992243290485
  0.03519929561729659  0.03592731871558415  0.03660398906075572  0.03713244750086177
  0.03760277717769812  0.03820637787211196  0.04017150276788598  0.04085959037498788
  0.04282461467764001  0.04480331565552312  0.04480331565560904  1.00000000000000000
 -0.00267867903193613  0.01041899883606478  0.02141146932874841  0.03244207909834730
  0.04380621851113344  0.05552155916427383  0.06664595385114730  0.07749183856975160
  0.08804149120024643  0.09848659149638414  0.10856484493433115  0.11836682366963630
  0.12800314736690216  0.13754991736475089  0.14706841075128285  0.15668081677989751
  0.16648802447428240  0.17636769187007609  0.18621085721165404  0.19618008813048726
  0.20616737705684596  0.21615658154092871  0.22600589878680893  0.23551283817227234
  0.24481806000408468  0.25397690223106439  0.26327611436783022  0.27312121294311903
  0.28332786381671360  0.29323666096475010  0.30283437895176984  0.31259248508252985
  0.32264181009232951  0.33296144900740215  0.34318888763635480  0.35357154295734161
  0.36447220106349770  0.37638351499112221  0.38839861598594738  0.39926529328884824
  0.40953670443815249  0.42019148411603208  0.43214124722396335  0.44486029318581743
  0.45772766972131051  0.47087609476247383  0.48430985133079574  0.49853335836203738
  0.51081612150241573  0.52301484316393221  0.53533821821666028  0.54867266991483343
  0.56150201214719597  0.57408564697775788  0.58619641168149539  0.59775726705006482
  0.60921472814751954  0.62058784801105527  0.63152409026409040  0.64215411091292707
  0.65261871390398307  0.66253043275725354  0.67176683637091950  0.68056371874693511
  0.68947777999606275  0.69891988534342986  0.70856698941977647  0.71788055640191850
  0.72686829151123022  0.73604981621260757  0.74565421355804173  0.75561399962353681
  0.76584451189365832  0.77618272171213032  0.78645911574381655  0.79664518125567385
  0.80672602362966928  0.81651020603535474  0.82622415401931049  0.83648122688448967
  0.84692468302997248  0.85711916922153963  0.86694032887769890  0.87703351006656272
  0.88754918349335554  0.89793876561852559  0.90769749855745563  0.91752811103377985
  0.92786111276294025  0.93815035437183225  0.94817460195126035  0.95809171771804402
  0.96846314919316401  0.97897690712127650  0.98952539084534641  1.00000000000000000
  0.46528478597148615  0.47706568325486182  0.49070489959917152  0.50490936983922097
  0.51895772736752577  0.53296577714741866  0.54649327302746908  0.55934797339485376
  0.57188936547401081  0.58444846943199247  0.59675074366187519  0.60862773137254200
  0.62004139394909652  0.63118071197133852  0.64217715781895157  0.65298724824361543
  0.66342009520234513  0.67381167085763105  0.68392997944549039  0.69364730591769053
  0.70310662962060100  0.71240142887181146  0.72146362058067093  0.73051789779602982
  0.73899818691091901  0.74733251064466510  0.75527870523665741  0.76310928646000120
  0.77092468966101557  0.77857196050550148  0.78595322307538407  0.79312027127207452
  0.79987905464587172  0.80655484256716503  0.81312004981323416  0.81950591171377729
  0.82558408403808670  0.83128169225070880  0.83654895484621672  0.84144980600851493
  0.84608224256095033  0.85043477625518682  0.85458356322198115  0.85859423391016498
  0.86259049523895914  0.86667414859544678  0.87072646169943158  0.87475765745014356
  0.87877716955194884  0.88285583362623432  0.88702866989237517  0.89123039977927920
  0.89540917450592317  0.89948837303786411  0.90347979350732466  0.90744038303640462
  0.91135546096720255  0.91520220382065309  0.91894315571555851  0.92250841375359083
  0.92602197141698694  0.92955600421706563  0.93288694497922997  0.93631632327463865
  0.93939785759877947  0.94246666735637008  0.94548657298057848  0.94841014141583679
  0.95123269155105838  0.95397007315024152  0.95662410249562901  0.95912041071290866
  0.96144147014017245  0.96371396311872992  0.96597071448538685  0.96820781832967018
  0.97028890023129266  0.97225026730855291  0.97419024308480329  0.97613252557457098
  0.97803352899585283  0.97982282338734228  0.98149459995014032  0.98309633004192132
  0.98463423731775623  0.98613561012065087  0.98762229368322330  0.98910784030850973
  0.99050692610331836  0.99187045863458179  0.99320384971452869  0.99449758747212358
  0.99576837849674416  0.99708548997714130  0.99850352160531919  1.00000000000000000
 -0.01224657738048489  0.07877112214999124  0.11062931920436417  0.13046681681823857
  0.14635004102773669  0.15985622511877384  0.17194149599510133  0.18292560023042156
  0.19318129498705813  0.20265363652304089  0.21091986448586514  0.21875426420956207
  0.22649707215763329  0.23429434252412029  0.24248987609430078  0.25054848491567849
  0.25816229645298255  0.26526835779085994  0.27224909133943259  0.27901987834756858
  0.28598367016614579  0.29287790532521735  0.29970088097324687  0.30639774728899910
  0.31310781538922372  0.31972899572756175  0.32632446944031207  0.33297192512852231
  0.33971240968813016  0.34635546518728882  0.35289469506270427  0.35933333931328842
  0.36576939285415544  0.37227372860100971  0.37878053959242886  0.38532396822662235
  0.39186874460396426  0.39814633275866373  0.40426320995439680  0.41051798367716014
  0.41683667459491203  0.42329213831097789  0.42965003124898160  0.43608454868717444
  0.44263106094965093  0.44915000021953283  0.45577100111018831  0.46266371033928488
  0.46974325665750344  0.47669834882746409  0.48345486060906584  0.49010637077798025
  0.49683874220011370  0.50385153254550930  0.51102384885531660  0.51816559357181102
  0.52523988095282137  0.53229636468180530  0.53945106587954128  0.54657757887917346
  0.55384590142991696  0.56120938656699604  0.56872588936539270  0.57616892259760899
  0.58337880519440288  0.59051925918474679  0.59770316890419861  0.60496833895841817
  0.61250156113422427  0.61998614606949964  0.62761034499540558  0.63532848982516721
  0.64315224445058361  0.65121503568320149  0.65957719187895647  0.66823655644183722
  0.67695007080777547  0.68537514647814812  0.69370429905269748  0.70216439291430932
  0.71114227612801928  0.72051203001015762  0.72984716559305929  0.73918360827658991
  0.74878801928040895  0.75746252678893622  0.76705831659080281  0.77711309413629481
  0.78820590875737184  0.79934079702810956  0.81063007043966739  0.82532090377777279
  0.84396967575991755  0.87261465466317256  0.91691145860100609  1.00000000000000000
   1.7210414244630616E-008  -1.0000000000000000     
 F F F F F F F F F F F F T T T T F F F F F F F F T T T T F F F F F F F F T T T T F F F F F F F F T T T T F F F F F F F F F F F F F F F F F F F F F F F F F F F F F F F F F F F F F F F F F F F F F F F F F F F F F F F F F F F F F F F F F F F F F F F F F F F F
  <DiscreteSampler_grid>
  grouped_processes
  1 # 1 for a reference and 2 for a running grid.
  10 # Attribute 'min_bin_probing_points' of the grid.
  1 # Attribute 'grid_mode' of the grid. 1=='default',2=='initialization'
  0.0000000000000000 # Attribute 'small_contrib_threshold' of the grid.
  0.5000000000000000 # Attribute 'damping_power' of the grid.
 # binID   n_entries weight   weight_sqr   abs_weight
    10   10   4.428064519081946E+002   9.303473881157864E+005   4.428064519081946E+002
    16   10   4.428064519081944E+002   9.303473881157857E+005   4.428064519081944E+002
  </DiscreteSampler_grid>
