  0.00000093812296177  0.00000106682666622  0.00000118463276626  0.00000134093472556
  0.00000151625972388  0.00000170753140739  0.00000192415233180  0.00000214715589280
  0.00000237464590384  0.00000260124163446  0.00000282633221350  0.00000307016643350
  0.00000334737605167  0.00000366123759651  0.00000396843252442  0.00000429465223719
  0.00000464935119892  0.00000499153900927  0.00000535958155199  0.00000571926378675
  0.00000601192434645  0.00000625186154165  0.00000651861722521  0.00000687180253147
  0.00000726822775536  0.00000767443491601  0.00000809800578739  0.00000854022962425
  0.00000901232497012  0.00000946551723431  0.00000989472305453  0.00001052392632341
  0.00001124670361682  0.00001200877851804  0.00001282779332830  0.00001363918723202
  0.00001443908844307  0.00001526732845932  0.00001612160134549  0.00001703379532541
  0.00001801385842783  0.00001898111468504  0.00001998143579254  0.00002099567276294
  0.00002227682740168  0.00002377175335319  0.00002516157612163  0.00002632629067371
  0.00002735746023005  0.00002836685968454  0.00002938192093630  0.00003030360336613
  0.00003132749040170  0.00003243228232294  0.00003357510721189  0.00003462355339000
  0.00003567392304948  0.00003694100944787  0.00003848547058855  0.00004020778208962
  0.00004177901200104  0.00004335970741063  0.00004536891521648  0.00004781169089383
  0.00005012810204632  0.00005261548412055  0.00005540803698668  0.00005877381156492
  0.00006241206050584  0.00006590061002218  0.00006915934652560  0.00007250840817483
  0.00007637899861770  0.00008076998453481  0.00008547509810485  0.00009061924919141
  0.00009612529604074  0.00010140522449462  0.00010763806105039  0.00011471904739673
  0.00012297592048343  0.00013297394079267  0.00014464738838716  0.00015815730136651
  0.00017283649047219  0.00019004043493566  0.00021001744393394  0.00023570195814460
  0.00026602335245295  0.00030339424530594  0.00035212363870785  0.00044924435018966
  0.00064430101879732  0.00144507030458956  0.04460927490910338  1.00000000000000000
  0.00010700404072051  0.00011786204688825  0.00012522328499540  0.00013246715133485
  0.00014032964652780  0.00014885386183204  0.00015840933800897  0.00016889492573984
  0.00017937551135852  0.00018991221287160  0.00020098700663154  0.00021227958520134
  0.00022428344399272  0.00023747235002391  0.00025124492728553  0.00026550946366476
  0.00028173348805147  0.00029972947183017  0.00031822725950143  0.00033615733931573
  0.00035320253584878  0.00036961239703492  0.00038598139338488  0.00040210208137406
  0.00041736228810282  0.00043252278514024  0.00044742187131683  0.00046465273400060
  0.00048304433726897  0.00050236444107615  0.00052237239841938  0.00054146645837488
  0.00055922928366517  0.00057450667339577  0.00058864623866921  0.00060204899145298
  0.00061690712503483  0.00063321679248061  0.00064510217038993  0.00065488797362010
  0.00066468776021419  0.00068154928820058  0.00070054319412866  0.00071971867719599
  0.00073587410555997  0.00075043095148279  0.00076780187275623  0.00078710555541147
  0.00080748425506469  0.00082873645121784  0.00084777430768090  0.00086727159315484
  0.00089230859148461  0.00091934781215104  0.00094335135313074  0.00097176495924929
  0.00101512655746312  0.00106953005950784  0.00113079633431933  0.00119692963503740
  0.00126611884919042  0.00133631933141131  0.00140697140258739  0.00149106537782746
  0.00158223495268363  0.00167627846131511  0.00176476891777621  0.00184170623230686
  0.00192931759251868  0.00202011594355389  0.00212026163314992  0.00223261775510741
  0.00233980615149857  0.00245287276579530  0.00256115454032560  0.00266754751687783
  0.00277038743605846  0.00292871733328883  0.00319942131061618  0.00353242398496269
  0.00381413537735844  0.00405303457274310  0.00423987550093872  0.00439844854282491
  0.00455810588308308  0.00470794429370740  0.00485981132332572  0.00562052497852161
  0.00611123587474626  0.00637200123229137  0.00662172449087397  0.00708489590265323
  0.00746525631519461  0.01453327613097618  0.04524926580640322  1.00000000000000000
  0.00000251146280158  0.00000315606134921  0.00000364056419809  0.00000413086037798
  0.00000462684822273  0.00000513834224448  0.00000568405261074  0.00000627571967412
  0.00000692406354155  0.00000758565952565  0.00000832346376201  0.00000916570167777
  0.00001010972756954  0.00001113364056924  0.00001218242893554  0.00001334919804096
  0.00001441602871755  0.00001521608255917  0.00001588323112481  0.00001655300129657
  0.00001725936080853  0.00001805889164493  0.00001887806083595  0.00001964313955523
  0.00002045212275788  0.00002132712293905  0.00002220720935388  0.00002364128702477
  0.00002512944321388  0.00002679146499013  0.00002843314386452  0.00003019093941043
  0.00003211490773317  0.00003394645458182  0.00003630275429740  0.00003925956745236
  0.00004203442149745  0.00004438606966376  0.00004706742712725  0.00004986503403313
  0.00005258453413259  0.00005538675987744  0.00005828897497301  0.00006138310038675
  0.00006501127933879  0.00006899942552867  0.00007363012401829  0.00007821907107958
  0.00008300644998571  0.00008805688708114  0.00009353035049222  0.00009930492354123
  0.00010535188078735  0.00011145554603082  0.00011732893327295  0.00012274293253125
  0.00012745931381665  0.00013251753553417  0.00013847675592165  0.00014426386409799
  0.00014940518025389  0.00015487544194502  0.00016144692800171  0.00016947777097682
  0.00017780436857999  0.00018698499911424  0.00019890655039022  0.00021190418275673
  0.00022300721606677  0.00023251201421921  0.00024310329226207  0.00025485971689600
  0.00026767974746926  0.00028021613619685  0.00029301494730748  0.00030749736366903
  0.00032254626796938  0.00034076013168812  0.00036865885356995  0.00040715764534370
  0.00045510117092527  0.00051461065083149  0.00059418148386269  0.00070705966359393
  0.00083235792912014  0.00096799239688448  0.00109384965477809  0.00123247316799820
  0.00141425594327549  0.00161922672751358  0.00236818101975895  0.00344995726563929
  0.00701125944653211  0.01753417085367710  0.04789199963131621  1.00000000000000000
 -0.01047242342908446  0.06074126497819406  0.10191946888084737  0.13629805424505609
  0.16775196092264885  0.20256615940021905  0.23800624698347561  0.27003964917566131
  0.29717120739599745  0.32176326882744932  0.34585906545468270  0.36997945738065907
  0.39157874181612151  0.41088225276310719  0.42752445165425579  0.44293618410239188
  0.45768153136782053  0.47129079985837868  0.48458370766465936  0.49683046138487247
  0.50764954372260129  0.51721760691191987  0.52629068938963686  0.53641101856317341
  0.54867456323509822  0.56102292287753253  0.57150833329646800  0.58064337475989569
  0.58924842710157233  0.59723872511929055  0.60478914732242695  0.61232921615672109
  0.61963534375608009  0.62776871029862991  0.63728879498760038  0.64670849717353229
  0.65566866330538609  0.66521153371882102  0.67666842718682885  0.68804093782725928
  0.69879236802283407  0.70929245943674313  0.71988802309545430  0.73031843099374194
  0.74031280103266583  0.74948157479938105  0.75708104700041012  0.76340743317241844
  0.76883369029699800  0.77404016623998895  0.77956471952907824  0.78614020160232934
  0.79330499705132118  0.80027598077917428  0.80736132647616865  0.81446143446063846
  0.82161502118285523  0.82866471126468833  0.83522321627830820  0.84127777310781737
  0.84697542648082758  0.85249499159405229  0.85842163068281141  0.86432006395170990
  0.87008135785198615  0.87525875998195779  0.87882698868120501  0.88335644270399816
  0.88790279412912299  0.89201828753277435  0.89595568303196305  0.89987469555668120
  0.90389243694671018  0.90808394950466231  0.91219409809107377  0.91631702414201766
  0.92042804261594724  0.92461816628972060  0.92855496664627535  0.93252546464264874
  0.93528504618360886  0.93810887690385758  0.94154467793191765  0.94487795179037593
  0.94851678291455677  0.95248809957615843  0.95643189859426170  0.96019424354760086
  0.96558829261789103  0.97046894981803400  0.97548074239498661  0.98051734001273982
  0.98560074796402453  0.99058707572474702  0.99539217931762847  1.00000000000000000
 -0.00213566606823648  0.00997216182088611  0.02023828359737841  0.03276143047079999
  0.04511713443148871  0.05649254777017357  0.06656479718080030  0.07640169662022953
  0.08569899670559405  0.09439315480531586  0.10262278079125023  0.11113808479417621
  0.11963425608913475  0.12908055025082291  0.14054810037060878  0.15297302612078212
  0.16621711169823006  0.17961446100959122  0.19214032299216244  0.20448881223060986
  0.21688210949921077  0.23013954888212346  0.24396018450347801  0.25687187448208304
  0.26953018374675464  0.28219575253347423  0.29526569005330860  0.31035104248486928
  0.31783180786175114  0.32506304151788701  0.33248769659502869  0.33999092290023825
  0.34703897891591984  0.35367392445759649  0.36028722991952578  0.36763952165623309
  0.37505476011060440  0.38360333596326573  0.39260403581601289  0.40218332722159400
  0.41136829312983653  0.42039341372775701  0.42912275595479965  0.43789202202592575
  0.44992213221267874  0.46251728040285195  0.47456900232959348  0.48747533596482689
  0.50113300192101096  0.51474343210870088  0.52744968424371108  0.53894520000674984
  0.54900428663850520  0.55787885013322602  0.56452126190014340  0.57120916947207745
  0.57846556960408224  0.58528381685443243  0.59372732310339560  0.60445732164263077
  0.61706871073565472  0.63124290703627695  0.64625799996915745  0.66183297701905641
  0.67767286224996703  0.69165340313219570  0.70067120604330946  0.70880793172672185
  0.71683957712091417  0.72474292372407634  0.73217020660658394  0.73993382483381742
  0.74792852198729487  0.75727618102619199  0.76706815317857024  0.77490839236339171
  0.78174702194932788  0.78874481372997474  0.79772698593767744  0.80902260290036720
  0.82178855742954526  0.83547009172598219  0.84899293412231724  0.86141454809790508
  0.87364366468904098  0.88384037720532471  0.89421956821451265  0.90363035025603811
  0.91269287273318456  0.92234786040883865  0.93315014926192874  0.94570264285823269
  0.95766505733559737  0.97048069622695066  0.98485645042403402  1.00000000000000000
 -0.01302044132635361  0.06911973680618880  0.12474152812892697  0.17143826915948859
  0.21263874475563141  0.24834258108087984  0.27609035821497158  0.30065498969553489
  0.32574823601260111  0.34907784082769178  0.37182903888193053  0.39560555164127070
  0.41930595287119210  0.43991941873931795  0.46169515154652380  0.48292475525341277
  0.50188498121022573  0.51767795681552708  0.53117398846437691  0.54589649035981758
  0.56145982532631944  0.57494254462842898  0.58808486055560183  0.59925949029751779
  0.60995009695985070  0.62033607580046868  0.63201756980091184  0.64620257711247020
  0.65954378866672403  0.67055242728974174  0.68128435684149280  0.69075260510592018
  0.69980721355033326  0.70905056175365244  0.71862212664762104  0.72890505047984822
  0.73891786092311895  0.74889964788536378  0.75859043119985425  0.76805228921417101
  0.77752665113996200  0.78709249529375147  0.79753324334828923  0.80825815797178802
  0.81873956055845476  0.82838601881748186  0.83662181114270873  0.84275330447827945
  0.84952589244338106  0.85633011173211104  0.86272149504733187  0.86866229471619905
  0.87394072872346873  0.87837877019442590  0.88249555880291497  0.88668850400688748
  0.89114527936806709  0.89583215432805618  0.89954949145039009  0.90279441489909240
  0.90569964081388332  0.90850790079777377  0.91111874524681469  0.91400813313151974
  0.91677225125469919  0.91875449008385190  0.92069615600620869  0.92268642763588438
  0.92463018940828279  0.92699467021915005  0.92944563940210612  0.93144279350709858
  0.93338272715481141  0.93508135433041362  0.93655144562919557  0.93830183233064590
  0.94018521771849106  0.94222818868186287  0.94475082130341737  0.94736134811646799
  0.94988853073623603  0.95231422788903919  0.95480165171090459  0.95754075346680567
  0.96071934045068241  0.96474498657905894  0.96850472762769768  0.97164257159527501
  0.97461278359770731  0.97753842360956522  0.98039207571898390  0.98335703089900928
  0.98743060251046511  0.99166111767663190  0.99586229951245531  1.00000000000000000
 -0.00476180453674183  0.01283446141714871  0.02857392723362067  0.04147434993929226
  0.05104081701363693  0.06051766851119120  0.06913686755707944  0.07727312083692221
  0.08565868365852247  0.09401850502462671  0.10251970503753052  0.11391215845560741
  0.12525389469798112  0.13599308647234501  0.14648705179208529  0.15728345773074448
  0.16989446560458943  0.18401537683943514  0.19858378685066652  0.21314974116669438
  0.22546342110501280  0.23502501402984652  0.24360147479788699  0.25266673371479959
  0.26248849602202451  0.27319573071391151  0.28424093810170742  0.29543232026013161
  0.30749315685139184  0.32019026179284338  0.33233909273441303  0.34366917144781295
  0.35469768419561909  0.36532676867379688  0.37627556528836120  0.38720946361219788
  0.39695132555369594  0.40524107387180369  0.41468543705153521  0.42406593392324365
  0.43281605262089168  0.44067966332538588  0.44839436559320217  0.45652811718860226
  0.46537284351595082  0.47536593092213514  0.48604789511372115  0.49536763785068200
  0.50379737708486894  0.51300231026031540  0.52205738347230890  0.53073403793895757
  0.53979909505038393  0.55377356540955081  0.56883085293262015  0.58396943032036641
  0.59909602178625598  0.61313817665546400  0.62398097008045761  0.63093291349949132
  0.63694944430815270  0.64248726335972328  0.64838883196129726  0.65505431581218954
  0.66270472725338203  0.67152103254309414  0.67948550404922736  0.68715215168819044
  0.69847875568384765  0.71231767046346728  0.72492840002715209  0.73712940111903724
  0.74868819277250820  0.75889958090437337  0.76895463537975250  0.77933896664368341
  0.78986367486165932  0.80009039653002123  0.81030915403705561  0.82105494392199330
  0.83127166439246081  0.84020114789982014  0.84911435563401905  0.85825926089456572
  0.86596993214228979  0.87247226490245577  0.87944943215250126  0.88743410287402280
  0.89621896026634396  0.90895143351319574  0.92320630205919152  0.93832109091265470
  0.95356004688110185  0.96885949733700871  0.98437281897992279  1.00000000000000000
 -0.00351076953918605  0.01190583327079543  0.02493818380849075  0.03700999491974543
  0.05045864993067641  0.06287949099133375  0.07488249045567495  0.08553152276180688
  0.09513723820223043  0.10424857543323438  0.11360184946315492  0.12451438811826479
  0.13895428167747442  0.15226694117610906  0.16257197627149281  0.17194703149287607
  0.18105874112372516  0.19043563891989176  0.20053470946362351  0.21024457204076594
  0.22025811964101477  0.23080386981255510  0.24130255891006863  0.25229109149331369
  0.26272339057384636  0.27315936933453466  0.28388820514267027  0.29422993549499338
  0.30404056532288870  0.31361594683014571  0.32359090525972217  0.33473386998203192
  0.34682478841776720  0.35897355271687148  0.37092701870671790  0.38287027599331930
  0.39545396272459965  0.40548789933695806  0.41429578023415120  0.42343461331376786
  0.43202452016418164  0.43993369835856028  0.44673105400963992  0.45290187322187969
  0.46034419711474389  0.46953646765262824  0.47790729515230457  0.48679640922750272
  0.49849640034423476  0.51123453848717615  0.52517045697057485  0.53925269490775696
  0.54815649673990929  0.55462370439401953  0.56155416137120007  0.56864112114408472
  0.57536945525352468  0.58117545849337404  0.58700028037490837  0.59253015152675126
  0.59963019174565080  0.60847749779039506  0.62244890409092102  0.63827681837771422
  0.65126343176467061  0.66213953671892101  0.67291580841960363  0.68390405433308343
  0.69424029253796704  0.70200531999784643  0.70906847730957379  0.71707714586934501
  0.72713457062443776  0.73810168314434765  0.74843313305322323  0.75995749209182928
  0.77332280594288494  0.78707196950543157  0.80191343176884355  0.81556960944496681
  0.82869758226367307  0.84236767560621939  0.85522232807395582  0.86733672915361149
  0.87992673721428383  0.89264321232141763  0.90512721345636737  0.91657649515162520
  0.92640351199972948  0.93558157431213995  0.94457641610966647  0.95273318622962289
  0.96149659003516630  0.97054516604675301  0.97928265872806042  1.00000000000000000
  0.45762431974914264  0.64769976258220441  0.73044553822765079  0.77967015628861236
  0.81161022957389528  0.83511973430134023  0.85204555076281030  0.86585700450325909
  0.87950349390431415  0.88996200305973516  0.89816065016951063  0.90585033502187728
  0.91373562362977423  0.91980105020657177  0.92449566624062407  0.92912314503882143
  0.93447332766054025  0.93900257029880063  0.94228073659674172  0.94522104775257021
  0.94820019222894314  0.95098508548530214  0.95361418216213045  0.95623455030873949
  0.95855134682095189  0.96041945553887731  0.96202305564076818  0.96336823288198958
  0.96463314571598402  0.96602512404794050  0.96757711049055950  0.96908803143640587
  0.97027462229401773  0.97146182742309928  0.97273740800985797  0.97395114270895600
  0.97496334702264853  0.97588812814722614  0.97683149370311140  0.97778034131382940
  0.97868712997753449  0.97955618996165850  0.98038961661051560  0.98117422202470839
  0.98186234857024424  0.98248942547213136  0.98311413849075757  0.98376758270374320
  0.98438114921674302  0.98499190229328226  0.98557915605570545  0.98612041921506255
  0.98667862606715995  0.98725139293576880  0.98779163495360933  0.98831047095043512
  0.98881874327980490  0.98932915440296276  0.98985391417598112  0.99034463954309404
  0.99076501711046105  0.99115016247218435  0.99147695645933920  0.99179639104824224
  0.99214061454036162  0.99248184087563518  0.99280500833369534  0.99312327564948244
  0.99344146734560534  0.99374474275233049  0.99408586919604702  0.99441897158420300
  0.99472612608642719  0.99500034465822829  0.99527548725201664  0.99554043833176753
  0.99580496838173405  0.99607527417783959  0.99635281233667072  0.99664469465012362
  0.99687284475316662  0.99708623682360520  0.99730048312433839  0.99749699751140686
  0.99768634473838902  0.99786836701783699  0.99804149486182936  0.99821071935628769
  0.99837616795825623  0.99855721080858884  0.99874609678075110  0.99893567175401687
  0.99912634972374403  0.99937335820320317  0.99966711894764115  1.00000000000000000
  0.08367032160483590  0.17506430755441968  0.20611136031735419  0.22478159676741702
  0.24136508626233097  0.25902552156458153  0.27705284311627154  0.29473654012713152
  0.31300854191587646  0.32861583252018639  0.33724874956524731  0.34265813928144445
  0.34724498901257483  0.35198081125771258  0.35719840044435602  0.36254729728637608
  0.36834430096184828  0.37424918394164841  0.37931758857522208  0.38455498923083492
  0.38958202456450125  0.39398721109523305  0.40000211576624656  0.40745516298957868
  0.41650659645397525  0.42607570592635224  0.43680946052540981  0.44668690759460167
  0.45608091503228099  0.46541673101334280  0.47449810238908641  0.48340837749914706
  0.49167799647773563  0.49776367852253778  0.50419996037505088  0.50997116126419395
  0.51513960343761056  0.52000964680962558  0.52515406898094896  0.53132739850137467
  0.53744131990147415  0.54387174763039081  0.55080173173117875  0.55741509070055129
  0.56351096497179032  0.56921896993782961  0.57518204804276851  0.58084860421904971
  0.58621032002307938  0.59131696551495772  0.59634158307427265  0.60228316037699692
  0.60819209379614203  0.61390270450415296  0.61935112891851196  0.62379778550584430
  0.62871582276178717  0.63379637088367424  0.63917298616440454  0.64535817848542387
  0.65215390231273707  0.66017765854190247  0.66798653077521730  0.67559005655539095
  0.68293812071812676  0.69066052776938480  0.69871173948466059  0.70635095065588571
  0.71257689490148612  0.71788373718505616  0.72333379189433855  0.72862204059551450
  0.73341165285584797  0.73805409280637246  0.74301021929112476  0.74845415646510538
  0.75355367520539662  0.75831078155053477  0.76267012247606181  0.76749903684668275
  0.77371968895372367  0.78133244140369040  0.78929569266516630  0.79842096883958780
  0.80837101587104299  0.81825768180530278  0.82797174232816972  0.83775640890796543
  0.84868739386686498  0.86092138102150084  0.87395923351183180  0.88484317882428942
  0.89617108504502740  0.90958742628136613  0.92662801246846682  1.00000000000000000
   2.2806354886847275E-009  -1.0000000000000000     
 F F F F F F F F F F F F T T T T F F F F F F F F T T T T F F F F F F F F T T T T F F F F F F F F T T T T F F F F F F F F F F F F F F F F F F F F F F F F F F F F F F F F F F F F F F F F F F F F F F F F F F F F F F F F F F F F F F F F F F F F F F F F F F F F
  <DiscreteSampler_grid>
  grouped_processes
  1 # 1 for a reference and 2 for a running grid.
  10 # Attribute 'min_bin_probing_points' of the grid.
  1 # Attribute 'grid_mode' of the grid. 1=='default',2=='initialization'
  0.0000000000000000 # Attribute 'small_contrib_threshold' of the grid.
  0.5000000000000000 # Attribute 'damping_power' of the grid.
 # binID   n_entries weight   weight_sqr   abs_weight
    10   10   2.712397984293868E-002   2.310944407305393E-003   2.712397984293868E-002
    16   10   2.712397984293868E-002   2.310944407305394E-003   2.712397984293868E-002
  </DiscreteSampler_grid>
