  0.00000024886955368  0.00000034921822057  0.00000038082042433  0.00000040789370310
  0.00000045423751477  0.00000049543568390  0.00000050981196449  0.00000052784240264
  0.00000055271676757  0.00000058080576327  0.00000060817857063  0.00000064822776849
  0.00000068914056899  0.00000072339393652  0.00000075680815812  0.00000079331751261
  0.00000083547290494  0.00000088674468892  0.00000094250564310  0.00000099856069933
  0.00000105630406835  0.00000111314103642  0.00000117332271183  0.00000123629144693
  0.00000129849604633  0.00000136439894356  0.00000143753950711  0.00000151247205354
  0.00000158788032520  0.00000167009642954  0.00000176547139584  0.00000186112372465
  0.00000196815020037  0.00000208720624519  0.00000221066560906  0.00000233347284905
  0.00000247331727371  0.00000261602908254  0.00000277634026144  0.00000295491633712
  0.00000314738590472  0.00000334725018726  0.00000356324287419  0.00000378872383821
  0.00000402132362999  0.00000426248609648  0.00000451162137478  0.00000476883838639
  0.00000505045324267  0.00000535045245698  0.00000565611593148  0.00000598189496795
  0.00000635380427810  0.00000676078160556  0.00000718441940851  0.00000764080727826
  0.00000811939210639  0.00000859969993927  0.00000908369835719  0.00000959525904021
  0.00001013183815793  0.00001073485253114  0.00001138232287492  0.00001203812382384
  0.00001282705827165  0.00001363079271529  0.00001444530817183  0.00001551643205457
  0.00001669467050815  0.00001791052725937  0.00001935431200264  0.00002086522172955
  0.00002255547114645  0.00002436084761790  0.00002649451853750  0.00002886123650601
  0.00003140275445780  0.00003444168795946  0.00003774883147753  0.00004179748489487
  0.00004631881399228  0.00005152451133708  0.00005792204913070  0.00006556488273861
  0.00007445334282948  0.00008539217696073  0.00009813825304906  0.00011376451891458
  0.00013305904484183  0.00016471174992108  0.00021955950022732  0.00031794573960584
  0.00051633235367779  0.00121187575389998  0.01889022774729893  1.00000000000000000
  0.00010459676859095  0.00010639499599509  0.00010786784422026  0.00011065420791408
  0.00011497114119741  0.00011954465274535  0.00012430974075942  0.00012932781371987
  0.00013576214001655  0.00014262666073398  0.00014951714695304  0.00015670692539343
  0.00016429063653023  0.00017191474132375  0.00017942252893820  0.00018708224961651
  0.00019518864206657  0.00020372638795038  0.00021246734429764  0.00022133385198413
  0.00023065065116550  0.00024051411736441  0.00024995913825757  0.00025940218346638
  0.00026901219267736  0.00027976526296824  0.00029106964599407  0.00030259160445633
  0.00031429699662619  0.00032602961837765  0.00033839961704387  0.00035144527432591
  0.00036420560195788  0.00037700689333209  0.00039079147091091  0.00040625377528752
  0.00042277844606019  0.00043907791513607  0.00045519105856881  0.00047079580371728
  0.00048513047852123  0.00050031572499887  0.00051506231478747  0.00052889017012028
  0.00054173320339594  0.00055482020975315  0.00056933053943952  0.00058645778678495
  0.00060490044652578  0.00062318276901314  0.00064076463012331  0.00065912890615330
  0.00067782990681425  0.00069743297219110  0.00071886141220072  0.00074135116019474
  0.00076188186658844  0.00078040187529100  0.00079840986027124  0.00081824506679407
  0.00084317292821784  0.00087067274457526  0.00090099066080713  0.00093379116471383
  0.00096257376187243  0.00098918778899454  0.00101556006567214  0.00104437374766245
  0.00107793503749672  0.00111241363667362  0.00114800832766637  0.00118890431778853
  0.00123763571364591  0.00129797348947340  0.00137703626872528  0.00145285696148069
  0.00151958587458369  0.00157787239041497  0.00163168774511920  0.00169440411574741
  0.00176524788355623  0.00183897838237861  0.00191637960047864  0.00200479395381646
  0.00211770246911194  0.00224865053070468  0.00238338455553568  0.00249326246727703
  0.00263941444808454  0.00283337866449891  0.00311005777601375  0.00350054704421889
  0.00398005649064949  0.00471306027228281  0.03891520533767014  1.00000000000000000
  0.00000253414704801  0.00000284774118864  0.00000304189905125  0.00000321109336090
  0.00000339396521092  0.00000358234457555  0.00000378564496230  0.00000401374918185
  0.00000424941426009  0.00000451249867956  0.00000480813408868  0.00000516989796564
  0.00000556562620081  0.00000599860342054  0.00000649234311884  0.00000702986464484
  0.00000760264439428  0.00000820277085844  0.00000885407298103  0.00000959779519493
  0.00001048758542502  0.00001155465384333  0.00001285574964394  0.00001429674407291
  0.00001594983389100  0.00001774701091362  0.00001979430964213  0.00002210935975526
  0.00002460266844966  0.00002732760906852  0.00003035431431925  0.00003360073025910
  0.00003718745623399  0.00004126350800137  0.00004570494071997  0.00005071671132406
  0.00005626936212238  0.00006210609327809  0.00006828638589860  0.00007470720044910
  0.00008154424597168  0.00008880239792483  0.00009655160741131  0.00010542618523868
  0.00011565737422049  0.00012746978132404  0.00014083186499596  0.00015496553481319
  0.00017030878659360  0.00018714183168243  0.00020484617822352  0.00022396248778558
  0.00024529887378425  0.00026794348727294  0.00029297834017984  0.00032002875262541
  0.00034997673448727  0.00038123752622655  0.00041349891171894  0.00044750810185474
  0.00048437048020391  0.00052364287420057  0.00057175341461270  0.00062650860326551
  0.00068288348591292  0.00074106087929259  0.00080426857669527  0.00087679681283099
  0.00095233495271859  0.00102919665391723  0.00110978935105405  0.00118985281576973
  0.00127391011466742  0.00136368243388617  0.00147764610803413  0.00160731252316444
  0.00174249392419503  0.00187137341913151  0.00200635066018468  0.00215398726752059
  0.00232264887556538  0.00251314372173477  0.00271458478511626  0.00294999814801255
  0.00319865855034783  0.00341489413816808  0.00365884329960060  0.00389118642393116
  0.00415803539410096  0.00448707361854356  0.00485866204280520  0.00531841072013785
  0.00581155968820767  0.00680233701621024  0.00904986564412678  1.00000000000000000
 -0.00394687326980255  0.01817797844959267  0.03522974173897434  0.05332763451495119
  0.07081242832955281  0.08657762582242598  0.10221462605801382  0.11818882216380960
  0.13411398836615926  0.14969347210955863  0.16403300137443669  0.17747209400626807
  0.19088430334992629  0.20528749541547903  0.22030755060116788  0.23498715018923072
  0.24823438608332052  0.26075914844601472  0.27291226634433841  0.28507076221577693
  0.29845464439843072  0.31321762847588791  0.32797529332996744  0.34208470163185034
  0.35568300601348685  0.36822377403530382  0.38033279558956068  0.39184868296952630
  0.40292705429577919  0.41374746263478307  0.42356556511706783  0.43323144534883751
  0.44311505394059331  0.45321441014683034  0.46350959873258768  0.47299598565941281
  0.48261537903290941  0.49325342049869519  0.50405509734538767  0.51496516206291842
  0.52588248819152983  0.53671785110949821  0.54739420999793320  0.55797277468649298
  0.56843360369849127  0.57884339200830737  0.58931624569382324  0.59926246188258281
  0.60916430297169888  0.61882219077196032  0.62790803403393092  0.63625938406506333
  0.64444310861129184  0.65293285728994988  0.66177828187215970  0.67106200871139565
  0.68022269871842633  0.68942278011867386  0.69937288577225887  0.70931394192829789
  0.71905053095851845  0.72871144248714437  0.73821677382079109  0.74734064814780421
  0.75602160822191344  0.76427693582426071  0.77245853553405874  0.78178321069230872
  0.79066550855494955  0.79881080536094629  0.80664815217519081  0.81456696835715647
  0.82283267262147552  0.83095009288648247  0.83899400527346979  0.84701758678404904
  0.85510493232163320  0.86332600026092865  0.87144775528482354  0.87929445538869433
  0.88687627927225854  0.89441587663211064  0.90176739226211922  0.90910936588198665
  0.91649482205860344  0.92431845381810362  0.93217530976004137  0.93984797498583483
  0.94762987881287464  0.95536843694949170  0.96311480004236327  0.97105121921854265
  0.97884183689027382  0.98623090011064907  0.99319758372146560  1.00000000000000000
 -0.00213738670668629  0.00847454532368385  0.01753236169852188  0.02740767082331231
  0.03736159091339322  0.04713288207121403  0.05752358627410386  0.06822563280756587
  0.07964427384748314  0.09020304091071282  0.10071174160164008  0.11123202502130998
  0.12243847965957656  0.13454787966143048  0.14651393486150707  0.15759298965083052
  0.16855684861348028  0.18038654568833445  0.19208993023733442  0.20303400306676433
  0.21380091280436359  0.22457344047898739  0.23507793684324443  0.24518593401657204
  0.25460361994763531  0.26342382389548358  0.27232829595391267  0.28164164894864296
  0.29145659459664630  0.30094134458374855  0.30950230200796480  0.31872937953451047
  0.32831598469544732  0.33838167743874681  0.34895715782802816  0.35909265720134914
  0.37006550335958738  0.38043773807606818  0.39135074300277933  0.40174235446080431
  0.41280175010706555  0.42384538188703030  0.43417886305839520  0.44490512096637191
  0.45494065279680518  0.46490407657703070  0.47436095733205658  0.48556836200457620
  0.49761123870178564  0.50966182892481549  0.52116516502866617  0.53223224655581802
  0.54264014015630857  0.55266709237722889  0.56299803772289947  0.57407884494059913
  0.58566914688029115  0.59675387882808184  0.60723295016088108  0.61742640123412018
  0.62759282507146918  0.63759422438745883  0.64733002404440088  0.65732764954136214
  0.66786597742437326  0.67922282961883285  0.69095662244368816  0.70244124466279079
  0.71376519244595560  0.72515526622997162  0.73605497793258590  0.74604305869539866
  0.75611287674659822  0.76556117488771003  0.77486230554702329  0.78422035487317865
  0.79434431748254852  0.80580426007686279  0.81762115811056879  0.82883154313437768
  0.83924387976296222  0.84898596209328914  0.85823554570970795  0.86765255166075339
  0.87763262245955520  0.88796824197022417  0.89807753365300036  0.90827117756033482
  0.91895646794924490  0.93010448566435000  0.94122504338326385  0.95249720490477030
  0.96401452548004152  0.97587496799583617  0.98780836695724061  1.00000000000000000
 -0.00396226545773124  0.02182909629353084  0.04050573757570101  0.05533994803780324
  0.06882059220782741  0.08249796563494574  0.09621350442938272  0.10907404280958526
  0.12136697440609343  0.13398717196585075  0.14695719550069289  0.15996847395752212
  0.17286916478398806  0.18645302044306702  0.19833315322051287  0.21017288442097740
  0.22252591851837722  0.23565647137908463  0.24907440309049644  0.26282102615077108
  0.27660989956080340  0.28876778543779502  0.30076766424760371  0.31229818607589355
  0.32391514663982945  0.33588371376024528  0.34815780103622096  0.36010533348267809
  0.37190537362526283  0.38396398962139350  0.39618082582397401  0.40802117878499367
  0.41967937883637535  0.43132224864209640  0.44294415203863546  0.45508144325529842
  0.46807580159396689  0.48103634012679214  0.49321625704499050  0.50490222906396165
  0.51632856599852295  0.52776799678533015  0.53976123003184162  0.55256483608654894
  0.56565645616178162  0.57829174884969237  0.59073734015195478  0.60291918287961654
  0.61403390673571245  0.62401413574433628  0.63349274699067204  0.64272105256108947
  0.65162629687214058  0.66026851991835211  0.66944203078868758  0.67993196620419127
  0.69025858836576981  0.69982634358626128  0.70907908402015696  0.71893704831651739
  0.72943008185218905  0.74021110472316132  0.75055698465466425  0.76042570732701276
  0.77029018776765235  0.77901300984817134  0.78781054409908657  0.79625978387908569
  0.80478258207971609  0.81384850734366387  0.82256133841214041  0.83076427869463854
  0.83914494160933450  0.84799772390579731  0.85714364519425401  0.86632711164481813
  0.87514488958676373  0.88394613621387208  0.89237530013466448  0.90056184135799022
  0.90833857888101299  0.91572766679007200  0.92269909161050467  0.92901816170953277
  0.93520963590306627  0.94062551345213430  0.94633219763824805  0.95235737807059551
  0.95873168147340793  0.96480478811438142  0.97049247212592304  0.97608092120414813
  0.98179742771956147  0.98787197848064201  0.99399331123315116  1.00000000000000000
 -0.00273933622173917  0.01087726867076017  0.02268215012807236  0.03554890728756957
  0.04860070553199375  0.06166971492147638  0.07393747991523315  0.08586453541256434
  0.09760633914341005  0.10853107168570052  0.11884505972273937  0.12909164065330656
  0.13954999523381126  0.14950806344252285  0.15887361007950260  0.16861402209419368
  0.17837806519220911  0.18785253193157511  0.19724461296460069  0.20657378275044089
  0.21777485655657386  0.23022879782300637  0.24318878841083086  0.25492872531064620
  0.26431805891271348  0.27333918170129445  0.28149804974658588  0.29007817578356010
  0.29863953764247042  0.30743645853734614  0.31696647811683654  0.32647715643183106
  0.33672773769161629  0.34886035277672300  0.36057198222420367  0.37149922235852645
  0.38193002175561636  0.39216848573074609  0.40227341474301920  0.41256603472963183
  0.42386928699619919  0.43565668897057530  0.44676362042246981  0.45710927009414315
  0.46678729051933099  0.47683071245083086  0.48625532013516121  0.49601106346715929
  0.50628770199631246  0.51701634301191013  0.52822581762756382  0.53969267576628988
  0.55154253775829032  0.56307402273367757  0.57396675049362267  0.58441578126783378
  0.59469193177081447  0.60529342806592479  0.61587771786419354  0.62658171182817801
  0.63753721643895245  0.64880332931905249  0.66013967928114514  0.67120562170674802
  0.68203647151524183  0.69302444493056703  0.70428562194206246  0.71582360777397325
  0.72721663783008350  0.73803875192981561  0.74854252801468946  0.75956678793607713
  0.77119895009210382  0.78283594477459673  0.79377450667360128  0.80333758956018653
  0.81269431866460329  0.82141242073843146  0.83014657081722898  0.83888433821091135
  0.84739692195379812  0.85570289982290215  0.86518961520558491  0.87487714554515317
  0.88599165082468567  0.89679366367812507  0.90633603902730253  0.91595810206747308
  0.92540342658118535  0.93511600520324112  0.94580988901206065  0.95646507530768365
  0.96685862428661906  0.97721321830285079  0.98831096882534553  1.00000000000000000
 -0.00264264656585947  0.01092276704881132  0.02176982646756301  0.03215653153644647
  0.04292644877688202  0.05437611695111717  0.06562991436055816  0.07578590314894589
  0.08631229908498425  0.09700472020010538  0.10833034217485878  0.11910186053812057
  0.12986477115131265  0.14018078082595056  0.15058320544612511  0.16095892155964214
  0.17156117757751155  0.18228492722813053  0.19276955230419796  0.20333220818407735
  0.21317107976832381  0.22371288082642291  0.23420810542480291  0.24554500270013935
  0.25621732194752211  0.26665929619325018  0.27788210391658591  0.28954570534712437
  0.30219906004986113  0.31486725093573326  0.32707871960133134  0.33865865684569019
  0.34936341714200164  0.35926236972694903  0.36882480477873086  0.37851101648432789
  0.38771111133265829  0.39668412737830400  0.40572680079522944  0.41611309824027787
  0.42782029014972112  0.44005052938736616  0.45178416942365629  0.46323301648850801
  0.47432434261411466  0.48519621233508059  0.49590825578136771  0.50615166330251704
  0.51603084220603246  0.52592722525494129  0.53573663925468407  0.54545411260442722
  0.55522610486222324  0.56590478626895446  0.57736381437314022  0.58845246310597910
  0.59914125695560072  0.60992357137600983  0.62060267982791706  0.63044175162607097
  0.63958551222638749  0.64886094220641433  0.65816647308546150  0.66742882097496314
  0.67650744936749296  0.68485185101413715  0.69541287926149054  0.70537473542253537
  0.71482695696061915  0.72418163690470028  0.73423713938832014  0.74502701766462731
  0.75612710733600552  0.76695891567220253  0.77829486118258762  0.78857005318433726
  0.79966342443503335  0.81054132768809717  0.82207372291742431  0.83372969264068597
  0.84396666856268454  0.85356955423970671  0.86302521833695001  0.87309313868698268
  0.88445714151621257  0.89554080612059461  0.90635771514770358  0.91706532776655403
  0.92705962121750274  0.93735964021100027  0.94746935796588494  0.95804551794589632
  0.96814536545292817  0.97815502870361193  0.98869394122621634  1.00000000000000000
  0.46715801614326852  0.48907983119063653  0.50733103170285043  0.52262190627923988
  0.53790932242994616  0.55353353195519073  0.57030668963994369  0.58746730028876804
  0.60279193183186908  0.61658221162230320  0.62954786840361521  0.64191184069920049
  0.65357416028811610  0.66514592259878913  0.67608546283759996  0.68662065171183251
  0.69635994408049473  0.70568831289629963  0.71478037858664489  0.72372156942285981
  0.73249050853655207  0.74123252322907973  0.74973268684630967  0.75799849291942623
  0.76606540693151859  0.77410714255783597  0.78194243649628792  0.78950162563970550
  0.79668605291437489  0.80360158135019133  0.81036940512676836  0.81698030925117893
  0.82360072535861573  0.83024004271518870  0.83661438331775029  0.84247790623213459
  0.84805943078828938  0.85349507004523806  0.85878389179004389  0.86401156860386741
  0.86900775675883324  0.87378719512841196  0.87830916552653082  0.88258654084383692
  0.88675129103749795  0.89086936440973452  0.89487276493662504  0.89869638542900376
  0.90234209317019110  0.90591282462907596  0.90941353495776656  0.91283349501627553
  0.91618353347267323  0.91942533061787535  0.92259832273095743  0.92571184412416596
  0.92867056119339053  0.93161827449718448  0.93461281437471444  0.93753943095124415
  0.94035557267083059  0.94304827636513888  0.94559007376831750  0.94800941807387540
  0.95039575176203717  0.95271375091483956  0.95491895550326755  0.95711350778661397
  0.95914723118121592  0.96105568806531549  0.96291213135997777  0.96476583064151322
  0.96660071079262877  0.96838403587985344  0.97015970314488675  0.97193317859011019
  0.97369007044423661  0.97540632249712522  0.97705646923690792  0.97862245162696704
  0.98011339820709331  0.98153194012398370  0.98287590907403866  0.98416564501766979
  0.98545837418547022  0.98676130334647871  0.98808369260029694  0.98935174454313379
  0.99060243483865829  0.99186434220005926  0.99315784706195642  0.99433329040303620
  0.99552058642855668  0.99676872201002598  0.99817174160517386  1.00000000000000000
 -0.00210039956705460  0.07504218528491630  0.10696780355989392  0.12685402754731021
  0.14240656399447865  0.15514827776674178  0.16666115326201697  0.17713443814654836
  0.18673981315101995  0.19590638640445943  0.20527084737837134  0.21526397099595782
  0.22479529903795437  0.23335926301015503  0.24173061363620785  0.25005898982436509
  0.25864679669607732  0.26721065228842755  0.27503990054707517  0.28213748598972727
  0.28895735913306225  0.29576197875987442  0.30252694281154618  0.30922618915173622
  0.31585715427822864  0.32245121652352465  0.32914382866135022  0.33647406867609991
  0.34426102578374440  0.35222616609078894  0.36020894925204155  0.36800606529763930
  0.37558274827812776  0.38242045692831178  0.38912284206140901  0.39587969673365087
  0.40225850633117294  0.40867173509976384  0.41555131343590324  0.42213781212924700
  0.42880317652073746  0.43502156209019999  0.44159883908560749  0.44823739974289478
  0.45475421482092937  0.46125117776258501  0.46775737570285120  0.47429572576134854
  0.48113165381937173  0.48832441337566956  0.49538871507770260  0.50252451854785318
  0.50982974471129028  0.51716772043143378  0.52455707829105003  0.53213112157562681
  0.53971662013653743  0.54706713596172429  0.55440065977695785  0.56188145465882944
  0.56947481267799926  0.57698531135528330  0.58419112926662520  0.59119838482648790
  0.59800880981263616  0.60511972872129105  0.61287185007845679  0.62077436346947557
  0.62853282142445743  0.63610186112112044  0.64356300207305683  0.65135994145114773
  0.65944457293376679  0.66819214562074891  0.67691430961083943  0.68560364241780825
  0.69390964770424401  0.70193521148951421  0.71014846946341925  0.71858244799446669
  0.72731893832778260  0.73631051499625000  0.74531258362552322  0.75466037385778628
  0.76434285266533497  0.77415837158085665  0.78397312991389212  0.79354024105822707
  0.80292868934097605  0.81246980510714550  0.82212683153566946  0.83254306597072913
  0.84442017472728692  0.85887748358642846  0.88200258350828298  1.00000000000000000
   1.5789024203852466E-008  -1.0000000000000000     
 F F F F F F F F F F F F T T T T F F F F F F F F T T T T F F F F F F F F T T T T F F F F F F F F T T T T F F F F F F F F F F F F F F F F F F F F F F F F F F F F F F F F F F F F F F F F F F F F F F F F F F F F F F F F F F F F F F F F F F F F F F F F F F F F
  <DiscreteSampler_grid>
  grouped_processes
  1 # 1 for a reference and 2 for a running grid.
  10 # Attribute 'min_bin_probing_points' of the grid.
  1 # Attribute 'grid_mode' of the grid. 1=='default',2=='initialization'
  0.0000000000000000 # Attribute 'small_contrib_threshold' of the grid.
  0.5000000000000000 # Attribute 'damping_power' of the grid.
 # binID   n_entries weight   weight_sqr   abs_weight
    10   10   3.389255456616829E+000   5.175213724448497E+001   3.389255456616829E+000
    16   10   3.389255456616830E+000   5.175213724448498E+001   3.389255456616830E+000
  </DiscreteSampler_grid>
