  0.00000063570944601  0.00000067641359808  0.00000070216338190  0.00000072682765881
  0.00000075266971074  0.00000078129780568  0.00000081401942084  0.00000084981760474
  0.00000088673264506  0.00000092546024000  0.00000096695217041  0.00000101722430759
  0.00000106921065467  0.00000112181250591  0.00000117320778353  0.00000122454363822
  0.00000127628204012  0.00000133248474555  0.00000139616600048  0.00000146569994257
  0.00000154034170774  0.00000161788360800  0.00000169753826622  0.00000177907970439
  0.00000185980038740  0.00000194027850561  0.00000202804483450  0.00000211812856285
  0.00000221508176250  0.00000231953989849  0.00000243216028216  0.00000255237674170
  0.00000267277543263  0.00000279859815020  0.00000293455511426  0.00000308251156093
  0.00000324059613503  0.00000340715665246  0.00000358163774823  0.00000376719960750
  0.00000395113327552  0.00000416357198711  0.00000439663761374  0.00000464164673527
  0.00000489262952392  0.00000515372802930  0.00000541850489192  0.00000569178794503
  0.00000599562298132  0.00000632920181524  0.00000667652019203  0.00000705092733195
  0.00000745347483522  0.00000786967355082  0.00000831567575434  0.00000883471818049
  0.00000941650089486  0.00001002741039442  0.00001071607589553  0.00001149387477679
  0.00001227825955935  0.00001322985873578  0.00001417622716321  0.00001526113509527
  0.00001639378878847  0.00001768868174401  0.00001915546517393  0.00002082302415859
  0.00002267966653215  0.00002470745356493  0.00002699690182335  0.00002955520708930
  0.00003256457707901  0.00003594524798089  0.00003991138543674  0.00004459977703674
  0.00005030227078904  0.00005699042410534  0.00006510750561359  0.00007517158324951
  0.00008785969377619  0.00010317728004604  0.00012123825406424  0.00014333117101711
  0.00017063418697231  0.00020459118209873  0.00024952180163137  0.00031113996817619
  0.00039447541145843  0.00052239440787781  0.00070495013257345  0.00101702780955132
  0.00145264032195736  0.00266660662072196  0.00540302116073439  1.00000000000000000
  0.00000069263861448  0.00000077669624135  0.00000081064103019  0.00000083809918195
  0.00000086704455452  0.00000089851068091  0.00000092982877577  0.00000096362929841
  0.00000100636894311  0.00000105885181998  0.00000111653603109  0.00000117190499818
  0.00000123007088920  0.00000128901150321  0.00000134822135160  0.00000141056019520
  0.00000147785392397  0.00000155089590536  0.00000162866585850  0.00000170899504103
  0.00000179014022294  0.00000186468782676  0.00000194346293072  0.00000202478133037
  0.00000210859762605  0.00000219568842617  0.00000228668889406  0.00000238655688647
  0.00000248787097714  0.00000259486773372  0.00000271354046239  0.00000284145161055
  0.00000297601805197  0.00000311409453456  0.00000325785360834  0.00000340856049024
  0.00000356600292355  0.00000373376748060  0.00000390652289580  0.00000408852590454
  0.00000427153620418  0.00000446968267352  0.00000468722622462  0.00000491598299621
  0.00000515677658646  0.00000541220958954  0.00000567901065428  0.00000595471075545
  0.00000624649372510  0.00000655752809677  0.00000688655208308  0.00000723184180885
  0.00000761391325090  0.00000803831879286  0.00000846217903312  0.00000894346224590
  0.00000943214680934  0.00000994258459904  0.00001052446712376  0.00001114620086071
  0.00001180593768484  0.00001251035917912  0.00001325747643328  0.00001404206750958
  0.00001496758799902  0.00001600656215835  0.00001721055438935  0.00001852671106375
  0.00001997441607946  0.00002153228444266  0.00002326402634840  0.00002523517338257
  0.00002754077545962  0.00003016132023774  0.00003309518261628  0.00003652564521504
  0.00004086249736915  0.00004634220744697  0.00005307626200989  0.00006078451886062
  0.00007024187821177  0.00008183365676426  0.00009688063041670  0.00011762491677568
  0.00014850636344716  0.00019058821867125  0.00024128012565767  0.00030285274784931
  0.00037987552185933  0.00049029495064312  0.00067316568922187  0.00096918811297615
  0.00142974827077039  0.00225323040726687  0.01627850508142082  1.00000000000000000
  0.00000073676248137  0.00000151485043988  0.00000202956048385  0.00000255098747127
  0.00000305601667135  0.00000362280151580  0.00000425145456460  0.00000488082758747
  0.00000546831387291  0.00000603225530280  0.00000657668542051  0.00000711561433173
  0.00000766178652304  0.00000821609049978  0.00000882029558587  0.00000943927388638
  0.00001013634533517  0.00001084087226832  0.00001158483253205  0.00001236891352972
  0.00001324928215542  0.00001425979053543  0.00001535685832792  0.00001657090811219
  0.00001789585860797  0.00001928868617053  0.00002075815093620  0.00002237289390777
  0.00002404344495592  0.00002590191499647  0.00002793005542138  0.00003014835293267
  0.00003258610867722  0.00003511483940513  0.00003793895533650  0.00004108812168733
  0.00004475610556948  0.00004898731335949  0.00005375565973660  0.00005932180019092
  0.00006559130768287  0.00007252130090263  0.00008037350837910  0.00008946419023383
  0.00009973885564968  0.00011140849619412  0.00012479122388503  0.00013973407649833
  0.00015595026831097  0.00017378933225134  0.00019349483279054  0.00021516442597301
  0.00023994847819155  0.00026679028226297  0.00029240524216509  0.00031972861143949
  0.00034958330322226  0.00038251872702533  0.00041855611791285  0.00045732251395327
  0.00050022600464282  0.00054375826944210  0.00058714614955416  0.00063377702532686
  0.00068501115344804  0.00073916018044933  0.00079054705847197  0.00084076261883663
  0.00089342815204283  0.00095071074134369  0.00101523975768954  0.00108164813155687
  0.00114243399947907  0.00121256855835662  0.00128885779079679  0.00137372231112972
  0.00147116170926651  0.00157156013822361  0.00167802860474749  0.00178464609354405
  0.00189122525031633  0.00201767427861816  0.00221534008532346  0.00246978444902562
  0.00277335394497083  0.00311857108195991  0.00338001795657852  0.00362172437792918
  0.00383395950661472  0.00405004288738645  0.00429221237492541  0.00457031501774552
  0.00490419254357576  0.00511604512169838  0.03686834146501475  1.00000000000000000
 -0.00146555108599225  0.00575565203568109  0.01210750378067094  0.01847589213756910
  0.02579926349941716  0.03306419138017366  0.04061614422301033  0.04855526360355351
  0.05697566689052425  0.06517332275909354  0.07390225292425695  0.08232349550483620
  0.09136396525538244  0.10082138590683971  0.11039182020763376  0.12028056000046619
  0.13050775297476916  0.14092586245783767  0.15146679780500433  0.16213222697005414
  0.17299110813277646  0.18391717410663019  0.19471186565688930  0.20545316541846853
  0.21619755284279937  0.22692361844044806  0.23766786616882626  0.24827302301023618
  0.25883503039714195  0.26934755104688057  0.27982837891651169  0.29007210795395527
  0.30032048670438422  0.31070269711129744  0.32119148445066020  0.33151344782785042
  0.34201826808143915  0.35286905247970540  0.36418887116243526  0.37563600440422035
  0.38641673072180005  0.39734625327834333  0.40821750813816099  0.41899982818096754
  0.42913256383148068  0.43956657942949495  0.45022036660674714  0.46101846032964550
  0.47188838783928111  0.48317380837046908  0.49450733312805090  0.50592248566509945
  0.51753575964091425  0.52941159162096285  0.54119816559324085  0.55222299276342934
  0.56321020746169714  0.57422539611564039  0.58529908748196291  0.59637376913034967
  0.60806386889309727  0.62047344548057393  0.63232161992233626  0.64318357731901055
  0.65372829635340446  0.66429812584140546  0.67513278810283162  0.68633269468863778
  0.69794137411153900  0.70964316602697164  0.72112924000791812  0.73272710432230492
  0.74429007011600223  0.75547114207382227  0.76601680137325767  0.77609149647690490
  0.78566124234548129  0.79539108681602411  0.80553588198904291  0.81614873524096210
  0.82746970738766690  0.83943733091430905  0.85170021684343578  0.86367776603645707
  0.87435536491086807  0.88466220134293994  0.89442294020539759  0.90480862586031896
  0.91488229561848577  0.92635951801231875  0.93843975061265295  0.95066750894703844
  0.96254508000347472  0.97383019819325778  0.98568519583622050  1.00000000000000000
 -0.00161516289396651  0.00711010843513690  0.01569760003154405  0.02502656847696834
  0.03498314624326024  0.04489096132455875  0.05483579563717486  0.06534488096540195
  0.07635696043493963  0.08738427207242233  0.09790771804838662  0.10820744660316724
  0.11853555402359375  0.12920256754686874  0.13996410748930768  0.15022906842174302
  0.15983444868323016  0.16921224034409540  0.17911793342028604  0.18940326010532244
  0.20011046621241707  0.21066006608150081  0.22142274448858459  0.23180767237960856
  0.24174166976608941  0.25174875859858964  0.26201665116975631  0.27254041017463576
  0.28299782895265768  0.29340755647683614  0.30387388576281249  0.31446421147608322
  0.32464444924780639  0.33463437715446642  0.34516008584172342  0.35532257245897225
  0.36473191618593903  0.37419916728192854  0.38411065320739057  0.39465411846042020
  0.40482496802608986  0.41482781592241980  0.42511311531173901  0.43543303893021362
  0.44601387563503131  0.45684443244644612  0.46709744311768403  0.47720902327508119
  0.48693893822474732  0.49646623046647403  0.50624486719041295  0.51644822263885093
  0.52748030939289570  0.53873216058333628  0.55002094060290474  0.56126866300137390
  0.57219616711313182  0.58292562193323161  0.59358308467518761  0.60423608916455185
  0.61479261317783662  0.62510814437993034  0.63536479882782082  0.64542182690055894
  0.65529541973865424  0.66521362093516689  0.67548371025394793  0.68616586992948703
  0.69747040705629992  0.70896232249749491  0.72047127807384326  0.73216551501068639
  0.74442726404086990  0.75657732878533712  0.76813314163566271  0.77967857515911687
  0.79116297872051011  0.80235823552831975  0.81328361499302460  0.82404125620628477
  0.83501300077358809  0.84592998632034710  0.85651329180867886  0.86667592702575635
  0.87694697349254036  0.88756270073504895  0.89829750167696665  0.90891570391933407
  0.91936041528680912  0.93086677566636888  0.94264547645668917  0.95411512224954287
  0.96595843332104203  0.97742202282470847  0.98913529000134859  1.00000000000000000
 -0.00205432057640771  0.00844922095045489  0.01772836207381739  0.02754502433343501
  0.03802652644724452  0.04848582009462211  0.05934587627226740  0.07009095696906929
  0.08068048279308183  0.09140719415739286  0.10198386514218745  0.11387091265074098
  0.12604098984175113  0.13684351793174712  0.14751907781432283  0.15853891986587895
  0.17017183763798671  0.18136812969993499  0.19259802543951307  0.20343093122274331
  0.21362857731769930  0.22357629855114206  0.23349226153101926  0.24378238961051962
  0.25410660339053692  0.26411124764866445  0.27391282724146898  0.28376880072544508
  0.29353589962320281  0.30367933484466769  0.31391930833317938  0.32373419759823668
  0.33353386287018960  0.34312574427720666  0.35296217828425963  0.36405810143466577
  0.37500422638558673  0.38454210620500640  0.39413590302492263  0.40422007224896483
  0.41388067364596082  0.42348795268849648  0.43320888565977050  0.44361229497623544
  0.45401861719534636  0.46458516351635082  0.47515356574270401  0.48589042621259648
  0.49659520779104027  0.50706836588271609  0.51769635799370828  0.52866573688120566
  0.54015720694950686  0.55149630549808126  0.56243047962616233  0.57347800165523866
  0.58438361126582805  0.59527881670608784  0.60599125633170170  0.61674429611560555
  0.62773417790904551  0.63902667906893240  0.65009526890879277  0.66037692074722565
  0.67029761020309997  0.68020416808314876  0.69073562745101169  0.70164851911574189
  0.71233692200241783  0.72219076453934661  0.73146545396559493  0.74093989329719101
  0.75087514561502477  0.76172195288675615  0.77250334635839790  0.78331885476691443
  0.79349218535686894  0.80313850605361425  0.81293354178388277  0.82277883621347025
  0.83259177167858445  0.84164943583645668  0.85087755897645145  0.86128863422971702
  0.87229817452195058  0.88391396092129082  0.89552994226136229  0.90712408259905974
  0.91847751994137627  0.93016566370889042  0.94210298878442655  0.95367441005341536
  0.96562400759305167  0.97721961594943618  0.98867820662670214  1.00000000000000000
 -0.00009763909823622  0.00044155592332238  0.00080274476610596  0.00104500995382776
  0.00126090903566294  0.00145871479160263  0.00164207672994512  0.00180846820545005
  0.00196165219613125  0.00210802259939747  0.00225025096921138  0.00239155809817219
  0.00252839007057412  0.00265840037108268  0.00278114957062436  0.00289615646682057
  0.00300746219921266  0.00311893231451766  0.00323529223622542  0.00336225043301086
  0.00349536403923761  0.00362625526499037  0.00374797834563566  0.00385718233624909
  0.00395780785812427  0.00405253976263874  0.00413973307240831  0.00421948948406211
  0.00429287155285352  0.00436194519351557  0.00443483577540694  0.00451262445945210
  0.00459310618431067  0.00467166770524124  0.00476012080281845  0.00485986741265702
  0.00496829640435740  0.00506932765666822  0.00516367662162883  0.00525349140682903
  0.00534084648164737  0.00541587791543247  0.00548699062477406  0.00555601843777452
  0.00563352484675121  0.00573187807849727  0.00585326582931999  0.00594175342544339
  0.00602710916911618  0.00610557730103227  0.00618796847314167  0.00626463856881006
  0.00637393634302209  0.00650662129583379  0.00663153301022869  0.00674431643582276
  0.00685016419934817  0.00696344306615659  0.00710196297578387  0.00721872078915557
  0.00738365763610291  0.00752794058361572  0.00761342874454095  0.00771882826926144
  0.00780327962933037  0.00787778681244524  0.00795259757258799  0.00803245029180650
  0.00815442257039342  0.00828937219126976  0.00839267989091462  0.00852647510856512
  0.00862566572333218  0.00870330755149982  0.00882086344753444  0.00896056874255433
  0.00909713680427711  0.00920133963211898  0.00929917822726120  0.00936803795984948
  0.00944019307563758  0.00953077508513097  0.00973922901212721  0.00992847862847415
  0.01068779445823379  0.01148706609621829  0.01163648806014902  0.01178301240586626
  0.01192178783344847  0.01206236662355259  0.01226773543718751  0.01247681229211580
  0.01268971155037235  0.01290298357222512  0.03977692130592446  1.00000000000000000
 -0.00416596360115581  0.01714940165726554  0.03278932128099704  0.04972726187667841
  0.06567652122657310  0.08065491749886018  0.09551424725321755  0.11018140639438580
  0.12460467361850606  0.13899968944978824  0.15313736603268044  0.16667793673708425
  0.17959215433745468  0.19230073655498028  0.20465973814782606  0.21691406793634382
  0.22911768280099998  0.24091183727843854  0.25233138164674379  0.26355186135746500
  0.27445019834428780  0.28529165056527722  0.29563317418232965  0.30577708188214953
  0.31536943053666189  0.32480396446622650  0.33457607731587097  0.34458028975055771
  0.35437788510549068  0.36274748024640396  0.37080826187625543  0.37860194829755239
  0.38681399700858754  0.39484883690734096  0.40297981902643104  0.41082745464035419
  0.41871447325293326  0.42634722098915462  0.43365079246995436  0.44058187378427005
  0.44728950278930973  0.45396752860248196  0.46083434875666129  0.46789504450993025
  0.47514670442276746  0.48253036972362889  0.48900949753207523  0.49608568748623161
  0.50320653190299769  0.51040120103122522  0.51742495089552254  0.52443438307135426
  0.53181804926139087  0.53925750260355210  0.54691697032902531  0.55431950346909498
  0.56175421596325448  0.56914277376050237  0.57665581336584859  0.58431462216313546
  0.59185051932286981  0.59927020508005557  0.60681079932067117  0.61473008595578049
  0.62295050328125867  0.63120748164691498  0.63970785878824088  0.64848164135024633
  0.65738015692531815  0.66664223973249548  0.67614969787761525  0.68656745609790637
  0.69661228333787728  0.70598149255680853  0.71519702957760722  0.72504536870103364
  0.73574149573106107  0.74611563530350966  0.75660024635753576  0.76726833271754225
  0.77834117901758826  0.78971323032142837  0.80194324834483699  0.81495970757181613
  0.82871437109692014  0.84235757764348007  0.85612996013338161  0.87058358918316692
  0.88569979986590164  0.90120626897680844  0.91607259541106900  0.93146612006403162
  0.94655687493192464  0.96393381192020000  0.98170538236973304  1.00000000000000000
  0.42411135334515798  0.45995693905404061  0.48240588732787132  0.50260400192629673
  0.51924630030028940  0.53540026590835055  0.55090206581831158  0.56417826247314895
  0.57660150605237037  0.58948650290792837  0.60053982790977700  0.61089497390197045
  0.62139859672950859  0.63128800127709650  0.64102494418722444  0.65072310480626860
  0.66005478844802012  0.66901763775962253  0.67765471867549021  0.68630582454209665
  0.69512600693557369  0.70392693471830481  0.71260208911203926  0.72112808441043252
  0.72970823619452274  0.73804913135938077  0.74607949539461982  0.75363130160052094
  0.76057787094887130  0.76739147778642613  0.77418574251640415  0.78090860490508718
  0.78754513915434776  0.79398598417117350  0.80025853860173857  0.80648647145669339
  0.81262218271008058  0.81865868101259864  0.82454043396514098  0.83025071185469024
  0.83568267304022958  0.84055493615168664  0.84529356725870808  0.84984085025903244
  0.85434033719706481  0.85884725638718806  0.86336196777775864  0.86783988666994061
  0.87226906888838951  0.87661342457423741  0.88087024038299044  0.88503818645570453
  0.88915326087253199  0.89322379043073397  0.89731945951337844  0.90143198946914260
  0.90551237614657842  0.90953113573694866  0.91340446562268829  0.91710675328029578
  0.92064220146081965  0.92404660803129146  0.92747620609464665  0.93084289773607676
  0.93418451504203026  0.93749700857706675  0.94067716883891006  0.94370508253004226
  0.94660450567168442  0.94937794771476602  0.95203936472837192  0.95457661431526963
  0.95707649213346557  0.95952079004496782  0.96191067416306686  0.96429205506855120
  0.96661251621306554  0.96880277359012557  0.97096168659092463  0.97301444991468911
  0.97503577313865664  0.97693870444464392  0.97872125937160570  0.98048751390654820
  0.98218244088126527  0.98380150815015943  0.98525301353669426  0.98663383367609692
  0.98797294321756091  0.98922413190605640  0.99049150011319109  0.99171611274333282
  0.99303289159886110  0.99462891138090181  0.99664873533894749  1.00000000000000000
  0.01403956591841875  0.10686412362567203  0.14773434423490522  0.17002062338141186
  0.18441163993802154  0.19661361024454618  0.20835946139389341  0.22063267080164659
  0.23160141839782528  0.24251492685964521  0.25344126573203357  0.26382061537095491
  0.27295847382975241  0.28071144828424316  0.28796023712149366  0.29567257943347780
  0.30390338197433692  0.31209392978878531  0.31982582218566225  0.32762412645413830
  0.33570777260948753  0.34376628902022627  0.35149580479702403  0.35876373595807565
  0.36571085967996564  0.37246892312968743  0.37915432780085390  0.38579434746526636
  0.39254000429615254  0.39919804139811893  0.40576827413872801  0.41219519835407242
  0.41828303489251550  0.42410968563273271  0.42983870377855149  0.43557521076819800
  0.44127297688684758  0.44699169247559967  0.45287041977138304  0.45866962463378119
  0.46426951515064596  0.46962331891685527  0.47489415393570544  0.48033011609636345
  0.48602619548685233  0.49172444828681189  0.49729078699422496  0.50287099740091190
  0.50854279999063401  0.51399013979612584  0.51940592250087259  0.52493036290225326
  0.53083172415040225  0.53665359544777536  0.54236639150897281  0.54804445495285103
  0.55396076378589365  0.56011458192791763  0.56629038192213310  0.57247625611764974
  0.57863197814505096  0.58468375385414340  0.59057685175797470  0.59633931383689143
  0.60217351740202496  0.60816122048537113  0.61412479937183662  0.61988109548175252
  0.62592220919180686  0.63277038315756440  0.64001491407488964  0.64734776938171257
  0.65501334674447864  0.66271859602114569  0.67032830056498582  0.67771181116376733
  0.68497529376342592  0.69241868001219964  0.70026941481877170  0.70819533194431827
  0.71574759371816921  0.72309075679722912  0.73066368610667298  0.73909809785959579
  0.74764899345181290  0.75696970507329830  0.76755209992959061  0.77776139411720213
  0.78762550933911757  0.79770867742409690  0.80969749657002044  0.82509218155968289
  0.84260453478677977  0.86059519976083920  0.88611950663672734  1.00000000000000000
   7.1573801055388977E-009  -1.0000000000000000     
 F F F F F F F F F F F F T T T T F F F F F F F F T T T T F F F F F F F F T T T T F F F F F F F F T T T T F F F F F F F F F F F F F F F F F F F F F F F F F F F F F F F F F F F F F F F F F F F F F F F F F F F F F F F F F F F F F F F F F F F F F F F F F F F F
  <DiscreteSampler_grid>
  grouped_processes
  1 # 1 for a reference and 2 for a running grid.
  10 # Attribute 'min_bin_probing_points' of the grid.
  1 # Attribute 'grid_mode' of the grid. 1=='default',2=='initialization'
  0.0000000000000000 # Attribute 'small_contrib_threshold' of the grid.
  0.5000000000000000 # Attribute 'damping_power' of the grid.
 # binID   n_entries weight   weight_sqr   abs_weight
    10   10   1.193098563430739E+001   6.583959112940699E+002   1.193098563430739E+001
    16   10   1.193098563430739E+001   6.583959112940699E+002   1.193098563430739E+001
  </DiscreteSampler_grid>
