  0.00000028071645263  0.00000060813625971  0.00000064137860130  0.00000068100777175
  0.00000072711691221  0.00000078108296953  0.00000083336714084  0.00000089220704053
  0.00000095178921411  0.00000102391012964  0.00000123287816998  0.00000144178555863
  0.00000168183310263  0.00000194381929218  0.00000222107920397  0.00000251603350541
  0.00000283872383822  0.00000319503609725  0.00000357544449221  0.00000394714429235
  0.00000432005726810  0.00000471090201185  0.00000518108806704  0.00000570636199309
  0.00000625087106191  0.00000681372709200  0.00000738053136398  0.00000799871027360
  0.00000864111028854  0.00000931030149369  0.00000997819789044  0.00001054629174375
  0.00001103849855009  0.00001150069922724  0.00001197395380974  0.00001253234681196
  0.00001317398008584  0.00001389525270553  0.00001463126938955  0.00001558940756978
  0.00001660077744263  0.00001784399699865  0.00001920960321517  0.00002064682250168
  0.00002224753564744  0.00002407817508704  0.00002634942857461  0.00002892664007772
  0.00003199943472065  0.00003533655313938  0.00003832828744462  0.00004106193736039
  0.00004382613458270  0.00004683867155173  0.00005003085392479  0.00005338372822890
  0.00005716884690506  0.00006093362411250  0.00006547860238731  0.00007091717512391
  0.00007597755110058  0.00008198104697055  0.00008797861014362  0.00009790430250568
  0.00010880644461244  0.00011889492091674  0.00012933822272367  0.00014121415205636
  0.00015287317769067  0.00016594240292587  0.00017919704301115  0.00019185034171076
  0.00021084755254034  0.00023480552764371  0.00026111405825362  0.00029047082925494
  0.00032406919842725  0.00036388699599266  0.00041713525365497  0.00047650248539270
  0.00053429658947210  0.00060744465318845  0.00066261285780720  0.00070977596409156
  0.00076257107339552  0.00081502847071016  0.00088021140709963  0.00099619329093605
  0.00112710486836486  0.00127543487509639  0.00150408028313168  0.00183474006220414
  0.00235616717896534  0.00303193703782290  0.00412397087872186  1.00000000000000000
  0.00000288050224379  0.00000548968561327  0.00000989560342567  0.00001506371690966
  0.00002063837005466  0.00002677109729804  0.00003439576151504  0.00004279449272643
  0.00005122926129817  0.00005931883693438  0.00006746860400719  0.00007657435834736
  0.00008649049332178  0.00009703014329088  0.00010745367900479  0.00011682169979165
  0.00012567137635388  0.00013458396250439  0.00014422731453377  0.00015381148340510
  0.00016375773163512  0.00017486725387393  0.00018646523613216  0.00019807465144160
  0.00020896040764476  0.00021893518377565  0.00022881510856077  0.00024023435451911
  0.00025231107899309  0.00026500271355507  0.00027761880616977  0.00028966702195738
  0.00030073477615426  0.00031061742765291  0.00032031383965847  0.00032886141753027
  0.00033709050801499  0.00034598130737946  0.00035579818532000  0.00036558205681009
  0.00037569194700088  0.00038585533362153  0.00039689758309828  0.00041030069333479
  0.00042485082550505  0.00043912784019771  0.00045385546437623  0.00046816226065826
  0.00048970517423451  0.00050797028158855  0.00052644957838732  0.00054700752448804
  0.00056994251153974  0.00059321510118289  0.00061771115029269  0.00064198734504161
  0.00066601082912780  0.00069122876212810  0.00071999166384862  0.00075281316418530
  0.00078407835023429  0.00080429492300746  0.00081679711854575  0.00082650229372588
  0.00083297784564058  0.00094951635929411  0.00107747193680478  0.00130410945987059
  0.00153865136681593  0.00178031009328714  0.00202769070053168  0.00226553244164419
  0.00248172894977862  0.00269792545791305  0.00287132964531668  0.00302915747260536
  0.00313964358407574  0.00317852916351890  0.00322807747378770  0.00329983491729060
  0.00343296023638182  0.00361720646616031  0.00372056928886103  0.00383217905735217
  0.00397060686714665  0.00419004018581589  0.00431310789780989  0.00436883057024729
  0.00447612920277342  0.00546683143553385  0.00655098258101690  0.00773639211589866
  0.00899895367834642  0.01017832109238212  0.01121298466082950  1.00000000000000000
  0.00000066553541193  0.00000082428872948  0.00000096678244171  0.00000109511280371
  0.00000121716839755  0.00000132694807106  0.00000142329213069  0.00000152629440433
  0.00000164429309468  0.00000177386350786  0.00000189556568532  0.00000210403768497
  0.00000233063807516  0.00000260725687078  0.00000286057396069  0.00000310653313965
  0.00000333094512621  0.00000354287023254  0.00000377699799926  0.00000405667548316
  0.00000441940290532  0.00000492684025811  0.00000545034035129  0.00000598686539929
  0.00000658157310325  0.00000718232080802  0.00000777040346180  0.00000835239546814
  0.00000903877657874  0.00000978711094865  0.00001059687204749  0.00001144406997765
  0.00001244392471577  0.00001356853162571  0.00001475008248133  0.00001604926598415
  0.00001718494811856  0.00001830707939910  0.00001946869453271  0.00002071904161783
  0.00002196992923560  0.00002296753587137  0.00002398161043650  0.00002504697165670
  0.00002633770799078  0.00002829662131678  0.00003071792445075  0.00003325914387048
  0.00003613137459391  0.00003907028755262  0.00004233079303924  0.00004548323420950
  0.00004884601092910  0.00005228572485639  0.00005594567800687  0.00005997421146944
  0.00006445580537271  0.00006958828044040  0.00007566758952617  0.00008225857283850
  0.00008926563689393  0.00009676382397887  0.00010458182440349  0.00011288131433965
  0.00012241649984793  0.00013164241092346  0.00014238919328605  0.00015434682708659
  0.00016839544313270  0.00018465770759887  0.00020432396335185  0.00022796537917438
  0.00025042288040095  0.00026715482588698  0.00028289053557095  0.00030254336958465
  0.00032201062585338  0.00034295548462311  0.00037549585395222  0.00043118098980910
  0.00049299881306463  0.00056821509043028  0.00064791972196432  0.00072706018507934
  0.00079150093286772  0.00087333059290441  0.00094543917330757  0.00101397757531672
  0.00108118398658140  0.00115642448617565  0.00132622308848964  0.00153828950198381
  0.00176361315084043  0.00235347716787043  0.00402181206239022  1.00000000000000000
 -0.00048453552441769  0.00911271755723603  0.01656258767536633  0.02369359959601496
  0.03081748901140185  0.03809991535500329  0.04495824442971827  0.05022925858781898
  0.05422549562718183  0.05809700219203041  0.06190094917906332  0.06561834509284717
  0.06963951974622948  0.07584837513737820  0.08174471197637931  0.08900428035026428
  0.09657620414376686  0.10492925644232970  0.11280512613868621  0.11975653831654488
  0.12784440764551819  0.13635899464948256  0.14496416259445560  0.15511906895363217
  0.16461422867389691  0.17453528075658087  0.18483790890072740  0.19532066034886889
  0.20594665190566097  0.21606472431637930  0.22542872751187001  0.23424678460252923
  0.24381244974158836  0.25448795920153888  0.26645169930111290  0.27601646579949446
  0.28395934304073289  0.29137240096979239  0.29585412688192275  0.30047271807274722
  0.30480629749935312  0.30931040711305924  0.31391811608661929  0.31885592465811180
  0.32520899704090767  0.33249291445887624  0.34148890835928775  0.35057203958885441
  0.36077272773021674  0.37268175507939266  0.38356344223848260  0.39457579933406506
  0.40631845236061914  0.41833840549068174  0.42994792542501908  0.44139000611840046
  0.45147136160251816  0.46113220317982934  0.47083941077192687  0.48138677064500124
  0.49398087337929542  0.50729465975074151  0.52064673212381729  0.53217057160074632
  0.54292085605379981  0.55469720273794132  0.56717004395742288  0.57875969050695641
  0.59188716506679817  0.60598556991498997  0.61806644026092328  0.62963986017703855
  0.64148716274084638  0.65359769477356555  0.66502695658158906  0.67824395533032089
  0.69328853254894929  0.70836326884692891  0.72226490609999716  0.73398834266066360
  0.74389970364876601  0.75522634579368475  0.76944177809496972  0.78216388444925933
  0.79473947840799541  0.81018093832415461  0.82502654620214178  0.83998721900131434
  0.85380918517406990  0.86750553148127130  0.88021357668552724  0.89359633168611641
  0.91347508320601878  0.94057587379027274  0.96965239985629692  1.00000000000000000
 -0.00218766659015477  0.00949682288815218  0.01930233834079547  0.03021088422871002
  0.04000098696691768  0.04703780519631089  0.05501221850099650  0.06483310210776468
  0.07379972762607351  0.08197086677733448  0.09221360344165570  0.10448571898010092
  0.11737778227628248  0.12974451270185428  0.14074508225100749  0.15091222703140414
  0.16095116817516247  0.17162156559241074  0.18428355084854245  0.19511256844413918
  0.20516827504892940  0.21496062832699184  0.22519166542642713  0.23562367699296177
  0.24625577072988047  0.25864935412410800  0.27117156714036927  0.28341018655270034
  0.29449167259398051  0.30498277487484321  0.31465844319645248  0.32446508096368876
  0.33531973561627348  0.34833625254158462  0.36274636025845552  0.37608516560750727
  0.38763951149313530  0.39816859086441159  0.40781907077051860  0.41704334418281247
  0.42717665521323950  0.43806069624468158  0.45052129182131012  0.46109808515750550
  0.47227187234612245  0.48422729494119526  0.49760852120744303  0.50992315335613914
  0.52077624149193047  0.52863041506219288  0.53495246524539064  0.54224345869691937
  0.54969922876666422  0.55676975177566657  0.56790635886122076  0.57984841106479368
  0.59244290842035163  0.60472615761712156  0.61665595518824323  0.62870148542983983
  0.64012991283952936  0.65172357664332980  0.66348709092573599  0.67413037072757198
  0.68232650350498991  0.69044445063628768  0.69886441378153341  0.70787764115690632
  0.71804435759403018  0.72878439980084242  0.74073396603141550  0.75208897977666078
  0.75988677355922418  0.76903666338866405  0.77718711490523540  0.78493000199054508
  0.79321048243015213  0.80054764393996480  0.80840090287209221  0.81910753411286863
  0.83373690530292544  0.84896056513512808  0.85871931780053401  0.86680518939267326
  0.87421500375483208  0.88160298721095087  0.88991386511194359  0.89935932527204487
  0.90925026631801020  0.91994668310914074  0.93341066726377264  0.94650061796449692
  0.95953468979868628  0.97282317865349355  0.98607844035448389  1.00000000000000000
 -0.00252646722640467  0.01523739486411361  0.02833139159807150  0.04120180001321030
  0.05553487877808152  0.06674707798399059  0.07743260187282698  0.08789449070358588
  0.09869717536232464  0.11050696483288830  0.12102672995789741  0.13176462583988388
  0.14396451433736274  0.15673212195451472  0.16919285302954198  0.18270515749102059
  0.19732918698942198  0.21178834768820604  0.22482196714691322  0.23695187661188588
  0.24824470422647077  0.25842357824124967  0.26813117817736021  0.27836111865491897
  0.28931396344148286  0.29987643746184023  0.30915450753126250  0.31801957653971313
  0.32639099317746212  0.33659512895146981  0.34607378270325057  0.35248915737640218
  0.35903771764088638  0.36558070401325521  0.37233853933866556  0.38079884439876971
  0.39509732091479771  0.40786455714902714  0.41586979434386739  0.42402053215172580
  0.43131054156622806  0.43918108799182060  0.44925777296818392  0.45904750255850452
  0.46686134215668973  0.47480312683024622  0.48363668894528122  0.49346152679363525
  0.50439098339993016  0.51588426309432878  0.52862042347313132  0.54163950332348998
  0.55379019801887486  0.56654115251335058  0.58178656580122357  0.59691741857507008
  0.60905881399685613  0.61860069178508925  0.62867793560138108  0.63824460465486499
  0.64727243988123240  0.65632228163603179  0.66652561640801811  0.67822622073639449
  0.68921289808121167  0.70113595329484502  0.71274862971759168  0.72409344733498304
  0.73447527638472787  0.74459316417069676  0.75520019366053326  0.76572634281704000
  0.77587883102670974  0.78528343566855696  0.79479798637893651  0.80545052229876146
  0.81717263295655673  0.82896826809241109  0.84238505674972086  0.85460455407857472
  0.86246450416877873  0.87075759109656836  0.87902057667205480  0.88720813167430101
  0.89522426209529748  0.90351318158061455  0.91145943679242669  0.92147703566160888
  0.93347467086830260  0.94450426111192987  0.95385188846675562  0.96291773857159901
  0.97129145032375253  0.98027402818968090  0.98941679224480406  1.00000000000000000
  0.00005254377859134  0.00012403498492360  0.00017694726363290  0.00021705533417765
  0.00026095582114533  0.00029954749934679  0.00033672168391020  0.00037275800694363
  0.00040767660083339  0.00044371557834617  0.00048061953244401  0.00051912618713731
  0.00055979635045754  0.00059968709938011  0.00063750317289520  0.00067308951777519
  0.00070876303350687  0.00074612911172532  0.00078468726358711  0.00082601009112234
  0.00087157780862834  0.00091908799561670  0.00095681137109048  0.00099443732512155
  0.00103177073289271  0.00106814879561071  0.00111236471110595  0.00116353151490648
  0.00121897664827099  0.00127132628864492  0.00131588919452999  0.00135881101584303
  0.00140256109723842  0.00142446419177065  0.00145368477822207  0.00148312731499394
  0.00151001580432051  0.00153314555002418  0.00155670810263533  0.00158125920328622
  0.00160271539566981  0.00162332316739348  0.00164380971493292  0.00166298065829162
  0.00168834873859922  0.00171522747369013  0.00174841776090549  0.00178275672177123
  0.00181950926383814  0.00187217555042475  0.00194017436235829  0.00200045796033540
  0.00206143051372638  0.00211892615879521  0.00217715735255151  0.00223331101420700
  0.00229349868160986  0.00235620284539557  0.00239682984429349  0.00243895643806598
  0.00248379783460068  0.00253173991790540  0.00258147657375982  0.00265348391545950
  0.00273840967374316  0.00282932469359934  0.00295929777610219  0.00308397854379853
  0.00315237539371704  0.00321360889549066  0.00327739807991047  0.00333422267739120
  0.00338639820957623  0.00343424317306677  0.00347227764242803  0.00351186250875518
  0.00355012865047822  0.00359201506614530  0.00365242339451542  0.00371530962233994
  0.00380063420878912  0.00387340705953226  0.00394754799518480  0.00403770693802899
  0.00413104399491489  0.00425245832075930  0.00454024827381115  0.00470283599989410
  0.00493648116760415  0.00522012731848294  0.00546610835498093  0.00651198187841836
  0.00767190275939492  0.00805079331767979  0.00928168431705515  1.00000000000000000
 -0.00330895236043448  0.01868544255129004  0.03373756371758619  0.04624491441792913
  0.05743547773252852  0.06805389628590192  0.07959572786063980  0.09345903470474684
  0.10751914786841754  0.12015981143575145  0.13214454353844834  0.14370313077431199
  0.15518849811788374  0.16671804158180201  0.17922420477754905  0.19059406286373426
  0.20212733144825062  0.21269434753030744  0.22409322018010777  0.23577471162362237
  0.24613562419365415  0.25495736989630907  0.26307377629279449  0.27164274169990810
  0.28126833666060624  0.29104183422036317  0.30063263071376511  0.31017648808282089
  0.31997042645977330  0.32958431752853951  0.33865650587740426  0.34715494782660100
  0.35658020238452603  0.36838966814252538  0.38259747390709936  0.39619006408814700
  0.40578515222111505  0.41526699411278195  0.42040884009221080  0.42547026055322684
  0.43062626687550076  0.43835054536665236  0.44457715280270055  0.44893688253893971
  0.45292910377341367  0.45726128037404179  0.46359142591988023  0.47615532248611869
  0.48681371371077442  0.49601644861748601  0.50477553439762912  0.51236413629688238
  0.52217231650043050  0.53342945998697511  0.54669558228811299  0.56096609557098487
  0.57324470145261286  0.58455952745689999  0.59643269051589876  0.60802769058060890
  0.61803425462423422  0.62909164762941638  0.64223312834489854  0.65592076788195031
  0.66895679881115244  0.68159751957125758  0.69421644912430713  0.70533708557898833
  0.71674302957535696  0.72792391528824685  0.73822037174467814  0.75005732040349538
  0.76013086629159932  0.76935773207590319  0.77830659987375228  0.78730988781757782
  0.79669879915825492  0.80611597165895477  0.81566704898160425  0.82413180494413729
  0.83311238502295903  0.84128191633105442  0.84933230681941208  0.85720980224155696
  0.86609139645327726  0.87597160566382837  0.88795088994252303  0.90069944566151983
  0.91304523603607157  0.92481175725092390  0.93576309170103067  0.94783406558167838
  0.95998916796160627  0.97280349200476157  0.98529350050106357  1.00000000000000000
  0.46966594346534030  0.51331547179446413  0.52870600099107812  0.55131386128854953
  0.57811336318987605  0.60921447385627259  0.63700289271482746  0.66122868751493691
  0.68210363726575085  0.70216370472575018  0.71920658790501557  0.73394898469345771
  0.74811155361608428  0.76220826120319363  0.77483001103731131  0.78606102072569839
  0.79647572721198101  0.80567588646332045  0.81412486192612121  0.82228815558241208
  0.83040124869504717  0.83769353740273378  0.84478680772351866  0.85176417797049830
  0.85822116618653721  0.86431740992582473  0.87014608035572083  0.87555020487918189
  0.88049841959160913  0.88517160372178660  0.88973281760981993  0.89416604852687676
  0.89841383159212673  0.90236017619824815  0.90616869540386469  0.90973712596436607
  0.91335766024921705  0.91677092476356414  0.92008317459271027  0.92338504041709513
  0.92686002066234785  0.93006565137703567  0.93304866570734335  0.93584275093725999
  0.93845435977234204  0.94095009653713224  0.94339135547313147  0.94582360294611612
  0.94806373471031358  0.95001870175593772  0.95191396578855780  0.95381799795926603
  0.95567841783950269  0.95740279766897574  0.95907155266690702  0.96075507572736041
  0.96260132663369602  0.96446536445923481  0.96637973027097501  0.96810957475848691
  0.96964010225675501  0.97106362404316349  0.97240866983260255  0.97372795632213160
  0.97499104278790782  0.97619757093468618  0.97728582974436085  0.97834862750238405
  0.97943465618197889  0.98071796533954425  0.98171428832966423  0.98263109508042501
  0.98352116831001068  0.98441129386585835  0.98533361566201294  0.98617322345340397
  0.98703685488165716  0.98789915685741958  0.98872250440625320  0.98968591987137267
  0.99056906112124332  0.99144071264359634  0.99221711960628456  0.99264745856251912
  0.99300648134942948  0.99334943376198248  0.99369754714902925  0.99403724988039477
  0.99435587675763659  0.99466866207180060  0.99500585720867807  0.99530887984106919
  0.99557156617598996  0.99598379503917001  0.99737092991177378  1.00000000000000000
  0.14040378333226586  0.15496898788993568  0.18647054366464752  0.21492676673004613
  0.23514134730950778  0.24966271354986488  0.25971604536115506  0.26807009362209094
  0.27580557831672153  0.28286557014476721  0.29182384332237749  0.30137804586804584
  0.30908448366485952  0.31745254535351930  0.32613612174426682  0.33233212897741116
  0.33873547614664484  0.34549669747216738  0.35155649450888821  0.35800269451968114
  0.36609290696638813  0.37416297191331516  0.38363845426293830  0.39447932698446958
  0.40261352347027102  0.40775884163421749  0.41281884226274002  0.41813598344442648
  0.42279880660259678  0.42905107165531908  0.43716205916544187  0.44458535162948609
  0.45226911796610009  0.45928842704296030  0.46711039891844452  0.47632272637326695
  0.48600059025172165  0.49642908154103604  0.50641890546775947  0.51551866873683660
  0.52405108914986109  0.53280786488746701  0.54133060955870815  0.55006164246707800
  0.55947577119798086  0.56918757290803945  0.57727139915920822  0.58469798701980957
  0.59174299544141196  0.59880561228271412  0.60670681541552973  0.61480375398419373
  0.62283613837818508  0.62944685540151613  0.63590411072219277  0.64238330142976718
  0.64941740089188826  0.65653278454112263  0.66336034929812215  0.67038751155793219
  0.67759999669915882  0.68461819802267143  0.69105909116316355  0.69638844048229909
  0.70164972157676120  0.70699784452999836  0.71243321442230390  0.71766799230436162
  0.72278906893740535  0.72759585151169082  0.73202025678217864  0.73617736545698176
  0.74063409093244736  0.74590942641981739  0.75186641540435195  0.75797415875964513
  0.76380779181003011  0.76965337296602332  0.77588552116177811  0.78250561253455153
  0.78951598697127801  0.79767058817859304  0.80575299417378032  0.81436774182052252
  0.82288430276526447  0.83220397887679587  0.84040457531739754  0.84823939373862656
  0.85617404286921839  0.86320395912961123  0.87012431231475762  0.87995486469810280
  0.89399116241267240  0.91004393480396162  0.93885223379256177  1.00000000000000000
   3.6433872249406267E-012  -1.0000000000000000     
 F F F F F F F F F F F F T T T T F F F F F F F F T T T T F F F F F F F F T T T T F F F F F F F F T T T T F F F F F F F F F F F F F F F F F F F F F F F F F F F F F F F F F F F F F F F F F F F F F F F F F F F F F F F F F F F F F F F F F F F F F F F F F F F F
  <DiscreteSampler_grid>
  grouped_processes
  1 # 1 for a reference and 2 for a running grid.
  10 # Attribute 'min_bin_probing_points' of the grid.
  1 # Attribute 'grid_mode' of the grid. 1=='default',2=='initialization'
  0.0000000000000000 # Attribute 'small_contrib_threshold' of the grid.
  0.5000000000000000 # Attribute 'damping_power' of the grid.
 # binID   n_entries weight   weight_sqr   abs_weight
    10   10   1.270349452883314E-003   6.473586360304815E-006   1.270349452883314E-003
    16   10   1.270349452883314E-003   6.473586360304819E-006   1.270349452883314E-003
  </DiscreteSampler_grid>
