  0.00000029999248731  0.00000032618053879  0.00000034225733984  0.00000035470564976
  0.00000036815157919  0.00000038202250799  0.00000039656905976  0.00000041116491140
  0.00000042506590707  0.00000043697437920  0.00000045258900065  0.00000047076735492
  0.00000048965588845  0.00000050885994884  0.00000052808502246  0.00000054870358953
  0.00000057131245029  0.00000059583482276  0.00000062220494771  0.00000065018607898
  0.00000068080172423  0.00000071450951979  0.00000075044314617  0.00000078701867376
  0.00000082346493444  0.00000086166296632  0.00000090119478075  0.00000094439724656
  0.00000099087143569  0.00000103963470602  0.00000109169906514  0.00000114847728616
  0.00000121019731226  0.00000127624897651  0.00000134677258461  0.00000142336072999
  0.00000150510633527  0.00000158990203478  0.00000168198738724  0.00000178133371876
  0.00000188790422182  0.00000200003081719  0.00000212178332779  0.00000225818405475
  0.00000240367122183  0.00000254899326703  0.00000269996023906  0.00000286302660615
  0.00000305884814141  0.00000325981151898  0.00000348188162954  0.00000371389116474
  0.00000396295173614  0.00000423978617014  0.00000454362643493  0.00000486947245282
  0.00000521974233139  0.00000560170699315  0.00000602165017572  0.00000648427192742
  0.00000698833367222  0.00000753926001212  0.00000815356565439  0.00000883582360331
  0.00000962496928885  0.00001037160914126  0.00001080523747037  0.00001124959199531
  0.00001171579531857  0.00001220256185158  0.00001271405013787  0.00001324196410738
  0.00001390103875955  0.00001522422953590  0.00001682057406490  0.00001855002743228
  0.00002057147960017  0.00002301134014877  0.00002602087774735  0.00002972994311096
  0.00003415666560406  0.00003928785122035  0.00004549781392778  0.00005327717432470
  0.00006342559933955  0.00007672435332004  0.00009476163327815  0.00011982671370213
  0.00015612988321865  0.00021334323563262  0.00031253118533039  0.00051390102654626
  0.00102720333123679  0.00354500282567399  0.02474863462134981  1.00000000000000000
  0.00000081833375242  0.00000088384454760  0.00000092728410671  0.00000096584017052
  0.00000100603251109  0.00000104984982259  0.00000109387425284  0.00000113842648688
  0.00000118559207284  0.00000123549677542  0.00000128346965453  0.00000133295146492
  0.00000138519270774  0.00000144280247715  0.00000150222902496  0.00000156001708722
  0.00000162029410829  0.00000168686801090  0.00000175980382944  0.00000183488678684
  0.00000190952833102  0.00000198442115271  0.00000206069481687  0.00000214186379105
  0.00000222805605978  0.00000231890791125  0.00000240660405914  0.00000249476516868
  0.00000258552129989  0.00000268577704696  0.00000279139376248  0.00000289935280406
  0.00000301085326557  0.00000312581711054  0.00000324459228189  0.00000336877551886
  0.00000349836108856  0.00000363367926693  0.00000377996686848  0.00000393645931726
  0.00000410036308901  0.00000427162248690  0.00000444926375930  0.00000463337024931
  0.00000482598532465  0.00000503423036336  0.00000525606414586  0.00000549775398669
  0.00000573694267690  0.00000600044758630  0.00000629351378138  0.00000659837163712
  0.00000690644983661  0.00000723531094436  0.00000759971093605  0.00000800110433379
  0.00000840735466652  0.00000884743078877  0.00000932469344796  0.00000984157115738
  0.00001041510112601  0.00001104258606574  0.00001171958990502  0.00001248023663600
  0.00001331885335043  0.00001424517866619  0.00001527313808826  0.00001643217108306
  0.00001775767349576  0.00001927882573060  0.00002102521404679  0.00002304009421663
  0.00002536130122867  0.00002802847123063  0.00003114176731767  0.00003484975188865
  0.00003941136950802  0.00004509051712153  0.00005195001354133  0.00006066075776186
  0.00007183208411197  0.00008643430414988  0.00010723151953416  0.00014356476876086
  0.00016920517061055  0.00018942384790236  0.00021541455734399  0.00024526040361337
  0.00028228110962252  0.00031641961649546  0.00046897738974943  0.00079815270754606
  0.00158764046204025  0.00671692090466617  0.01045373751128441  1.00000000000000000
  0.00000039987735768  0.00000120906860826  0.00000173944839812  0.00000224982556416
  0.00000276166308676  0.00000330992794143  0.00000391624173608  0.00000448809373660
  0.00000506680498845  0.00000568578706581  0.00000629224556658  0.00000687556356076
  0.00000747270487341  0.00000808615582988  0.00000870407952286  0.00000935512140889
  0.00001006382065559  0.00001082112116299  0.00001163286059437  0.00001249258915709
  0.00001342170373340  0.00001446233846994  0.00001558733588490  0.00001677242317345
  0.00001803597031430  0.00001941940450636  0.00002102573509633  0.00002278501617784
  0.00002468089618209  0.00002670942205390  0.00002895156064231  0.00003141561250353
  0.00003419140585162  0.00003739937177633  0.00004094453023319  0.00004473281005294
  0.00004883957614023  0.00005348856292186  0.00005862532136355  0.00006419926253716
  0.00007067457575550  0.00007805995687284  0.00008624076685823  0.00009550682049623
  0.00010638415600471  0.00011919240587049  0.00013450133108703  0.00015168597686197
  0.00017029525029395  0.00019055367219082  0.00021286677763323  0.00023912257303031
  0.00026946746261326  0.00030239738018156  0.00033722699913997  0.00037390174306689
  0.00041348121477153  0.00045717222460695  0.00050444356279732  0.00055524415944698
  0.00061080647645637  0.00067221340118011  0.00073801346517401  0.00080619692881150
  0.00087834172654193  0.00095586851347216  0.00104121929733475  0.00113165901575988
  0.00123095783902887  0.00132596525681574  0.00142905410262614  0.00155175106269000
  0.00170203240631909  0.00189167757473682  0.00209173281664843  0.00231517569301992
  0.00250475534690499  0.00273900899015648  0.00301672256900617  0.00335269378260176
  0.00379556638333856  0.00429285341586213  0.00473316239136444  0.00504579256600564
  0.00542611627112249  0.00597971393698669  0.00658435179121475  0.00706137817089369
  0.00757080657834888  0.00822800734366512  0.00905402233687902  0.00948618685101890
  0.00974450691088623  0.00996116854721231  0.01022596530900182  1.00000000000000000
 -0.00188115504555414  0.00596103740097362  0.01370715594199653  0.02090958110992913
  0.02493626439002556  0.02807941210294116  0.03138179790829318  0.03466001024771460
  0.03790059819309622  0.04112130087277566  0.04432099664696073  0.04735326055015933
  0.05197689637693053  0.06000575884791323  0.06913101802572112  0.07826947712266674
  0.08757215427070954  0.09715503725558311  0.10684569511813170  0.11665516404842011
  0.12641762968712808  0.13654625696623449  0.14675218997751469  0.15714079071789011
  0.16792466932359307  0.17882384572355398  0.18966227211827846  0.20058052654674863
  0.21165502567417324  0.22295678955931844  0.23435133959856697  0.24553428571720329
  0.25685349012689934  0.26818581027085386  0.27976695361024934  0.29123245150489757
  0.30265527414867077  0.31410436393753660  0.32568017928313803  0.33717980430323263
  0.34883405119253874  0.36079317160351893  0.37270548797098796  0.38403381805356696
  0.39515139978064417  0.40653622269594386  0.41817255299278350  0.42960799489000140
  0.44083203506162294  0.45224122110874027  0.46407902399521561  0.47611885532109932
  0.48794522719431566  0.49962320041784092  0.51121100118216845  0.52274261067533512
  0.53420218358008620  0.54555303074023109  0.55671274510124102  0.56754621034871477
  0.57816242461705136  0.58914826739690496  0.60012492488028246  0.61097370226939673
  0.62173400501707998  0.63280433129510716  0.64446552452248096  0.65584059103610703
  0.66698377001955678  0.67776801897558059  0.68883853337060463  0.70026671070973012
  0.71178703774554553  0.72333316663600344  0.73486080646584073  0.74663600454531320
  0.75862679670367172  0.77024365720780819  0.78123128019284360  0.79189309512944728
  0.80267591493666368  0.81389904771416266  0.82570513134455925  0.83794555787965452
  0.85004861868663195  0.86184570351008682  0.87416423490118744  0.88645502629933204
  0.89923885475515619  0.91255985602441103  0.92573059683898651  0.93827837941730319
  0.95056664140138725  0.96377884633952704  0.98034355153295016  1.00000000000000000
 -0.00316915909318768  0.01097872148571331  0.02199376640212032  0.03342575833474117
  0.04486757095278533  0.05614845918304491  0.06723263898943388  0.07838139776167884
  0.08968630057277550  0.10094363612608245  0.11217744453032226  0.12350146292403319
  0.13503646367975478  0.14668492313919762  0.15810037975415756  0.16907810665234072
  0.17970681783944420  0.19046013084159996  0.20184424478657076  0.21356664668124831
  0.22560249995618625  0.23712315406597290  0.25015817345236185  0.25448384859458328
  0.25869547134231197  0.26296597624271073  0.26736649816657670  0.27187028067330699
  0.27631700051741792  0.28067768575745461  0.28509915150303744  0.29699812011531790
  0.30865750071620712  0.31995061947795606  0.33108359602559828  0.34239750437505362
  0.35376916824285415  0.36499119444436234  0.37630183573152975  0.38786462361809837
  0.39949203097336822  0.41101424729187286  0.42247275421716024  0.43327586686472053
  0.44396288845131071  0.45476257137147358  0.46578036468033890  0.47703413445182902
  0.48788255176100370  0.49865898131165681  0.50960033292762474  0.52075819359907960
  0.53205718035886607  0.54325367292931148  0.55443540947913672  0.56587891163688242
  0.57748638283445164  0.58905320833567765  0.60032773617047441  0.61142196359595413
  0.62235413092731995  0.63313441195392983  0.64417015858456750  0.65550566320296877
  0.66668231843005332  0.67755414431705818  0.68831163232664583  0.69900333892369348
  0.70968068734378620  0.72050325631265288  0.73183678205571667  0.74322771122339726
  0.75392538745124649  0.76451007078492261  0.77472257264962829  0.78519791426431618
  0.79603376054437602  0.80736189144220583  0.81908800786697233  0.83070968099286813
  0.84175418876814445  0.85261561959404053  0.86349485504786849  0.87400713444576628
  0.88410759216965196  0.89401260629983459  0.90442355706655275  0.91552286718335285
  0.92605392878858050  0.93666790323987259  0.94765559790405762  0.95821898648160941
  0.96860530153562463  0.97899779074803417  0.98993917137507870  1.00000000000000000
 -0.00229728152885594  0.00888306704010199  0.01888416639404462  0.02915761244425097
  0.03984276476698864  0.05070066674831107  0.06133570224964509  0.07178943846615216
  0.08243545022303804  0.09340746532205110  0.10442860260128219  0.11544740326533824
  0.12657760298515433  0.13764514579812498  0.14864515644893733  0.15952551639328272
  0.17082326799385339  0.18228396155063611  0.19368080030920978  0.20522718794898395
  0.21686258540186629  0.22829651496748191  0.23997514515999874  0.25134143818401350
  0.26282551562143658  0.27430221663910076  0.28596696823205509  0.29772458178850447
  0.30942997022735425  0.32135603701102788  0.33318013172786920  0.34484658967409348
  0.35654096232823684  0.36845841595772066  0.38038217844809341  0.39168976417443518
  0.40244578711740081  0.41311089690269615  0.42395301658607532  0.43428474543425266
  0.44441436842190346  0.45418993481799158  0.46397626810906845  0.47429146825006158
  0.48498476263646551  0.49609544018082069  0.50709231954594691  0.51746949012196519
  0.52769635036392504  0.53798571045765231  0.54909622750435760  0.56048034054707319
  0.57189786655496122  0.58344727623551429  0.59523341046087463  0.60687487401178775
  0.61808710184974658  0.62915230310123238  0.64036470529644129  0.65157133787248678
  0.66268996160479832  0.67355606412050117  0.68439531750940341  0.69544590175725862
  0.70680900688652726  0.71834068372573512  0.72974070227810406  0.74077511669600427
  0.75149532034728517  0.76185312876510058  0.77193259091116628  0.78200327779990275
  0.79208473350236364  0.80238978187217080  0.81295386447078821  0.82421070022631426
  0.83604257864513720  0.84849602971083782  0.85878522629549803  0.86370597270587324
  0.86793928575537338  0.87222304558644992  0.87627926451716642  0.88035439591857578
  0.88438320390865488  0.88839754933839854  0.89626648664968467  0.90699572305861620
  0.91794229301220509  0.92916550717134316  0.94091292138437654  0.95276452216577645
  0.96445454256096330  0.97623645490366984  0.98808738501639304  1.00000000000000000
 -0.00010133067184730  0.00044524874382662  0.00073313368849825  0.00097004580829385
  0.00117606046116862  0.00136413263835840  0.00154065006181820  0.00170548762663412
  0.00185638684352800  0.00199671106406946  0.00212735934194503  0.00225141197709810
  0.00236428146624319  0.00246947831796515  0.00257304143725991  0.00267581097581907
  0.00277655695806279  0.00287569027579281  0.00297328538718527  0.00306450839568059
  0.00314837746991622  0.00323363699034890  0.00332154912133168  0.00341175762270738
  0.00350261447340438  0.00359180784465062  0.00368145168737663  0.00377112423607556
  0.00386029251627005  0.00394481430864338  0.00402415590345920  0.00410526694761319
  0.00419036621030137  0.00427590431440054  0.00436493837401722  0.00447100533243890
  0.00458461624437947  0.00467527720708160  0.00475938455254742  0.00484422603271505
  0.00493751231937451  0.00505109940651667  0.00516629618003794  0.00524685760304936
  0.00532274069991740  0.00539475963940097  0.00545766873196679  0.00552247095449030
  0.00559684441932676  0.00568148552459399  0.00576820977010270  0.00585626759742488
  0.00597948367446425  0.00609681104422979  0.00618023428962484  0.00629116909423067
  0.00640988119998641  0.00655618459062647  0.00672853806398888  0.00690949346919544
  0.00707445108720796  0.00724420847031268  0.00747311976435537  0.00773196623255224
  0.00793918370661019  0.00809888800282806  0.00828108328203710  0.00846822483263381
  0.00870348489671256  0.00896836338857662  0.00915703769956566  0.00919525219742746
  0.00923182809566659  0.00927215320737414  0.00934291583631977  0.00941896564570675
  0.00950247857454680  0.00955763967326596  0.00959131184032338  0.00963115419882359
  0.00976872376071948  0.00991946885960190  0.01012402409974325  0.01031464221686128
  0.01041717769789657  0.01055120357934019  0.01079291227491088  0.01121317812856672
  0.01173180522518417  0.01224961791811670  0.01274768165101568  0.01316095014874518
  0.01325886679499826  0.01339928084963227  0.16424771656874987  1.00000000000000000
 -0.00432548014852794  0.01480611988806625  0.03269498939150648  0.05130096914227274
  0.06906288952487874  0.08607766073024281  0.10247790691214810  0.11852612505819883
  0.13451812047873271  0.14996367667009314  0.16416291873931885  0.17841049015484095
  0.19282877682337632  0.20686472251567878  0.22042784743872790  0.23343151424185093
  0.24561323326359327  0.25724942608263135  0.26873012565888627  0.28037756374084005
  0.29207088455186425  0.30332771278171622  0.31414309857721284  0.32463699408138391
  0.33461856072207513  0.34422370727536750  0.35328774090153764  0.35874619537784724
  0.36213413470137396  0.36576254336305680  0.36945398956521569  0.37312271625586130
  0.37687921515211281  0.38061232860249605  0.38389968887524822  0.38960549419397100
  0.39756394758417768  0.40582272744677933  0.41403729430460989  0.42215389810319459
  0.42997533869773613  0.43735431404674335  0.44437575431488574  0.45113637175421967
  0.45777388055466245  0.46455050179673085  0.47159309317687809  0.47886957374742800
  0.48598694712730595  0.49321277947589504  0.50045639309896395  0.50750344081763865
  0.51441473699097762  0.52107941519052625  0.52764722961638666  0.53434663112810377
  0.54121292471316162  0.54828162036916772  0.55516034197865272  0.56216295468091593
  0.56951941921732674  0.57730615494820448  0.58550717563827326  0.59386525341554386
  0.60238511972360698  0.61097602239871773  0.61960101905114373  0.62825067688290526
  0.63694205237840196  0.64566874706629129  0.65432114396169716  0.66325667012165823
  0.67273370435153124  0.68224018102844630  0.69201735452247726  0.70160905365436865
  0.71172885218123716  0.72245711151833159  0.73387656358795794  0.74569276995083611
  0.75831460939418216  0.77180642810923450  0.78595718060964515  0.80043449911879794
  0.81500364461242136  0.82942291267173729  0.84421946621122179  0.85968348663550698
  0.87520715432478968  0.89099682744694864  0.90744960111101303  0.92492886618951509
  0.94332987070430041  0.96224077453598456  0.98143875162177685  1.00000000000000000
  0.41593038236118729  0.49097871935170156  0.50911507045666082  0.53414228233284966
  0.55435787275307513  0.57421025127009284  0.59408566273264418  0.61275511924868054
  0.62921630741236989  0.64412920651517269  0.65795552771215193  0.67028212384106733
  0.68205618762589837  0.69353093863698567  0.70466662647929923  0.71535322245742361
  0.72552250545512598  0.73539595052881002  0.74463557430615157  0.75354929340597310
  0.76255886995635058  0.77130256792190677  0.77982618832159256  0.78820502664040037
  0.79626187678968330  0.80422181813863314  0.81168913579418511  0.81887613885852562
  0.82584963406302758  0.83280588996447569  0.83977174968260648  0.84677251484805083
  0.85358559671136669  0.86003491409990085  0.86610941444432832  0.87201915526885088
  0.87781049542407319  0.88351946675920534  0.88911428077113275  0.89455119033992014
  0.89942218207378422  0.90399198230672095  0.90842381322184296  0.91272623585437218
  0.91681920110243331  0.92081055342871132  0.92475571683863722  0.92865828334853273
  0.93245093968345216  0.93603387475204725  0.93936702104486147  0.94248919435576972
  0.94547794464309309  0.94840729200337359  0.95123784307145542  0.95385168953040922
  0.95631484562896019  0.95870231110325888  0.96114476101418445  0.96360948268766222
  0.96589309207253804  0.96796191410515497  0.96989943209022000  0.97179303600596345
  0.97372724058911553  0.97557050800987677  0.97734773276279896  0.97897192347380013
  0.98049566469649208  0.98196378931867612  0.98331047409961325  0.98453629542524979
  0.98571344886790646  0.98685794021396656  0.98777306138534315  0.98843017494363272
  0.98879625684663608  0.98913267976751296  0.98947424305878262  0.98979078324483349
  0.99012552300921763  0.99048608758144463  0.99087791941329728  0.99122115659850074
  0.99149859096079451  0.99177453122297088  0.99205719329439024  0.99233021413242872
  0.99255672138320072  0.99271031087662642  0.99289165948309466  0.99307295824007236
  0.99329941168616243  0.99356889491318534  0.99483440525275435  1.00000000000000000
 -0.02157531896674335  0.12885542911103484  0.16082285899031937  0.17897446604764949
  0.19428455151071203  0.20934169719338297  0.22338918960887288  0.23638234951689285
  0.24858873873931808  0.25998005920106615  0.27061142365995411  0.27964578247248206
  0.28844517323025637  0.29729157785764626  0.30653347933075303  0.31560075120702458
  0.32438845567389601  0.33286517928675552  0.34095168372714257  0.34868376263192608
  0.35614335619978643  0.36346823878642442  0.37077738865431065  0.37805742792006752
  0.38527545847111266  0.39238350142865774  0.39934621277480986  0.40610721500899982
  0.41273775680108321  0.41908964453569708  0.42513126865911055  0.43107168423816905
  0.43700433533424038  0.44294915578481603  0.44870191031251966  0.45427531118576664
  0.45992653116106413  0.46569336629054392  0.47162052680559302  0.47757454565271468
  0.48344968860560666  0.48922440187569316  0.49487224461079060  0.50047059049036713
  0.50618171708444337  0.51206457464495658  0.51799461303483463  0.52378113418657057
  0.52938195755622264  0.53497403183527958  0.54066703058938881  0.54635659618202692
  0.55213243295092607  0.55784119972224988  0.56353578130160298  0.56932942436911638
  0.57513700705302961  0.58109909612867738  0.58716967577949886  0.59326341803447946
  0.59941008214553282  0.60558157567290183  0.61206333926821566  0.61897053818440695
  0.62582083682137613  0.63268783389739436  0.63918027607922279  0.64367260628620671
  0.64634146720274055  0.64898890468965287  0.65173480722670663  0.65456509402472685
  0.65741077322753194  0.66018469959771919  0.66289312853593896  0.66595614919723611
  0.67219787017076238  0.68017855579800268  0.68817354623880256  0.69646016605306871
  0.70492559153637013  0.71348495363862496  0.72274538487669215  0.73249994894628201
  0.74326965008707990  0.75406888505092395  0.76547909663760139  0.77733674555763543
  0.78882522575889924  0.80085793669842920  0.81428566628700094  0.82845968501068312
  0.84613270316374611  0.86830854145175562  0.90018107650865709  1.00000000000000000
   1.8322969357384836E-009  -1.0000000000000000     
 F F F F F F F F F F F F T T T T F F F F F F F F T T T T F F F F F F F F T T T T F F F F F F F F T T T T F F F F F F F F F F F F F F F F F F F F F F F F F F F F F F F F F F F F F F F F F F F F F F F F F F F F F F F F F F F F F F F F F F F F F F F F F F F F
  <DiscreteSampler_grid>
  grouped_processes
  1 # 1 for a reference and 2 for a running grid.
  10 # Attribute 'min_bin_probing_points' of the grid.
  1 # Attribute 'grid_mode' of the grid. 1=='default',2=='initialization'
  0.0000000000000000 # Attribute 'small_contrib_threshold' of the grid.
  0.5000000000000000 # Attribute 'damping_power' of the grid.
 # binID   n_entries weight   weight_sqr   abs_weight
    10   10   6.128752197184236E+000   1.291380715391177E+002   6.128752197184236E+000
    16   10   6.128752197184236E+000   1.291380715391177E+002   6.128752197184236E+000
  </DiscreteSampler_grid>
