  0.00000073988499086  0.00000083775191086  0.00000090991373924  0.00000097086376672
  0.00000101519443387  0.00000105096112134  0.00000107923441096  0.00000110620157863
  0.00000112951086553  0.00000115560984526  0.00000119134012156  0.00000123224444936
  0.00000126643869878  0.00000130091272289  0.00000133647588662  0.00000138518969076
  0.00000144795554216  0.00000151553593451  0.00000158504882933  0.00000165935936261
  0.00000175745916839  0.00000185009642862  0.00000196064104887  0.00000206919491847
  0.00000219244301888  0.00000234701953901  0.00000253176569207  0.00000271121779661
  0.00000286546327791  0.00000301069067305  0.00000315582566575  0.00000330745491128
  0.00000346295841184  0.00000361255604690  0.00000373936536200  0.00000385251445482
  0.00000399892668214  0.00000416931290801  0.00000432063239021  0.00000447533469617
  0.00000462872427837  0.00000477783797312  0.00000492505630691  0.00000510383034671
  0.00000530389423147  0.00000550054466615  0.00000569410796424  0.00000597013462342
  0.00000636782175935  0.00000683570639492  0.00000741182090771  0.00000807881191980
  0.00000869237974688  0.00000930358694836  0.00000993021613929  0.00001056212886827
  0.00001119019204437  0.00001162622457593  0.00001221393931367  0.00001286556124291
  0.00001350662916582  0.00001420614999757  0.00001511846991506  0.00001619291503796
  0.00001746007649630  0.00001898929149468  0.00002042717789106  0.00002180264395831
  0.00002323744312221  0.00002495796146537  0.00002682122640331  0.00002936001529248
  0.00003253600659412  0.00003634558527968  0.00004024312611189  0.00004460160069311
  0.00004952653046359  0.00005502703845589  0.00006170857665838  0.00006987205606182
  0.00008034777616409  0.00009207516897088  0.00010270597369079  0.00011381451776244
  0.00012659288166108  0.00014511058707706  0.00016913911697154  0.00021416644328252
  0.00028734922240491  0.00037112639835204  0.00047718708719092  0.00057311465216792
  0.00066750037481929  0.00149880516775037  0.00541853375892489  1.00000000000000000
  0.00000166729379568  0.00000218453359676  0.00000239641288293  0.00000259380749351
  0.00000281360543804  0.00000313265911592  0.00000370161578670  0.00000448562271032
  0.00000513709501829  0.00000559049350756  0.00000597051818434  0.00000635051916868
  0.00000677136009551  0.00000717794542047  0.00000766292314009  0.00000829101301980
  0.00000888656348590  0.00000963605011749  0.00001042726726516  0.00001126429505629
  0.00001210076522529  0.00001298981016567  0.00001410297008420  0.00001558109198568
  0.00001725130423474  0.00001909168129616  0.00002039549521891  0.00002166038372521
  0.00002308877841217  0.00002402576775274  0.00002479822171008  0.00002569814884424
  0.00002678805083677  0.00002820974740183  0.00002980378564264  0.00003184396985088
  0.00003409627240296  0.00003691967779245  0.00004107471751428  0.00004548007852949
  0.00005069156187366  0.00005665099390165  0.00006287313163409  0.00007044437867956
  0.00007857310379919  0.00008625321450295  0.00009447292764622  0.00010568691123910
  0.00011736149313684  0.00013040270846154  0.00014517946870457  0.00015609392431866
  0.00016960972482861  0.00018246252178494  0.00019489526463020  0.00021168725465461
  0.00023437139291409  0.00025745191421006  0.00028278950463584  0.00030904969634436
  0.00033444365262202  0.00036120706527535  0.00039048007874864  0.00042271826817318
  0.00045480923902903  0.00048790852415197  0.00052175335375558  0.00054988089537653
  0.00058113013181003  0.00061614642668694  0.00065881181741256  0.00069789143137891
  0.00072634590334845  0.00075143680813160  0.00077561469094761  0.00080379542326326
  0.00083699365551880  0.00087434631536514  0.00091172269701077  0.00094605636532298
  0.00098364008845511  0.00103136834052705  0.00108727066576281  0.00115663126584983
  0.00123560475576593  0.00129690970585744  0.00135547290229611  0.00141369097341482
  0.00148400555990044  0.00162011336783925  0.00190813576914947  0.00258269964075762
  0.00348802757726139  0.00498835988981752  0.00640435079372066  1.00000000000000000
  0.00000076183135829  0.00000084064721548  0.00000092838446192  0.00000100538862309
  0.00000107665107937  0.00000116545769113  0.00000129469318566  0.00000144065482258
  0.00000155019973651  0.00000160887759329  0.00000165824434086  0.00000170645507624
  0.00000175614359587  0.00000180237719583  0.00000184123133566  0.00000194723264323
  0.00000208579848918  0.00000222105420337  0.00000237946695889  0.00000254840444569
  0.00000274992761988  0.00000300342225672  0.00000323016488347  0.00000346735406701
  0.00000370904271646  0.00000393359809177  0.00000416052345343  0.00000440554954954
  0.00000465285732723  0.00000492544583172  0.00000517200812494  0.00000539520033934
  0.00000562934108230  0.00000587826776146  0.00000612440797614  0.00000639949376348
  0.00000674754262918  0.00000712494692406  0.00000747645040542  0.00000782597972250
  0.00000822585087758  0.00000869885180351  0.00000923513074528  0.00000978663422673
  0.00001032737137078  0.00001083723003972  0.00001137847103784  0.00001196286425812
  0.00001258897493107  0.00001340199596902  0.00001431047563187  0.00001527416879028
  0.00001629905961421  0.00001736382429315  0.00001858063125824  0.00001994602605587
  0.00002131187877704  0.00002225391538360  0.00002320213855747  0.00002417830825864
  0.00002509867335430  0.00002587518537501  0.00002700056665569  0.00002844210655214
  0.00003005387254194  0.00003219200060889  0.00003497107669132  0.00003764420609085
  0.00004029541940170  0.00004318570268005  0.00004657317128779  0.00005038999119162
  0.00005452380664448  0.00005897888485556  0.00006468004847452  0.00007100308269765
  0.00007685757365092  0.00008257078705127  0.00008942707087563  0.00009935931406969
  0.00011320013424696  0.00012711430419510  0.00014245642072545  0.00016379199785473
  0.00019055852319829  0.00022342157609185  0.00025948462426740  0.00030898573244733
  0.00038044935301146  0.00045509243060751  0.00053285856287721  0.00059886573469670
  0.00072483663374946  0.00116030829004704  0.00262449740592785  1.00000000000000000
 -0.00359179194898672  0.00541661827035720  0.01402498206409607  0.02243180667079085
  0.03080356057800674  0.03848116673488297  0.04645768484139641  0.05695573344217301
  0.06605806569968969  0.07451597471627124  0.08293766180779137  0.09296169464829057
  0.10589104136899873  0.12008041774752383  0.13358315641056881  0.14538128132107439
  0.15639156124648115  0.16813709094327314  0.18144966710459479  0.19755967802482580
  0.21638652787546700  0.23528482438390316  0.25199826616530202  0.26616484361665499
  0.27872117495102600  0.29102726848607813  0.30458783713806692  0.31977911757638999
  0.33576735130411500  0.35064283663892770  0.36302490144641653  0.37491191183582728
  0.38566402474754324  0.39604998621360959  0.40733484980122941  0.41481316233014548
  0.42264856282427671  0.42851539313787523  0.43477052938578375  0.44072800836897080
  0.44803301078233637  0.45795473406917164  0.46560947511842121  0.47327197387472231
  0.48059069171113200  0.48867907341722233  0.49782341500192934  0.50750558497893328
  0.51862410104142964  0.52892627546752791  0.54000773183131168  0.55159996083391105
  0.56354325662493965  0.57476161569337691  0.58671614042150100  0.59821973537043127
  0.61124807299339179  0.62344843142766349  0.63116314094935255  0.63908575077662955
  0.64701057525619365  0.65539997962405150  0.66431811110061745  0.67431514306503926
  0.68873777929861579  0.70189548634226961  0.71198721844939661  0.72028132571146053
  0.72949005366881370  0.74051550751794304  0.75116919724985221  0.76073440456766850
  0.76953492286108960  0.77948530699098939  0.78956405017983489  0.80091557769476829
  0.81202357841206929  0.82209461123854055  0.83119805265359448  0.83957445120596230
  0.84828282378306608  0.85769355240503287  0.86760255540262410  0.87762848658337789
  0.88758421472470272  0.89740355297678143  0.90962019671329108  0.92054271750702554
  0.92852833865106055  0.93572310671194558  0.94268941494780234  0.94933128160917790
  0.95898699223608763  0.97252796291066324  0.98677536271177624  1.00000000000000000
 -0.00003376594513683  0.00016064653412540  0.00026949819370275  0.00037126169670019
  0.00046246142697586  0.00055136461100235  0.00064051616670179  0.00074084073745059
  0.00084111093942536  0.00093555403153105  0.00102713619998498  0.00111005879694383
  0.00118294167842895  0.00123957385691142  0.00129548038283337  0.00135054335348896
  0.00141234570859633  0.00148307127679908  0.00154629933588707  0.00160050608234658
  0.00165154888302739  0.00171348971607200  0.00178144630165591  0.00185461595832434
  0.00191345396520886  0.00196584270365469  0.00201530448854123  0.00206581710016357
  0.00212114627409191  0.00218349056709582  0.00225242918127131  0.00232101631053104
  0.00238280240417131  0.00243236926275458  0.00246392168076849  0.00249665372450763
  0.00253084296235007  0.00256887524618225  0.00260623664554174  0.00264192392766401
  0.00267886988692541  0.00272497416060432  0.00277319812335271  0.00282955316435122
  0.00290559280963265  0.00295383214618617  0.00298363194445586  0.00301343174272555
  0.00304463858540638  0.00308110694785147  0.00311757531029656  0.00315404367274164
  0.00319413395298727  0.00323538984412995  0.00327664573527262  0.00333148455516597
  0.00343169922727769  0.00351105839426826  0.00361091394960685  0.00366863778956409
  0.00370304414723283  0.00372865595386100  0.00374935676496862  0.00376815844200781
  0.00378309919388995  0.00379529300526218  0.00380872759638731  0.00382162484479764
  0.00383298645148788  0.00385200812551780  0.00387254278132015  0.00389201704704318
  0.00392874084614185  0.00396754390897659  0.00399774336168927  0.00402532716776751
  0.00405065332519026  0.00407622578201047  0.00409793887120454  0.00411732142365267
  0.00418322750427310  0.00469900179391304  0.00516495935944558  0.00531733484592487
  0.00539582134636968  0.00545348089197770  0.00571581873256259  0.00601814278069634
  0.00627785158528379  0.00652899288422076  0.00664502612182727  0.00679272790497424
  0.00701481090474518  0.00705255772833016  0.01214924065825830  1.00000000000000000
 -0.00473707349979044  0.02477472048715006  0.04376440592590604  0.06088258423472331
  0.07616000522303853  0.09023881994761355  0.10485501323929151  0.11589525154731781
  0.12796111018204043  0.13866738255548725  0.14761540895333733  0.15764699460057599
  0.16940519334002474  0.18469023084144665  0.19894210365040740  0.21106386700808871
  0.22287269753624206  0.23488134271096758  0.24865185647142374  0.26218202474122393
  0.27399488025941993  0.28246813851205366  0.28978792020173749  0.29777318644590212
  0.30789010346398227  0.32210026355517829  0.33442546093820169  0.34497828891306009
  0.35409950206400537  0.36267523689618109  0.37103745637760371  0.38057981894907328
  0.39057306450675922  0.39998716648102695  0.40829721654152340  0.41560942345085516
  0.42347458078637246  0.43144944998913981  0.44074069733939836  0.44973845449198135
  0.45869854846146502  0.46775938707098774  0.47608126117296423  0.48541530919831849
  0.49539140253257335  0.50538545949900604  0.51518137310278633  0.52394587010351956
  0.53180122425441756  0.53970295389267708  0.54730763027438445  0.55383812472471117
  0.55871809399894534  0.56266876854825509  0.56774595406533568  0.57397198188053755
  0.57984186315250885  0.58525852733684747  0.59144399076184584  0.59902930590241232
  0.60716109923000139  0.61626064263008051  0.62537471396259448  0.63376617375641864
  0.64214932319346796  0.65091045848202822  0.66087877791746552  0.67098375663763998
  0.67940390766455860  0.68619065291385595  0.69507322503779900  0.70504583411651256
  0.71609751527734267  0.72835178415479207  0.74082940949935749  0.75337897218841932
  0.76544971162367903  0.77681605052474012  0.79003161206731598  0.80519782667821505
  0.81772144105030498  0.82593593460097536  0.83518736577063912  0.84445610849188524
  0.85413489705129741  0.86678028029739806  0.88140779298965921  0.89351536402188336
  0.90649744126638698  0.92047076330497501  0.93603433832097960  0.95340186363445534
  0.97028629067607908  0.98310602414764592  0.99198310419738811  1.00000000000000000
 -0.00000848215383197  0.00000436956016765  0.00001722127416727  0.00004025976116170
  0.00006426664246953  0.00009220959899318  0.00010927736894055  0.00011955239206722
  0.00013287610988265  0.00014914142727971  0.00016680852742069  0.00018418040540276
  0.00020041023006545  0.00021432615973767  0.00023110568991540  0.00025512536623564
  0.00028268336615065  0.00030965550512506  0.00033696943913459  0.00036521765251272
  0.00039573280778043  0.00043068911436866  0.00046825129297659  0.00050718213541768
  0.00054612809137323  0.00058243424132518  0.00061662155468482  0.00064374967209769
  0.00066930170044537  0.00069474177537836  0.00072074706132066  0.00074824966539674
  0.00077655468791737  0.00080437832332350  0.00083230155644120  0.00085946409831063
  0.00088243474404965  0.00090344138699987  0.00092263043768141  0.00094609090790426
  0.00096857669249509  0.00099260990789416  0.00101789502577193  0.00104339014570989
  0.00106975007985426  0.00110034390412244  0.00113761892299436  0.00117730393398483
  0.00120982504807877  0.00122925135544833  0.00124425110189916  0.00126102721461813
  0.00127624145590638  0.00129162777063815  0.00130646512050267  0.00132165157564035
  0.00133742354279486  0.00135839790397072  0.00138703659523796  0.00140882624670682
  0.00142515650737650  0.00144304848743509  0.00146377019062509  0.00148006251344773
  0.00149447392758207  0.00150761281645563  0.00152144086072328  0.00153979455333270
  0.00156281863955759  0.00158327896345736  0.00160800944466088  0.00163164565257080
  0.00165708265264556  0.00169639530238689  0.00173598094793801  0.00177448268002443
  0.00181317871841905  0.00186214155939505  0.00192963040667929  0.00202173445659803
  0.00211779602526493  0.00217312893776045  0.00223835152796437  0.00230599468384796
  0.00237145406170133  0.00242688817623481  0.00253888560334805  0.00264354625280315
  0.00272741495008934  0.00276918033186865  0.00278920085215231  0.00281577272318343
  0.00284969256632302  0.00291758354414271  0.00789610531775427  1.00000000000000000
 -0.00500487943046239  0.02284785179530256  0.03774923276104326  0.04506190302230315
  0.05215707961631385  0.05891059622443080  0.06530725147480436  0.07141033721799259
  0.08072551379478707  0.09009892969680186  0.10027608870406915  0.11248993679802424
  0.12544152978575498  0.13799346300722273  0.14968250552146606  0.16000665987102741
  0.16938947107866215  0.17829544140614034  0.18858050277076702  0.19912846058527178
  0.20874101722596644  0.21887287580719531  0.22958355177037240  0.24108475674215521
  0.25256183058683329  0.26347134222908292  0.27460960108151494  0.28730379729769029
  0.30096511535396153  0.31456449111268486  0.32778029910298045  0.33992867643145724
  0.35099410168902651  0.36280637187400927  0.37278539818356804  0.38250565766451644
  0.39138823833981368  0.40090633080862559  0.41184757087408358  0.41890416541176467
  0.42502281043654488  0.43086046865810734  0.43963639568910756  0.45617262436535000
  0.47399762396592421  0.48825320029571634  0.49808836765239489  0.50701401753174169
  0.51521462841223864  0.52151097157338777  0.52728615683477975  0.53550683004149713
  0.54489971292267436  0.55471522902952197  0.56521821092906877  0.57381278261997426
  0.58138794769377966  0.59118021366268669  0.60288762730070555  0.61683581234974649
  0.63057701725923709  0.64409798030410859  0.65777607719256603  0.67107078361121852
  0.68424062671227581  0.69626921670986419  0.70486735651904064  0.71182752056498888
  0.71903310553604338  0.72768378895101726  0.73700667885901650  0.74915619353117835
  0.75945331927977122  0.76845447695217095  0.77643590380106142  0.78520263189222994
  0.79584314475383577  0.80741201192557854  0.81922792696130864  0.82954325945848406
  0.83932236272649630  0.84815066503247727  0.85648404361708352  0.86567186260101470
  0.87489486281466744  0.88172222783463050  0.88803825891014132  0.89568563256237577
  0.90511230023008138  0.91455321449447424  0.92389734715456662  0.93354605830876514
  0.94795992289894104  0.96539523876987243  0.98146832463880562  1.00000000000000000
  0.47791407401179975  0.51255809566794786  0.52977095956901621  0.54321143471855571
  0.55503782589664841  0.56846245154664865  0.58356737926492519  0.59723920012502374
  0.61053523839966339  0.62086633200730512  0.63146107259520934  0.64310838477434518
  0.65468437029251014  0.66531784179737052  0.67578104915187431  0.68722918615659856
  0.69872797051703461  0.70876203546099936  0.71946326764344537  0.73231750887409708
  0.74602331580478209  0.75686043913083012  0.76543695043992177  0.77693106903361464
  0.78784775054904488  0.79813534550023235  0.80626585628563263  0.81180481990607289
  0.81831298631789529  0.82610740393877047  0.83508962087026328  0.84337630031538247
  0.85040700913471157  0.85619700739550653  0.86206462523750638  0.86862476471154593
  0.87267830055925355  0.87543902363836357  0.87791755450597364  0.88034230121985757
  0.88493595325370800  0.88946881194607508  0.89301287931029094  0.89661175336263910
  0.90085138947826526  0.90551777451920712  0.91010143517594577  0.91441711676223525
  0.91821663519791319  0.92119876963854885  0.92423637799299441  0.92724471771300088
  0.93024125482734954  0.93349447653653650  0.93676676059694142  0.93954352432220845
  0.94205165542673253  0.94431128977169321  0.94659667933054836  0.94878345849789358
  0.95162237880289946  0.95427758835480658  0.95666489290285861  0.95898385324284041
  0.96113523113666055  0.96283016895366058  0.96441125022146856  0.96592550903004004
  0.96739113242241292  0.96920441114805422  0.97115090281426852  0.97324674333574257
  0.97519184671222015  0.97671024592938815  0.97729417955468445  0.97787811317998075
  0.97846165195649359  0.97904462067099451  0.97962758938549555  0.98014203402287225
  0.98064119803193150  0.98135220706879422  0.98238353973781767  0.98316214317924133
  0.98382378989172659  0.98436238298939849  0.98483495133928634  0.98535852344174557
  0.98592252594903196  0.98656541987599267  0.98734663555755364  0.98823356221243597
  0.98947168001037655  0.99137344830335317  0.99404039154422219  1.00000000000000000
  0.02979302672575344  0.12786815304564608  0.15501402388830385  0.18063114853427562
  0.19673856661512221  0.20789120568923936  0.22077360017246064  0.23195797116210229
  0.24333016286838877  0.25347526801150916  0.26342861431394399  0.27416727448581463
  0.28299516066933894  0.28956798465113515  0.29574379157751240  0.30172679191845841
  0.30810616536977486  0.31421142715979417  0.32005540463561188  0.32600888730976552
  0.33269293887826801  0.33944820460569758  0.34597345986306932  0.35329776329425666
  0.35996079139827608  0.36360580368854345  0.36675285584673795  0.36977853463297339
  0.37278608253380557  0.37562061338675889  0.37840787614466792  0.38175121149124430
  0.38554372693407368  0.38974081014388873  0.39523338893878418  0.40185495152199685
  0.41053648464958870  0.41903383599685706  0.42729686620929624  0.43455396148638448
  0.44138767874035861  0.44815115405532574  0.45475743165209737  0.46032384316749458
  0.46627158343163133  0.47288693486251043  0.47938283188029601  0.48559647254834565
  0.49183648507789335  0.49813559971364446  0.50395482288025328  0.50816993357936380
  0.51271861522830431  0.51768775260911770  0.52237181850760506  0.52714221559933216
  0.53373981057163666  0.53931691700026563  0.54426685201899372  0.54965760069249803
  0.55555051470679107  0.56380083615982945  0.57226477585604407  0.57962493918356950
  0.58624437216038461  0.59283578005578730  0.60002418949914016  0.60804162687677521
  0.61588658403475205  0.62183821364449776  0.62624134295378409  0.63065041308166458
  0.63474476737380103  0.63902941442962080  0.64400281562590966  0.65268506869458343
  0.66174019655391192  0.66891830644863870  0.67687646640713062  0.68558555410294908
  0.69504131430091631  0.70344480710116486  0.71166386737065834  0.72007675306659458
  0.73010533354768470  0.74241183534244926  0.75364441970316165  0.76149953586128383
  0.76887553988697777  0.77681358924593258  0.78800080598044253  0.79833423130616676
  0.81034525788558276  0.82932709798637150  0.86893468277723873  1.00000000000000000
   3.7097669854836755E-012  -1.0000000000000000     
 F F F F F F F F F F F F T T T T F F F F F F F F T T T T F F F F F F F F T T T T F F F F F F F F T T T T F F F F F F F F F F F F F F F F F F F F F F F F F F F F F F F F F F F F F F F F F F F F F F F F F F F F F F F F F F F F F F F F F F F F F F F F F F F F
  <DiscreteSampler_grid>
  grouped_processes
  1 # 1 for a reference and 2 for a running grid.
  10 # Attribute 'min_bin_probing_points' of the grid.
  1 # Attribute 'grid_mode' of the grid. 1=='default',2=='initialization'
  0.0000000000000000 # Attribute 'small_contrib_threshold' of the grid.
  0.5000000000000000 # Attribute 'damping_power' of the grid.
 # binID   n_entries weight   weight_sqr   abs_weight
    10   10   1.341774759564287E-003   6.724817226822016E-006   1.341774759564287E-003
    16   10   1.341774759564287E-003   6.724817226822018E-006   1.341774759564287E-003
  </DiscreteSampler_grid>
