  0.00000053159786676  0.00000056917598283  0.00000060170980683  0.00000063071526972
  0.00000066032108173  0.00000069642236960  0.00000073552730602  0.00000077991326944
  0.00000083129336056  0.00000088974690889  0.00000095104740701  0.00000101263504164
  0.00000107675346636  0.00000113648660096  0.00000120389001654  0.00000127418462080
  0.00000135544663491  0.00000145308881282  0.00000156131276583  0.00000167504704628
  0.00000180604751383  0.00000194335584056  0.00000209728766994  0.00000226406088672
  0.00000244832166698  0.00000266210830116  0.00000289201925867  0.00000313785206730
  0.00000340869569704  0.00000370231738256  0.00000401922447038  0.00000437094972303
  0.00000474299999086  0.00000514832496643  0.00000559695938738  0.00000607417061082
  0.00000661691834336  0.00000718530213796  0.00000779050932349  0.00000845809258316
  0.00000918097376913  0.00000997243737756  0.00001082186858984  0.00001175458935416
  0.00001283746100249  0.00001405867342515  0.00001539042219552  0.00001676931750754
  0.00001826468114989  0.00001989307297352  0.00002170635273112  0.00002364757283391
  0.00002584097585003  0.00002827983378904  0.00003102107733487  0.00003415760289292
  0.00003769090275004  0.00004170677300670  0.00004617545998998  0.00005108954423738
  0.00005662073873109  0.00006285443330038  0.00006987525568390  0.00007789231502267
  0.00008689243397036  0.00009683049753551  0.00010791303616360  0.00012036375982489
  0.00013537868297808  0.00015202673488900  0.00017125325660277  0.00019240530974280
  0.00021875319618576  0.00024992515538597  0.00028549090335608  0.00032874373044159
  0.00037642150818067  0.00043020055013743  0.00049220310526044  0.00056351138189941
  0.00064607532641899  0.00074888353243362  0.00087411496644133  0.00101863086906367
  0.00118899753408386  0.00139902744246420  0.00164631947707356  0.00197513098910840
  0.00239072773988252  0.00287940137579091  0.00363990969344370  0.00459219280946799
  0.00607086296075569  0.00926612907039456  0.02886246279637953  1.00000000000000000
  0.00000061248326742  0.00000067464706345  0.00000071177543306  0.00000073122502108
  0.00000075725414974  0.00000078521853860  0.00000081497086943  0.00000085825156923
  0.00000092159988289  0.00000098740133995  0.00000105162101433  0.00000111205835115
  0.00000118069887965  0.00000125748509880  0.00000134716238592  0.00000145217918148
  0.00000156553429899  0.00000168558534362  0.00000181390176110  0.00000194973839907
  0.00000209324126048  0.00000225500989480  0.00000244309426924  0.00000265393373816
  0.00000288710586073  0.00000312604734209  0.00000338987579660  0.00000366500925790
  0.00000397304836295  0.00000429572461943  0.00000464837587759  0.00000503019741493
  0.00000545331031289  0.00000592605781850  0.00000641846846837  0.00000696213514078
  0.00000753778460183  0.00000816759434903  0.00000884185177868  0.00000955589141921
  0.00001033606588543  0.00001118879778026  0.00001212995558588  0.00001318336293232
  0.00001429437627117  0.00001556621775767  0.00001691905241201  0.00001836505511931
  0.00001987508287458  0.00002148627097497  0.00002328647711593  0.00002530845904988
  0.00002765283230933  0.00003027415961180  0.00003312754629489  0.00003641894641759
  0.00003992230403266  0.00004374686710897  0.00004791246122299  0.00005244427223701
  0.00005758376975669  0.00006304393341691  0.00006931386187770  0.00007608399154105
  0.00008357888599330  0.00009208252576003  0.00010162759768319  0.00011221959368479
  0.00012403469717941  0.00013781624449236  0.00015386167527248  0.00017268763561030
  0.00019425822845688  0.00021877223792055  0.00024564286682574  0.00027412171893421
  0.00030604730281404  0.00034240689557915  0.00038295563852529  0.00042820310015996
  0.00047922320010972  0.00053470077124690  0.00059285534262647  0.00066015445658835
  0.00075082558726809  0.00084073505369244  0.00094312490069011  0.00106191292696265
  0.00119626137293845  0.00134224614931634  0.00150129340973361  0.00169755267869579
  0.00209556007400407  0.00308472953012560  0.00539155295393389  1.00000000000000000
  0.00000249709340811  0.00000256305950750  0.00000268849615882  0.00000284316275593
  0.00000302511748929  0.00000322003204494  0.00000345924679993  0.00000372084718821
  0.00000403879088721  0.00000438615326368  0.00000478371898708  0.00000523465071280
  0.00000574938331369  0.00000633215849584  0.00000696001981873  0.00000773141066331
  0.00000855046171286  0.00000946183115587  0.00001047680870124  0.00001158141721772
  0.00001284841991683  0.00001429032463533  0.00001590497147870  0.00001774883598811
  0.00001981583637502  0.00002210381899888  0.00002464929042300  0.00002759724140691
  0.00003090549246938  0.00003469247978829  0.00003898875027058  0.00004379214203287
  0.00004893102273756  0.00005473600448910  0.00006103461912856  0.00006818620783249
  0.00007608265612775  0.00008454748406087  0.00009395293118801  0.00010432644378980
  0.00011542431341558  0.00012765247766512  0.00014058362083054  0.00015456845641390
  0.00016986359839342  0.00018692244064497  0.00020547328305380  0.00022550868249253
  0.00024752346450481  0.00027091539633410  0.00029565257358888  0.00032199366064427
  0.00035054009898549  0.00038129549297548  0.00041335339264976  0.00044622373327261
  0.00048155057881945  0.00051870471502910  0.00055893779098617  0.00060272533594310
  0.00064852478501459  0.00069693235828096  0.00074668558798949  0.00080016602539232
  0.00085685509404610  0.00092190410618216  0.00098577378996708  0.00106662311676131
  0.00114356809463727  0.00122442513361935  0.00130492866325470  0.00137915224200982
  0.00145028883277903  0.00151909988711697  0.00158385177770022  0.00164839006455027
  0.00171818491653003  0.00178798828618764  0.00186386273228216  0.00194276317282281
  0.00202416994028503  0.00210725139869741  0.00219794999418115  0.00227872482430972
  0.00237094639682472  0.00250997988748235  0.00270124934222078  0.00294076952389691
  0.00324080736725831  0.00346220483988177  0.00364276006773453  0.00380186372403249
  0.00402956265238162  0.00423781487080154  0.00442053348311774  1.00000000000000000
 -0.00398078815181159  0.01778085419369374  0.03678554631547774  0.05675600044016965
  0.07474717329484028  0.09132079628426676  0.10769254732437684  0.12429170447732245
  0.14142378860438565  0.15863895371339501  0.17519880774256946  0.19078620505560101
  0.20534022991356340  0.21955522393153593  0.23362647924283189  0.24792387571613014
  0.26228001205720086  0.27633276265904005  0.29019291661882718  0.30382536592317566
  0.31742972283939891  0.33087754761889793  0.34373077681961389  0.35630559864027112
  0.36888013528847619  0.38188115098072423  0.39452848356518200  0.40660365279702360
  0.41811918330791176  0.42968394855620590  0.44124752037507686  0.45280477767627081
  0.46435589295223362  0.47580289766290829  0.48729974753449407  0.49849075669087667
  0.51012500891761881  0.52140130713099242  0.53258750282430900  0.54340407964512372
  0.55419068336393851  0.56485361870590967  0.57555646124487736  0.58615060172919864
  0.59672710313506760  0.60771260677173655  0.61861181063496051  0.62905807983150808
  0.63901698719673850  0.64883435839728365  0.65852513743534269  0.66809192136244988
  0.67728780908703767  0.68633694906822884  0.69542115433886831  0.70437386325959472
  0.71368719130044944  0.72304723662915815  0.73216328255563434  0.74112775968392064
  0.74984550840164299  0.75829173094847790  0.76663436667118279  0.77501687569350841
  0.78354232630502596  0.79248859199931621  0.80168188459257816  0.81067437024930855
  0.81911351569532220  0.82720109978352363  0.83532753673974558  0.84360905725449498
  0.85180676765838836  0.85965012021986176  0.86729026363702288  0.87477480045105638
  0.88152101012277895  0.88810986022263361  0.89472448880004396  0.90100037355952745
  0.90709786141032545  0.91309290365805063  0.91929342141336934  0.92563847756127993
  0.93191984448532361  0.93797057200303313  0.94410006685057324  0.95023849151679507
  0.95636737797278015  0.96260964779810987  0.96894803151598852  0.97534578300207952
  0.98166624214943621  0.98771933029654413  0.99382572202351882  1.00000000000000000
 -0.00291095689906664  0.01105929880846969  0.02258265510149378  0.03389639001934876
  0.04471760352483078  0.05518392617443095  0.06546725437571391  0.07574447553824631
  0.08627809446632424  0.09665303407668628  0.10711791131006125  0.11782142746216429
  0.12884393670173136  0.14066981626280506  0.15212840064805380  0.16343772131944054
  0.17445470593509113  0.18535794101077302  0.19579226960800231  0.20609362506875131
  0.21656208433305577  0.22686898464495706  0.23676373882226362  0.24654923331287398
  0.25669257165478104  0.26708942721876217  0.27729465900358408  0.28700362490785197
  0.29660888654148709  0.30636322799487659  0.31622284214671315  0.32643605921127528
  0.33675141541371573  0.34687260084151655  0.35657192998099063  0.36610898634309941
  0.37584158753117586  0.38615678133556797  0.39679644487771815  0.40777089797943544
  0.41879779468966466  0.43003887529346624  0.44164647510458344  0.45373749027252386
  0.46609311674089898  0.47787284186567797  0.48887020956407540  0.49939111214794413
  0.51022240570351074  0.52129885864668357  0.53191290755090392  0.54230587868366686
  0.55241489156663004  0.56290393266477790  0.57344476197137872  0.58423143730639238
  0.59482441300162514  0.60544359225889988  0.61632940505977452  0.62747064590154733
  0.63840429931686005  0.64939228209066391  0.66006812750931132  0.67056958193102634
  0.68114401970158733  0.69198439966524850  0.70247985000161872  0.71262367280986372
  0.72275041388499617  0.73281317485409814  0.74311718140073468  0.75321260421887759
  0.76403092187891952  0.77450969921217161  0.78507379672215949  0.79540997696779903
  0.80571263978847185  0.81623833015609981  0.82667156904480343  0.83710507156206526
  0.84767867398257335  0.85827269164496889  0.86886545222961586  0.87910305871091821
  0.88923894008854965  0.89928850416102446  0.90941446916836810  0.91956777645927212
  0.92981673985855828  0.93974610398237957  0.94941805211053776  0.95896886919452551
  0.96920750794127408  0.97951919973331725  0.99002633270731666  1.00000000000000000
 -0.00239660953780891  0.00990824111042044  0.02013119894118799  0.03025558884517383
  0.04084423376016891  0.05061037691234833  0.06053715135007084  0.07056024108060052
  0.08056567370924553  0.09040758134030445  0.10039272490723652  0.11126121085219366
  0.12289155317976516  0.13434327989413278  0.14563976017433822  0.15709905950254047
  0.16847945843259740  0.17952263630933521  0.19022174582149359  0.20092652370196940
  0.21150363072576606  0.22209094560082338  0.23255218313776391  0.24291160730592037
  0.25347212083244131  0.26428384885021594  0.27548300698056472  0.28640766150507135
  0.29724017076459569  0.30795685065234024  0.31862010067907787  0.32915282620530162
  0.33955123457752689  0.34993192209029139  0.36035461613552178  0.37090487724270160
  0.38161542670563403  0.39248842916441046  0.40325062836805448  0.41430325941027751
  0.42533278124100410  0.43636326892381855  0.44739144736965208  0.45812440147910610
  0.46882077104173803  0.47946006276169473  0.48981062806092951  0.49984897523471139
  0.50935712226585594  0.51890594352028985  0.52872073824411403  0.53874685324490057
  0.54945712365767696  0.55978179727273580  0.57060281589343531  0.58153215748610432
  0.59234851989972670  0.60312527263271232  0.61356796687983650  0.62382310639863914
  0.63392264115358765  0.64430124049683835  0.65527659537933103  0.66650721405108349
  0.67750061582577259  0.68821906852939918  0.69886753165382487  0.70937236202242659
  0.72014675449999754  0.73088838152119529  0.74163614191382976  0.75208109732441641
  0.76259839807151319  0.77294968481053183  0.78317772708669031  0.79303826965961510
  0.80295528438650421  0.81308143366120211  0.82332674139041306  0.83363750755928323
  0.84406825598988910  0.85454609971480855  0.86489596433660931  0.87550514120062306
  0.88638535207114821  0.89723860028799929  0.90789793503681449  0.91842498301483633
  0.92880124964601352  0.93927013490938038  0.94963022978342670  0.95978934216383449
  0.96980238850192946  0.97971257797347289  0.98994518510597751  1.00000000000000000
 -0.00029909561781594  0.00054472709473771  0.00142762755317923  0.00207476391374929
  0.00267114508485399  0.00319602593825264  0.00369486541169325  0.00416668730694245
  0.00463609354224025  0.00510109712941677  0.00554630340574534  0.00597036408615902
  0.00638359367415493  0.00678765968650085  0.00718559277776892  0.00758510257194306
  0.00798134530734020  0.00836245940067001  0.00874697295843976  0.00913328336517768
  0.00952637235503387  0.00991521495291548  0.01030514763139773  0.01072145043247270
  0.01118983552926145  0.01161911896034655  0.01201114163474902  0.01237796219328514
  0.01273181927496262  0.01308160254631205  0.01343199363277644  0.01378587538626265
  0.01413086894859545  0.01450452069062707  0.01490126259918384  0.01534101349448061
  0.01583910597979646  0.01638598356570336  0.01685865982453107  0.01733133068332217
  0.01768915011554402  0.01798924605586192  0.01829074834294563  0.01858505072831263
  0.01893709023405736  0.01933581776495923  0.01967015101424712  0.01992946302650860
  0.02017926600698305  0.02044750956573405  0.02073053201872497  0.02105286920137220
  0.02145054501782794  0.02183465778329931  0.02229898435255391  0.02283586143234532
  0.02337055477330761  0.02384752364053876  0.02428784905365193  0.02471277038803873
  0.02507578206296338  0.02542798103130208  0.02582061074610591  0.02633307663286289
  0.02686667348265932  0.02758611331288116  0.02813074244488543  0.02873525727449415
  0.02923594582697655  0.02971514211248690  0.03019709124326003  0.03062619573455008
  0.03109687478551611  0.03165360918228614  0.03232274549004276  0.03307825924908981
  0.03436172095561821  0.03519396773506463  0.03580724853058360  0.03653048447673394
  0.03703936392255802  0.03761371692946537  0.03826704871094470  0.03895106216045584
  0.03979700980577342  0.04065678245437455  0.04144761445048154  0.04198368048470798
  0.04325190807574017  0.04443460412578136  0.04522896874820943  0.04581357665435565
  0.04631610280079732  0.04857739342354347  0.04991088356253798  1.00000000000000000
 -0.00241088306552602  0.00975689964215239  0.02011960870042056  0.03039926421940362
  0.04055782447622782  0.05077616002309381  0.06079314852388329  0.07055688113515401
  0.08020861960751989  0.09009091773822749  0.10039969943135033  0.11033851013933957
  0.12017130983661981  0.12978308961974669  0.13904242486644633  0.14857550769047734
  0.15799719809929474  0.16738655497294483  0.17693796836467318  0.18633992090612722
  0.19607336624024727  0.20581420813063259  0.21550007378551841  0.22553403410269154
  0.23570884850163204  0.24619185267502591  0.25692459462748518  0.26750827599370536
  0.27783040824593486  0.28786494211911035  0.29758182122808152  0.30715825409832265
  0.31688014837305201  0.32686186172979426  0.33691357175553444  0.34664062476513352
  0.35680221007331336  0.36782880471538065  0.37939097316632636  0.39124804443681022
  0.40397213373701663  0.41747050976510930  0.43117681507861427  0.44470292034524156
  0.45802566616257379  0.47100299984085064  0.48403410966090127  0.49683669765897115
  0.50908378725877679  0.52121818687339383  0.53350012814516234  0.54577562473122232
  0.55804895174243119  0.57008657947912922  0.58200428442964303  0.59338381887984148
  0.60408393923409254  0.61473333529583296  0.62584353404866055  0.63720121927570383
  0.64832938425379572  0.65945585053507216  0.67049095384523760  0.68136263678335718
  0.69195739003118895  0.70244612917143567  0.71273652205598204  0.72287317265936901
  0.73264667439644671  0.74202163955399092  0.75144919389974107  0.76096700304593434
  0.77052097586062473  0.78000971754996118  0.78982361668305656  0.80000758747957645
  0.81016145021356811  0.82000947469466723  0.82972237532170257  0.83973854149984550
  0.84994152660299649  0.85998306945150194  0.86961063256344084  0.87919669174965276
  0.88882105728406635  0.89853401449059245  0.90824218429141779  0.91796974450907820
  0.92774707637424225  0.93769401097213867  0.94801147716923306  0.95863942009863568
  0.96919188651044363  0.97942038616602123  0.98969302106981927  1.00000000000000000
  0.44706208799404923  0.46043662998707546  0.47299737027385197  0.48693326755253674
  0.50064051008300381  0.51424244883321801  0.52857966728237460  0.54259281518863778
  0.55521028421344776  0.56724715729150477  0.57899077351289951  0.59051168986925662
  0.60196648147440324  0.61331193726313904  0.62419124487616218  0.63497590859257325
  0.64588508471172812  0.65673662744828820  0.66706880998416873  0.67701489325435349
  0.68651271378419987  0.69555703487917586  0.70441271449126575  0.71314121306631084
  0.72197350368573754  0.73059392181638982  0.73898092858392517  0.74723850617943122
  0.75530581752539860  0.76321077874718291  0.77087544499509564  0.77829746252060084
  0.78553048981988638  0.79257564369489275  0.79946107847680947  0.80623847634008972
  0.81298635370924133  0.81916742516495888  0.82538317983192599  0.83149414826688428
  0.83727650527068709  0.84273783614868281  0.84804136743361580  0.85321870104356079
  0.85815744503431923  0.86307616830528555  0.86793682707604725  0.87279744381331037
  0.87744777158419840  0.88185655455710310  0.88621863549919255  0.89050724728513297
  0.89464458286913884  0.89853068592167606  0.90222162286452712  0.90582671883063937
  0.90938935381793584  0.91287184089346562  0.91639458474896751  0.91980104886075742
  0.92312798993262102  0.92639243650736236  0.92956826375261103  0.93260921361800586
  0.93567247132013720  0.93862582344099488  0.94144179893829993  0.94432686408321487
  0.94728706329419754  0.95018408618220163  0.95298147250640974  0.95569076457807012
  0.95829819682555584  0.96076900836562951  0.96312344866792809  0.96541415327906777
  0.96760612803812707  0.96977206231292679  0.97188407055150028  0.97394900748235913
  0.97597573131618676  0.97794315709179735  0.97979526858883526  0.98155968885606493
  0.98325504021367516  0.98489451695287711  0.98648367956170824  0.98800036418114667
  0.98947451996777269  0.99092169118371909  0.99235976111611868  0.99382019426813639
  0.99530445948029977  0.99682710140540021  0.99839432866555111  1.00000000000000000
 -0.01251463650601989  0.07860258114315169  0.10800272223423457  0.12636624494249618
  0.14174763424782563  0.15522652026201403  0.16719003073311728  0.17834785148484306
  0.18899351878100193  0.19913298982313138  0.20850905003807316  0.21747411127463828
  0.22617746054804944  0.23487313485114072  0.24328295676540954  0.25152673480570553
  0.25941909522695367  0.26716939082428415  0.27441947351415991  0.28155996163833447
  0.28865087597553424  0.29565993796217910  0.30253765347399436  0.30941363116060588
  0.31631402533314890  0.32304186118063533  0.32950372687434265  0.33579716293147654
  0.34221999822926519  0.34875639636643740  0.35559017250407859  0.36267356456538197
  0.36975539694588344  0.37676653848216601  0.38371433930876470  0.39057635842014971
  0.39738910350186418  0.40409936280687780  0.41075229553421116  0.41744759373968304
  0.42423339485335493  0.43119448410737021  0.43823471663972347  0.44522639252263352
  0.45233920760212393  0.45938021057876671  0.46612071375238101  0.47273837637986710
  0.47927933194930705  0.48594514718812615  0.49277659625010872  0.49970726391162240
  0.50661893744076680  0.51347835869338387  0.52035878397452640  0.52730629554989206
  0.53433594548787067  0.54154440289119399  0.54900226689294118  0.55681544585224441
  0.56443824851356006  0.57209942889020104  0.57960721011821625  0.58735730788188567
  0.59526526937652469  0.60313470799532920  0.61104647804494405  0.61915074274179682
  0.62735848016560469  0.63557948283618493  0.64374542864224293  0.65181781784654091
  0.66015742461621829  0.66872746350434986  0.67716672324830074  0.68525065589686052
  0.69330065185268686  0.70141828430175357  0.70966224842452341  0.71834798766187224
  0.72736079567141187  0.73689028284051517  0.74651646864826415  0.75688937035473214
  0.76730206498554476  0.77629410777264563  0.78477979214654792  0.79421544505048902
  0.80514413476514524  0.81603078162200515  0.82840074666086638  0.84765678410933920
  0.87619469441826059  0.90559824303894165  0.94134300860845987  1.00000000000000000
   1.7054042674357947E-008  -1.0000000000000000     
 F F F F F F F F F F F F T T T T F F F F F F F F T T T T F F F F F F F F T T T T F F F F F F F F T T T T F F F F F F F F F F F F F F F F F F F F F F F F F F F F F F F F F F F F F F F F F F F F F F F F F F F F F F F F F F F F F F F F F F F F F F F F F F F F
  <DiscreteSampler_grid>
  grouped_processes
  1 # 1 for a reference and 2 for a running grid.
  10 # Attribute 'min_bin_probing_points' of the grid.
  1 # Attribute 'grid_mode' of the grid. 1=='default',2=='initialization'
  0.0000000000000000 # Attribute 'small_contrib_threshold' of the grid.
  0.5000000000000000 # Attribute 'damping_power' of the grid.
 # binID   n_entries weight   weight_sqr   abs_weight
    10   10   2.403543755000650E+002   4.419525412912571E+005   2.403543755000650E+002
    16   10   2.403543755000651E+002   4.419525412912573E+005   2.403543755000651E+002
  </DiscreteSampler_grid>
