##& xmin & xmax & central value & dy & 

<histogram> 100 "log10d01 [] |X_AXIS@LIN |Y_AXIS@LOG |JETSAMPLE@0"
  +0.0000000e+00   +3.0000000e-02   +0.0000000e+00   +0.0000000e+00
  +3.0000000e-02   +6.0000000e-02   +0.0000000e+00   +0.0000000e+00
  +6.0000000e-02   +9.0000000e-02   +0.0000000e+00   +0.0000000e+00
  +9.0000000e-02   +1.2000000e-01   +0.0000000e+00   +0.0000000e+00
  +1.2000000e-01   +1.5000000e-01   +0.0000000e+00   +0.0000000e+00
  +1.5000000e-01   +1.8000000e-01   +0.0000000e+00   +0.0000000e+00
  +1.8000000e-01   +2.1000000e-01   +0.0000000e+00   +0.0000000e+00
  +2.1000000e-01   +2.4000000e-01   +0.0000000e+00   +0.0000000e+00
  +2.4000000e-01   +2.7000000e-01   +0.0000000e+00   +0.0000000e+00
  +2.7000000e-01   +3.0000000e-01   +0.0000000e+00   +0.0000000e+00
  +3.0000000e-01   +3.3000000e-01   +0.0000000e+00   +0.0000000e+00
  +3.3000000e-01   +3.6000000e-01   +0.0000000e+00   +0.0000000e+00
  +3.6000000e-01   +3.9000000e-01   +0.0000000e+00   +0.0000000e+00
  +3.9000000e-01   +4.2000000e-01   +9.5408000e-15   +9.5408000e-15
  +4.2000000e-01   +4.5000000e-01   +0.0000000e+00   +0.0000000e+00
  +4.5000000e-01   +4.8000000e-01   +0.0000000e+00   +0.0000000e+00
  +4.8000000e-01   +5.1000000e-01   +0.0000000e+00   +0.0000000e+00
  +5.1000000e-01   +5.4000000e-01   +0.0000000e+00   +0.0000000e+00
  +5.4000000e-01   +5.7000000e-01   +0.0000000e+00   +0.0000000e+00
  +5.7000000e-01   +6.0000000e-01   +0.0000000e+00   +0.0000000e+00
  +6.0000000e-01   +6.3000000e-01   +0.0000000e+00   +0.0000000e+00
  +6.3000000e-01   +6.6000000e-01   +0.0000000e+00   +0.0000000e+00
  +6.6000000e-01   +6.9000000e-01   +9.5408000e-15   +9.5408000e-15
  +6.9000000e-01   +7.2000000e-01   +0.0000000e+00   +0.0000000e+00
  +7.2000000e-01   +7.5000000e-01   +9.5408000e-15   +9.5408000e-15
  +7.5000000e-01   +7.8000000e-01   +1.9081600e-14   +1.3492729e-14
  +7.8000000e-01   +8.1000000e-01   +9.5408000e-15   +9.5408000e-15
  +8.1000000e-01   +8.4000000e-01   +1.9081600e-14   +1.3492729e-14
  +8.4000000e-01   +8.7000000e-01   +1.9081600e-14   +1.3492729e-14
  +8.7000000e-01   +9.0000000e-01   +9.5408000e-15   +9.5408000e-15
  +9.0000000e-01   +9.3000000e-01   +3.8163600e-14   +1.9081792e-14
  +9.3000000e-01   +9.6000000e-01   +4.7704400e-14   +2.1334049e-14
  +9.6000000e-01   +9.9000000e-01   +8.5868000e-14   +2.8622697e-14
  +9.9000000e-01   +1.0200000e+00   +7.6326800e-14   +2.6985637e-14
  +1.0200000e+00   +1.0500000e+00   +1.4311180e-13   +3.6951305e-14
  +1.0500000e+00   +1.0800000e+00   +1.9081600e-13   +4.2667392e-14
  +1.0800000e+00   +1.1100000e+00   +2.8622300e-13   +5.2257518e-14
  +1.1100000e+00   +1.1400000e+00   +3.8163200e-13   +6.0341456e-14
  +1.1400000e+00   +1.1700000e+00   +4.2933200e-13   +6.4001672e-14
  +1.1700000e+00   +1.2000000e+00   +4.5795800e-13   +6.6100498e-14
  +1.2000000e+00   +1.2300000e+00   +6.5831000e-13   +7.9251366e-14
  +1.2300000e+00   +1.2600000e+00   +1.0399500e-12   +9.9608454e-14
  +1.2600000e+00   +1.2900000e+00   +9.1592000e-13   +9.3479823e-14
  +1.2900000e+00   +1.3200000e+00   +1.5933100e-12   +1.2329370e-13
  +1.3200000e+00   +1.3500000e+00   +1.6696400e-12   +1.2621273e-13
  +1.3500000e+00   +1.3800000e+00   +1.7745900e-12   +1.3011877e-13
  +1.3800000e+00   +1.4100000e+00   +2.4328900e-12   +1.5235433e-13
  +1.4100000e+00   +1.4400000e+00   +2.1848400e-12   +1.4437770e-13
  +1.4400000e+00   +1.4700000e+00   +2.3184100e-12   +1.4872607e-13
  +1.4700000e+00   +1.5000000e+00   +2.7286600e-12   +1.6134936e-13
  +1.5000000e+00   +1.5300000e+00   +2.8908600e-12   +1.6607507e-13
  +1.5300000e+00   +1.5600000e+00   +3.0148900e-12   +1.6960083e-13
  +1.5600000e+00   +1.5900000e+00   +3.3583400e-12   +1.7900069e-13
  +1.5900000e+00   +1.6200000e+00   +3.0053400e-12   +1.6933193e-13
  +1.6200000e+00   +1.6500000e+00   +3.3488200e-12   +1.7874662e-13
  +1.6500000e+00   +1.6800000e+00   +3.5110000e-12   +1.8302443e-13
  +1.6800000e+00   +1.7100000e+00   +3.5396300e-12   +1.8376812e-13
  +1.7100000e+00   +1.7400000e+00   +3.5969000e-12   +1.8524912e-13
  +1.7400000e+00   +1.7700000e+00   +3.8258500e-12   +1.9105416e-13
  +1.7700000e+00   +1.8000000e+00   +3.8067900e-12   +1.9057693e-13
  +1.8000000e+00   +1.8300000e+00   +3.4537700e-12   +1.8152595e-13
  +1.8300000e+00   +1.8600000e+00   +3.4537600e-12   +1.8152519e-13
  +1.8600000e+00   +1.8900000e+00   +3.1103000e-12   +1.7226319e-13
  +1.8900000e+00   +1.9200000e+00   +3.0435100e-12   +1.7040299e-13
  +1.9200000e+00   +1.9500000e+00   +2.8717800e-12   +1.6552641e-13
  +1.9500000e+00   +1.9800000e+00   +2.5283100e-12   +1.5531314e-13
  +1.9800000e+00   +2.0100000e+00   +2.5378400e-12   +1.5560517e-13
  +2.0100000e+00   +2.0400000e+00   +2.5473900e-12   +1.5589770e-13
  +2.0400000e+00   +2.0700000e+00   +2.0321900e-12   +1.3924316e-13
  +2.0700000e+00   +2.1000000e+00   +1.8700000e-12   +1.3357050e-13
  +2.1000000e+00   +2.1300000e+00   +1.8700000e-12   +1.3357180e-13
  +2.1300000e+00   +2.1600000e+00   +1.6696400e-12   +1.2621238e-13
  +2.1600000e+00   +2.1900000e+00   +1.5456000e-12   +1.2143408e-13
  +2.1900000e+00   +2.2200000e+00   +1.3452400e-12   +1.1329052e-13
  +2.2200000e+00   +2.2500000e+00   +1.3643300e-12   +1.1409100e-13
  +2.2500000e+00   +2.2800000e+00   +1.0304100e-12   +9.9150899e-14
  +2.2800000e+00   +2.3100000e+00   +1.1830500e-12   +1.0624124e-13
  +2.3100000e+00   +2.3400000e+00   +8.0143000e-13   +8.7442519e-14
  +2.3400000e+00   +2.3700000e+00   +6.9647000e-13   +8.1516073e-14
  +2.3700000e+00   +2.4000000e+00   +5.2474500e-13   +7.0756016e-14
  +2.4000000e+00   +2.4300000e+00   +4.2933400e-13   +6.4001458e-14
  +2.4300000e+00   +2.4600000e+00   +3.4346600e-13   +5.7244125e-14
  +2.4600000e+00   +2.4900000e+00   +4.1979100e-13   +6.3286534e-14
  +2.4900000e+00   +2.5200000e+00   +2.8622300e-13   +5.2257439e-14
  +2.5200000e+00   +2.5500000e+00   +2.4806000e-13   +4.8648819e-14
  +2.5500000e+00   +2.5800000e+00   +1.5265200e-13   +3.8163603e-14
  +2.5800000e+00   +2.6100000e+00   +1.1448900e-13   +3.3050492e-14
  +2.6100000e+00   +2.6400000e+00   +1.3357200e-13   +3.5698756e-14
  +2.6400000e+00   +2.6700000e+00   +9.5407800e-14   +3.0170951e-14
  +2.6700000e+00   +2.7000000e+00   +1.1448880e-13   +3.3050230e-14
  +2.7000000e+00   +2.7300000e+00   +1.9081600e-14   +1.3492729e-14
  +2.7300000e+00   +2.7600000e+00   +2.8622400e-14   +1.6525150e-14
  +2.7600000e+00   +2.7900000e+00   +2.8622400e-14   +1.6525150e-14
  +2.7900000e+00   +2.8200000e+00   +1.9082000e-14   +1.3493000e-14
  +2.8200000e+00   +2.8500000e+00   +9.5408000e-15   +9.5408000e-15
  +2.8500000e+00   +2.8800000e+00   +0.0000000e+00   +0.0000000e+00
  +2.8800000e+00   +2.9100000e+00   +2.8622400e-14   +1.6525150e-14
  +2.9100000e+00   +2.9400000e+00   +0.0000000e+00   +0.0000000e+00
  +2.9400000e+00   +2.9700000e+00   +0.0000000e+00   +0.0000000e+00
  +2.9700000e+00   +3.0000000e+00   +0.0000000e+00   +0.0000000e+00
<\histogram>
##& xmin & xmax & central value & dy & 

<histogram> 100 "log10d12 [] |X_AXIS@LIN |Y_AXIS@LOG |JETSAMPLE@0"
  +0.0000000e+00   +3.0000000e-02   +0.0000000e+00   +0.0000000e+00
  +3.0000000e-02   +6.0000000e-02   +0.0000000e+00   +0.0000000e+00
  +6.0000000e-02   +9.0000000e-02   +0.0000000e+00   +0.0000000e+00
  +9.0000000e-02   +1.2000000e-01   +0.0000000e+00   +0.0000000e+00
  +1.2000000e-01   +1.5000000e-01   +0.0000000e+00   +0.0000000e+00
  +1.5000000e-01   +1.8000000e-01   +0.0000000e+00   +0.0000000e+00
  +1.8000000e-01   +2.1000000e-01   +0.0000000e+00   +0.0000000e+00
  +2.1000000e-01   +2.4000000e-01   +9.5408000e-15   +9.5408000e-15
  +2.4000000e-01   +2.7000000e-01   +2.8622800e-14   +1.6525372e-14
  +2.7000000e-01   +3.0000000e-01   +3.8163600e-14   +1.9081792e-14
  +3.0000000e-01   +3.3000000e-01   +2.8622800e-14   +1.6525372e-14
  +3.3000000e-01   +3.6000000e-01   +9.5408000e-15   +9.5408000e-15
  +3.6000000e-01   +3.9000000e-01   +2.8622400e-14   +1.6525150e-14
  +3.9000000e-01   +4.2000000e-01   +2.8622800e-14   +1.6525372e-14
  +4.2000000e-01   +4.5000000e-01   +7.6325800e-14   +2.6985648e-14
  +4.5000000e-01   +4.8000000e-01   +7.6328000e-14   +2.6986000e-14
  +4.8000000e-01   +5.1000000e-01   +1.9081600e-14   +1.3492729e-14
  +5.1000000e-01   +5.4000000e-01   +5.7244800e-14   +2.3370142e-14
  +5.4000000e-01   +5.7000000e-01   +2.8622000e-14   +1.6525000e-14
  +5.7000000e-01   +6.0000000e-01   +1.3357180e-13   +3.5698521e-14
  +6.0000000e-01   +6.3000000e-01   +1.3357100e-13   +3.5698725e-14
  +6.3000000e-01   +6.6000000e-01   +2.1943800e-13   +4.5756372e-14
  +6.6000000e-01   +6.9000000e-01   +1.7173400e-13   +4.0477975e-14
  +6.9000000e-01   +7.2000000e-01   +1.3357000e-13   +3.5698269e-14
  +7.2000000e-01   +7.5000000e-01   +2.3851900e-13   +4.7704277e-14
  +7.5000000e-01   +7.8000000e-01   +2.1943800e-13   +4.5756355e-14
  +7.8000000e-01   +8.1000000e-01   +3.2438600e-13   +5.5631586e-14
  +8.1000000e-01   +8.4000000e-01   +4.1025500e-13   +6.2563219e-14
  +8.4000000e-01   +8.7000000e-01   +4.1979600e-13   +6.3286114e-14
  +8.7000000e-01   +9.0000000e-01   +5.7244800e-13   +7.3902701e-14
  +9.0000000e-01   +9.3000000e-01   +8.0143000e-13   +8.7442497e-14
  +9.3000000e-01   +9.6000000e-01   +6.2015000e-13   +7.6919931e-14
  +9.6000000e-01   +9.9000000e-01   +9.3500000e-13   +9.4448662e-14
  +9.9000000e-01   +1.0200000e+00   +1.1448900e-12   +1.0451436e-13
  +1.0200000e+00   +1.0500000e+00   +1.2116800e-12   +1.0751916e-13
  +1.0500000e+00   +1.0800000e+00   +1.5933000e-12   +1.2329370e-13
  +1.0800000e+00   +1.1100000e+00   +1.4215800e-12   +1.1646007e-13
  +1.1100000e+00   +1.1400000e+00   +2.2039300e-12   +1.4500684e-13
  +1.1400000e+00   +1.1700000e+00   +2.1275900e-12   +1.4247374e-13
  +1.1700000e+00   +1.2000000e+00   +2.4901400e-12   +1.5413612e-13
  +1.2000000e+00   +1.2300000e+00   +2.8622400e-12   +1.6525087e-13
  +1.2300000e+00   +1.2600000e+00   +2.8431600e-12   +1.6469927e-13
  +1.2600000e+00   +1.2900000e+00   +3.1866200e-12   +1.7436467e-13
  +1.2900000e+00   +1.3200000e+00   +3.3774400e-12   +1.7950900e-13
  +1.3200000e+00   +1.3500000e+00   +3.3679100e-12   +1.7925518e-13
  +1.3500000e+00   +1.3800000e+00   +3.9593600e-12   +1.9436090e-13
  +1.3800000e+00   +1.4100000e+00   +3.4346800e-12   +1.8102399e-13
  +1.4100000e+00   +1.4400000e+00   +3.4156100e-12   +1.8052069e-13
  +1.4400000e+00   +1.4700000e+00   +3.2534000e-12   +1.7618174e-13
  +1.4700000e+00   +1.5000000e+00   +3.2915700e-12   +1.7721171e-13
  +1.5000000e+00   +1.5300000e+00   +3.2915700e-12   +1.7721265e-13
  +1.5300000e+00   +1.5600000e+00   +3.0816700e-12   +1.7146910e-13
  +1.5600000e+00   +1.5900000e+00   +3.3297300e-12   +1.7823584e-13
  +1.5900000e+00   +1.6200000e+00   +3.1102900e-12   +1.7226358e-13
  +1.6200000e+00   +1.6500000e+00   +2.9099400e-12   +1.6662274e-13
  +1.6500000e+00   +1.6800000e+00   +2.7763700e-12   +1.6275345e-13
  +1.6800000e+00   +1.7100000e+00   +2.2993200e-12   +1.4811284e-13
  +1.7100000e+00   +1.7400000e+00   +2.3565800e-12   +1.4994579e-13
  +1.7400000e+00   +1.7700000e+00   +2.1848400e-12   +1.4437871e-13
  +1.7700000e+00   +1.8000000e+00   +1.9463200e-12   +1.3626931e-13
  +1.8000000e+00   +1.8300000e+00   +1.9558600e-12   +1.3660351e-13
  +1.8300000e+00   +1.8600000e+00   +1.4979000e-12   +1.1954541e-13
  +1.8600000e+00   +1.8900000e+00   +1.3547900e-12   +1.1369182e-13
  +1.8900000e+00   +1.9200000e+00   +1.3834100e-12   +1.1488625e-13
  +1.9200000e+00   +1.9500000e+00   +1.4692900e-12   +1.1839761e-13
  +1.9500000e+00   +1.9800000e+00   +1.2021300e-12   +1.0709533e-13
  +1.9800000e+00   +2.0100000e+00   +1.0017900e-12   +9.7763876e-14
  +2.0100000e+00   +2.0400000e+00   +9.8270000e-13   +9.6828376e-14
  +2.0400000e+00   +2.0700000e+00   +9.5408000e-13   +9.5407905e-14
  +2.0700000e+00   +2.1000000e+00   +7.8235000e-13   +8.6395394e-14
  +2.1000000e+00   +2.1300000e+00   +6.7739000e-13   +8.0391513e-14
  +2.1300000e+00   +2.1600000e+00   +4.8657800e-13   +6.8134539e-14
  +2.1600000e+00   +2.1900000e+00   +6.5830000e-13   +7.9251509e-14
  +2.1900000e+00   +2.2200000e+00   +4.0071400e-13   +6.1831375e-14
  +2.2200000e+00   +2.2500000e+00   +5.3428800e-13   +7.1396759e-14
  +2.2500000e+00   +2.2800000e+00   +3.4346600e-13   +5.7244376e-14
  +2.2800000e+00   +2.3100000e+00   +3.4346800e-13   +5.7244364e-14
  +2.3100000e+00   +2.3400000e+00   +2.0989700e-13   +4.4750822e-14
  +2.3400000e+00   +2.3700000e+00   +1.4311180e-13   +3.6951715e-14
  +2.3700000e+00   +2.4000000e+00   +1.4311200e-13   +3.6951942e-14
  +2.4000000e+00   +2.4300000e+00   +1.6219300e-13   +3.9337997e-14
  +2.4300000e+00   +2.4600000e+00   +6.6785000e-14   +2.5242788e-14
  +2.4600000e+00   +2.4900000e+00   +8.5868000e-14   +2.8622697e-14
  +2.4900000e+00   +2.5200000e+00   +9.5408000e-14   +3.0170737e-14
  +2.5200000e+00   +2.5500000e+00   +4.7704800e-14   +2.1334220e-14
  +2.5500000e+00   +2.5800000e+00   +1.9081600e-14   +1.3492729e-14
  +2.5800000e+00   +2.6100000e+00   +1.9081600e-14   +1.3492729e-14
  +2.6100000e+00   +2.6400000e+00   +4.7703600e-14   +2.1333761e-14
  +2.6400000e+00   +2.6700000e+00   +4.7704800e-14   +2.1334220e-14
  +2.6700000e+00   +2.7000000e+00   +1.9081600e-14   +1.3492729e-14
  +2.7000000e+00   +2.7300000e+00   +9.5408000e-15   +9.5408000e-15
  +2.7300000e+00   +2.7600000e+00   +0.0000000e+00   +0.0000000e+00
  +2.7600000e+00   +2.7900000e+00   +1.9081600e-14   +1.3492729e-14
  +2.7900000e+00   +2.8200000e+00   +0.0000000e+00   +0.0000000e+00
  +2.8200000e+00   +2.8500000e+00   +9.5408000e-15   +9.5408000e-15
  +2.8500000e+00   +2.8800000e+00   +0.0000000e+00   +0.0000000e+00
  +2.8800000e+00   +2.9100000e+00   +0.0000000e+00   +0.0000000e+00
  +2.9100000e+00   +2.9400000e+00   +0.0000000e+00   +0.0000000e+00
  +2.9400000e+00   +2.9700000e+00   +0.0000000e+00   +0.0000000e+00
  +2.9700000e+00   +3.0000000e+00   +0.0000000e+00   +0.0000000e+00
<\histogram>


##& xmin & xmax & central value & dy & 

<histogram> 100 "log10d23 [] |X_AXIS@LIN |Y_AXIS@LOG |JETSAMPLE@0"
  +0.0000000e+00   +3.0000000e-02   +9.5408000e-15   +9.5408000e-15
  +3.0000000e-02   +6.0000000e-02   +0.0000000e+00   +0.0000000e+00
  +6.0000000e-02   +9.0000000e-02   +1.9082000e-14   +1.3493000e-14
  +9.0000000e-02   +1.2000000e-01   +1.9081600e-14   +1.3492729e-14
  +1.2000000e-01   +1.5000000e-01   +1.9081600e-14   +1.3492729e-14
  +1.5000000e-01   +1.8000000e-01   +5.7245000e-14   +2.3370000e-14
  +1.8000000e-01   +2.1000000e-01   +4.7704400e-14   +2.1334049e-14
  +2.1000000e-01   +2.4000000e-01   +1.2402980e-13   +3.4400069e-14
  +2.4000000e-01   +2.7000000e-01   +1.8127400e-13   +4.1587916e-14
  +2.7000000e-01   +3.0000000e-01   +1.7173400e-13   +4.0478325e-14
  +3.0000000e-01   +3.3000000e-01   +2.0989700e-13   +4.4750336e-14
  +3.3000000e-01   +3.6000000e-01   +2.7668200e-13   +5.1378573e-14
  +3.6000000e-01   +3.9000000e-01   +3.2438700e-13   +5.5631285e-14
  +3.9000000e-01   +4.2000000e-01   +3.1484700e-13   +5.4807190e-14
  +4.2000000e-01   +4.5000000e-01   +4.4841500e-13   +6.5408317e-14
  +4.5000000e-01   +4.8000000e-01   +7.1556000e-13   +8.2625434e-14
  +4.8000000e-01   +5.1000000e-01   +8.8729000e-13   +9.2007929e-14
  +5.1000000e-01   +5.4000000e-01   +1.2880100e-12   +1.1085390e-13
  +5.4000000e-01   +5.7000000e-01   +1.1639800e-12   +1.0538150e-13
  +5.7000000e-01   +6.0000000e-01   +1.7078000e-12   +1.2764723e-13
  +6.0000000e-01   +6.3000000e-01   +1.7936700e-12   +1.3081616e-13
  +6.3000000e-01   +6.6000000e-01   +1.7173400e-12   +1.2800304e-13
  +6.6000000e-01   +6.9000000e-01   +2.1753000e-12   +1.4406207e-13
  +6.9000000e-01   +7.2000000e-01   +2.2802400e-12   +1.4749697e-13
  +7.2000000e-01   +7.5000000e-01   +2.4233600e-12   +1.5205473e-13
  +7.5000000e-01   +7.8000000e-01   +2.2516200e-12   +1.4656841e-13
  +7.8000000e-01   +8.1000000e-01   +2.3184100e-12   +1.4872623e-13
  +8.1000000e-01   +8.4000000e-01   +2.6427900e-12   +1.5879000e-13
  +8.4000000e-01   +8.7000000e-01   +2.9004000e-12   +1.6634899e-13
  +8.7000000e-01   +9.0000000e-01   +2.9004000e-12   +1.6634922e-13
  +9.0000000e-01   +9.3000000e-01   +2.7859100e-12   +1.6303276e-13
  +9.3000000e-01   +9.6000000e-01   +2.6332500e-12   +1.5850335e-13
  +9.6000000e-01   +9.9000000e-01   +2.7477400e-12   +1.6191275e-13
  +9.9000000e-01   +1.0200000e+00   +2.7668200e-12   +1.6247423e-13
  +1.0200000e+00   +1.0500000e+00   +3.1293700e-12   +1.7279061e-13
  +1.0500000e+00   +1.0800000e+00   +2.7095800e-12   +1.6078429e-13
  +1.0800000e+00   +1.1100000e+00   +3.0435000e-12   +1.7040368e-13
  +1.1100000e+00   +1.1400000e+00   +3.1007600e-12   +1.7199900e-13
  +1.1400000e+00   +1.1700000e+00   +2.9385600e-12   +1.6744004e-13
  +1.1700000e+00   +1.2000000e+00   +2.9671800e-12   +1.6825334e-13
  +1.2000000e+00   +1.2300000e+00   +2.7095800e-12   +1.6078434e-13
  +1.2300000e+00   +1.2600000e+00   +2.7477500e-12   +1.6191274e-13
  +1.2600000e+00   +1.2900000e+00   +2.7477500e-12   +1.6191255e-13
  +1.2900000e+00   +1.3200000e+00   +2.6141700e-12   +1.5792829e-13
  +1.3200000e+00   +1.3500000e+00   +2.6141700e-12   +1.5792835e-13
  +1.3500000e+00   +1.3800000e+00   +2.1848400e-12   +1.4437827e-13
  +1.3800000e+00   +1.4100000e+00   +2.3184100e-12   +1.4872605e-13
  +1.4100000e+00   +1.4400000e+00   +2.0703400e-12   +1.4054441e-13
  +1.4400000e+00   +1.4700000e+00   +1.9463200e-12   +1.3626972e-13
  +1.4700000e+00   +1.5000000e+00   +1.8032000e-12   +1.3116368e-13
  +1.5000000e+00   +1.5300000e+00   +1.4501900e-12   +1.1762657e-13
  +1.5300000e+00   +1.5600000e+00   +1.3738700e-12   +1.1448966e-13
  +1.5600000e+00   +1.5900000e+00   +1.4025000e-12   +1.1567562e-13
  +1.5900000e+00   +1.6200000e+00   +9.6362000e-13   +9.5883872e-14
  +1.6200000e+00   +1.6500000e+00   +7.2511000e-13   +8.3174628e-14
  +1.6500000e+00   +1.6800000e+00   +7.5372000e-13   +8.4799890e-14
  +1.6800000e+00   +1.7100000e+00   +8.1096000e-13   +8.7961525e-14
  +1.7100000e+00   +1.7400000e+00   +5.6290000e-13   +7.3283824e-14
  +1.7400000e+00   +1.7700000e+00   +4.9612000e-13   +6.8799283e-14
  +1.7700000e+00   +1.8000000e+00   +5.4381800e-13   +7.2031446e-14
  +1.8000000e+00   +1.8300000e+00   +4.3887500e-13   +6.4708722e-14
  +1.8300000e+00   +1.8600000e+00   +3.1484700e-13   +5.4807190e-14
  +1.8600000e+00   +1.8900000e+00   +2.9576400e-13   +5.3121045e-14
  +1.8900000e+00   +1.9200000e+00   +2.7668200e-13   +5.1378462e-14
  +1.9200000e+00   +1.9500000e+00   +2.0035500e-13   +4.3721282e-14
  +1.9500000e+00   +1.9800000e+00   +1.6219300e-13   +3.9338089e-14
  +1.9800000e+00   +2.0100000e+00   +1.5265200e-13   +3.8163214e-14
  +2.0100000e+00   +2.0400000e+00   +1.4311200e-13   +3.6951540e-14
  +2.0400000e+00   +2.0700000e+00   +9.5408000e-14   +3.0170737e-14
  +2.0700000e+00   +2.1000000e+00   +4.7703600e-14   +2.1333761e-14
  +2.1000000e+00   +2.1300000e+00   +3.8163600e-14   +1.9081792e-14
  +2.1300000e+00   +2.1600000e+00   +5.7246000e-14   +2.3370562e-14
  +2.1600000e+00   +2.1900000e+00   +4.7704800e-14   +2.1334220e-14
  +2.1900000e+00   +2.2200000e+00   +9.5408000e-15   +9.5408000e-15
  +2.2200000e+00   +2.2500000e+00   +3.8163600e-14   +1.9081792e-14
  +2.2500000e+00   +2.2800000e+00   +1.9081600e-14   +1.3492729e-14
  +2.2800000e+00   +2.3100000e+00   +0.0000000e+00   +0.0000000e+00
  +2.3100000e+00   +2.3400000e+00   +9.5408000e-15   +9.5408000e-15
  +2.3400000e+00   +2.3700000e+00   +9.5408000e-15   +9.5408000e-15
  +2.3700000e+00   +2.4000000e+00   +0.0000000e+00   +0.0000000e+00
  +2.4000000e+00   +2.4300000e+00   +0.0000000e+00   +0.0000000e+00
  +2.4300000e+00   +2.4600000e+00   +0.0000000e+00   +0.0000000e+00
  +2.4600000e+00   +2.4900000e+00   +0.0000000e+00   +0.0000000e+00
  +2.4900000e+00   +2.5200000e+00   +0.0000000e+00   +0.0000000e+00
  +2.5200000e+00   +2.5500000e+00   +0.0000000e+00   +0.0000000e+00
  +2.5500000e+00   +2.5800000e+00   +0.0000000e+00   +0.0000000e+00
  +2.5800000e+00   +2.6100000e+00   +0.0000000e+00   +0.0000000e+00
  +2.6100000e+00   +2.6400000e+00   +0.0000000e+00   +0.0000000e+00
  +2.6400000e+00   +2.6700000e+00   +0.0000000e+00   +0.0000000e+00
  +2.6700000e+00   +2.7000000e+00   +0.0000000e+00   +0.0000000e+00
  +2.7000000e+00   +2.7300000e+00   +0.0000000e+00   +0.0000000e+00
  +2.7300000e+00   +2.7600000e+00   +0.0000000e+00   +0.0000000e+00
  +2.7600000e+00   +2.7900000e+00   +0.0000000e+00   +0.0000000e+00
  +2.7900000e+00   +2.8200000e+00   +0.0000000e+00   +0.0000000e+00
  +2.8200000e+00   +2.8500000e+00   +0.0000000e+00   +0.0000000e+00
  +2.8500000e+00   +2.8800000e+00   +0.0000000e+00   +0.0000000e+00
  +2.8800000e+00   +2.9100000e+00   +0.0000000e+00   +0.0000000e+00
  +2.9100000e+00   +2.9400000e+00   +0.0000000e+00   +0.0000000e+00
  +2.9400000e+00   +2.9700000e+00   +0.0000000e+00   +0.0000000e+00
  +2.9700000e+00   +3.0000000e+00   +0.0000000e+00   +0.0000000e+00
<\histogram>


##& xmin & xmax & central value & dy & 

<histogram> 100 "log10d34 [] |X_AXIS@LIN |Y_AXIS@LOG |JETSAMPLE@0"
  +0.0000000e+00   +3.0000000e-02   +4.7704800e-14   +2.1334220e-14
  +3.0000000e-02   +6.0000000e-02   +5.7245000e-14   +2.3370575e-14
  +6.0000000e-02   +9.0000000e-02   +7.6326600e-14   +2.6985876e-14
  +9.0000000e-02   +1.2000000e-01   +1.0494880e-13   +3.1643374e-14
  +1.2000000e-01   +1.5000000e-01   +1.0494880e-13   +3.1643374e-14
  +1.5000000e-01   +1.8000000e-01   +2.3852000e-13   +4.7703706e-14
  +1.8000000e-01   +2.1000000e-01   +3.6255000e-13   +5.8813027e-14
  +2.1000000e-01   +2.4000000e-01   +4.4842000e-13   +6.5407851e-14
  +2.4000000e-01   +2.7000000e-01   +5.3428000e-13   +7.1396694e-14
  +2.7000000e-01   +3.0000000e-01   +6.4877000e-13   +7.8675075e-14
  +3.0000000e-01   +3.3000000e-01   +7.6327000e-13   +8.5335195e-14
  +3.3000000e-01   +3.6000000e-01   +9.1591000e-13   +9.3480014e-14
  +3.6000000e-01   +3.9000000e-01   +1.0781000e-12   +1.0142003e-13
  +3.9000000e-01   +4.2000000e-01   +1.5742200e-12   +1.2255313e-13
  +4.2000000e-01   +4.5000000e-01   +1.5837800e-12   +1.2292414e-13
  +4.5000000e-01   +4.8000000e-01   +2.2802400e-12   +1.4749682e-13
  +4.8000000e-01   +5.1000000e-01   +2.7572800e-12   +1.6219336e-13
  +5.1000000e-01   +5.4000000e-01   +2.4519900e-12   +1.5294988e-13
  +5.4000000e-01   +5.7000000e-01   +2.9671800e-12   +1.6825337e-13
  +5.7000000e-01   +6.0000000e-01   +3.0053400e-12   +1.6933169e-13
  +6.0000000e-01   +6.3000000e-01   +3.5587100e-12   +1.8426289e-13
  +6.3000000e-01   +6.6000000e-01   +3.7495100e-12   +1.8913877e-13
  +6.6000000e-01   +6.9000000e-01   +3.4823400e-12   +1.8227697e-13
  +6.9000000e-01   +7.2000000e-01   +3.4919200e-12   +1.8252546e-13
  +7.2000000e-01   +7.5000000e-01   +3.3201900e-12   +1.7798137e-13
  +7.5000000e-01   +7.8000000e-01   +3.3488100e-12   +1.7874624e-13
  +7.8000000e-01   +8.1000000e-01   +3.4537600e-12   +1.8152576e-13
  +8.1000000e-01   +8.4000000e-01   +3.4251400e-12   +1.8077204e-13
  +8.4000000e-01   +8.7000000e-01   +3.3011100e-12   +1.7746937e-13
  +8.7000000e-01   +9.0000000e-01   +3.2247800e-12   +1.7540499e-13
  +9.0000000e-01   +9.3000000e-01   +2.9958100e-12   +1.6906315e-13
  +9.3000000e-01   +9.6000000e-01   +2.8336100e-12   +1.6442288e-13
  +9.6000000e-01   +9.9000000e-01   +2.9767200e-12   +1.6852372e-13
  +9.9000000e-01   +1.0200000e+00   +2.6237200e-12   +1.5821587e-13
  +1.0200000e+00   +1.0500000e+00   +2.5187700e-12   +1.5501976e-13
  +1.0500000e+00   +1.0800000e+00   +2.6046400e-12   +1.5763963e-13
  +1.0800000e+00   +1.1100000e+00   +2.3184200e-12   +1.4872572e-13
  +1.1100000e+00   +1.1400000e+00   +2.2134600e-12   +1.4532053e-13
  +1.1400000e+00   +1.1700000e+00   +1.9940100e-12   +1.3792950e-13
  +1.1700000e+00   +1.2000000e+00   +1.9463300e-12   +1.3626979e-13
  +1.2000000e+00   +1.2300000e+00   +1.8318400e-12   +1.3220047e-13
  +1.2300000e+00   +1.2600000e+00   +1.5742200e-12   +1.2255306e-13
  +1.2600000e+00   +1.2900000e+00   +1.3643300e-12   +1.1409107e-13
  +1.2900000e+00   +1.3200000e+00   +1.2116800e-12   +1.0751910e-13
  +1.3200000e+00   +1.3500000e+00   +1.3548000e-12   +1.1369156e-13
  +1.3500000e+00   +1.3800000e+00   +1.1926000e-12   +1.0666928e-13
  +1.3800000e+00   +1.4100000e+00   +8.9683000e-13   +9.2501440e-14
  +1.4100000e+00   +1.4400000e+00   +5.9151700e-13   +7.5124257e-14
  +1.4400000e+00   +1.4700000e+00   +6.1060000e-13   +7.6326079e-14
  +1.4700000e+00   +1.5000000e+00   +5.8198000e-13   +7.4515966e-14
  +1.5000000e+00   +1.5300000e+00   +4.3887500e-13   +6.4708396e-14
  +1.5300000e+00   +1.5600000e+00   +3.6254800e-13   +5.8813483e-14
  +1.5600000e+00   +1.5900000e+00   +2.8622400e-13   +5.2257412e-14
  +1.5900000e+00   +1.6200000e+00   +3.1484400e-13   +5.4807890e-14
  +1.6200000e+00   +1.6500000e+00   +2.2897800e-13   +4.6740750e-14
  +1.6500000e+00   +1.6800000e+00   +2.5760200e-13   +4.9575708e-14
  +1.6800000e+00   +1.7100000e+00   +2.6714100e-13   +5.0485297e-14
  +1.7100000e+00   +1.7400000e+00   +1.3357080e-13   +3.5698489e-14
  +1.7400000e+00   +1.7700000e+00   +9.5407600e-14   +3.0170663e-14
  +1.7700000e+00   +1.8000000e+00   +1.0494900e-13   +3.1643648e-14
  +1.8000000e+00   +1.8300000e+00   +8.5866600e-14   +2.8622580e-14
  +1.8300000e+00   +1.8600000e+00   +4.7704800e-14   +2.1334220e-14
  +1.8600000e+00   +1.8900000e+00   +4.7704800e-14   +2.1334220e-14
  +1.8900000e+00   +1.9200000e+00   +0.0000000e+00   +0.0000000e+00
  +1.9200000e+00   +1.9500000e+00   +9.5408000e-15   +9.5408000e-15
  +1.9500000e+00   +1.9800000e+00   +1.9081600e-14   +1.3492729e-14
  +1.9800000e+00   +2.0100000e+00   +0.0000000e+00   +0.0000000e+00
  +2.0100000e+00   +2.0400000e+00   +0.0000000e+00   +0.0000000e+00
  +2.0400000e+00   +2.0700000e+00   +1.9081600e-14   +1.3492729e-14
  +2.0700000e+00   +2.1000000e+00   +2.8622800e-14   +1.6525372e-14
  +2.1000000e+00   +2.1300000e+00   +0.0000000e+00   +0.0000000e+00
  +2.1300000e+00   +2.1600000e+00   +9.5408000e-15   +9.5408000e-15
  +2.1600000e+00   +2.1900000e+00   +0.0000000e+00   +0.0000000e+00
  +2.1900000e+00   +2.2200000e+00   +0.0000000e+00   +0.0000000e+00
  +2.2200000e+00   +2.2500000e+00   +0.0000000e+00   +0.0000000e+00
  +2.2500000e+00   +2.2800000e+00   +0.0000000e+00   +0.0000000e+00
  +2.2800000e+00   +2.3100000e+00   +0.0000000e+00   +0.0000000e+00
  +2.3100000e+00   +2.3400000e+00   +0.0000000e+00   +0.0000000e+00
  +2.3400000e+00   +2.3700000e+00   +0.0000000e+00   +0.0000000e+00
  +2.3700000e+00   +2.4000000e+00   +0.0000000e+00   +0.0000000e+00
  +2.4000000e+00   +2.4300000e+00   +0.0000000e+00   +0.0000000e+00
  +2.4300000e+00   +2.4600000e+00   +0.0000000e+00   +0.0000000e+00
  +2.4600000e+00   +2.4900000e+00   +0.0000000e+00   +0.0000000e+00
  +2.4900000e+00   +2.5200000e+00   +0.0000000e+00   +0.0000000e+00
  +2.5200000e+00   +2.5500000e+00   +0.0000000e+00   +0.0000000e+00
  +2.5500000e+00   +2.5800000e+00   +0.0000000e+00   +0.0000000e+00
  +2.5800000e+00   +2.6100000e+00   +0.0000000e+00   +0.0000000e+00
  +2.6100000e+00   +2.6400000e+00   +0.0000000e+00   +0.0000000e+00
  +2.6400000e+00   +2.6700000e+00   +0.0000000e+00   +0.0000000e+00
  +2.6700000e+00   +2.7000000e+00   +0.0000000e+00   +0.0000000e+00
  +2.7000000e+00   +2.7300000e+00   +0.0000000e+00   +0.0000000e+00
  +2.7300000e+00   +2.7600000e+00   +0.0000000e+00   +0.0000000e+00
  +2.7600000e+00   +2.7900000e+00   +0.0000000e+00   +0.0000000e+00
  +2.7900000e+00   +2.8200000e+00   +0.0000000e+00   +0.0000000e+00
  +2.8200000e+00   +2.8500000e+00   +0.0000000e+00   +0.0000000e+00
  +2.8500000e+00   +2.8800000e+00   +0.0000000e+00   +0.0000000e+00
  +2.8800000e+00   +2.9100000e+00   +0.0000000e+00   +0.0000000e+00
  +2.9100000e+00   +2.9400000e+00   +0.0000000e+00   +0.0000000e+00
  +2.9400000e+00   +2.9700000e+00   +0.0000000e+00   +0.0000000e+00
  +2.9700000e+00   +3.0000000e+00   +0.0000000e+00   +0.0000000e+00
<\histogram>

