  0.00000032891290499  0.00000035937785260  0.00000038611683553  0.00000041341849393
  0.00000043884582854  0.00000046089029879  0.00000048287497560  0.00000050729208392
  0.00000052812939411  0.00000054383188333  0.00000056321491732  0.00000058537166682
  0.00000060754840991  0.00000063377070369  0.00000066390568090  0.00000069391697687
  0.00000072061959522  0.00000074694185691  0.00000077784704731  0.00000081001261688
  0.00000084321187044  0.00000087900712014  0.00000091971299294  0.00000095992102397
  0.00000099940168510  0.00000103908021630  0.00000107367755524  0.00000110724108477
  0.00000114431153954  0.00000118929069970  0.00000124013323650  0.00000129329857338
  0.00000134969939569  0.00000141262718487  0.00000147273921322  0.00000152409721440
  0.00000157715272895  0.00000163537111580  0.00000170188138290  0.00000178144779742
  0.00000186899977526  0.00000195266463239  0.00000204309406486  0.00000213843764557
  0.00000223897030869  0.00000234349350281  0.00000245858202290  0.00000257806012710
  0.00000270674828164  0.00000284806308841  0.00000300169161025  0.00000316031402882
  0.00000331877319776  0.00000347592879705  0.00000364260919967  0.00000382305233905
  0.00000401448437077  0.00000422278298671  0.00000444700037862  0.00000467952686483
  0.00000492310950695  0.00000519532748624  0.00000549769275030  0.00000581563315030
  0.00000617017586160  0.00000657377028535  0.00000702977291126  0.00000754929590738
  0.00000810783200262  0.00000870123975144  0.00000938203177600  0.00001018310692330
  0.00001108587488004  0.00001211901174082  0.00001328729415688  0.00001469387625904
  0.00001652157113751  0.00001853778702444  0.00002092307012154  0.00002369700828435
  0.00002714534184951  0.00003134302136871  0.00003709247417553  0.00004465977540227
  0.00005451343304262  0.00006764617009076  0.00008536964610795  0.00011101486784381
  0.00015138516622547  0.00022291431124365  0.00036698997423134  0.00068777802603287
  0.00135182115007862  0.00302079557555984  0.06544778821040266  1.00000000000000000
  0.00000141678109649  0.00000174522472530  0.00000190965609349  0.00000206264274431
  0.00000222217810440  0.00000241522797160  0.00000262853692796  0.00000285043914151
  0.00000306681040715  0.00000328433545555  0.00000359002730210  0.00000390792445855
  0.00000425775506873  0.00000461871454311  0.00000496840823412  0.00000533710170024
  0.00000572368849981  0.00000610340085320  0.00000645731742165  0.00000679061733506
  0.00000711507165630  0.00000743135714628  0.00000774172640970  0.00000808781463881
  0.00000844145084026  0.00000881036113979  0.00000924487745977  0.00000979433554689
  0.00001024793745460  0.00001068542669582  0.00001118744115587  0.00001173842156901
  0.00001229987313977  0.00001286671628210  0.00001349851170729  0.00001431572974998
  0.00001519772556846  0.00001611593303249  0.00001710792984169  0.00001816314205248
  0.00001947242404561  0.00002100157057587  0.00002272519429718  0.00002463587274174
  0.00002677981389550  0.00002911989267768  0.00003170074605491  0.00003458674143141
  0.00003793604023747  0.00004207580444984  0.00004728963648367  0.00005377698083507
  0.00006179130582878  0.00007161426269626  0.00008345311203562  0.00009783128645571
  0.00011635914256709  0.00013850933169486  0.00016028485737599  0.00018686119705606
  0.00022226280632766  0.00026468133079884  0.00031324388588400  0.00037017618445642
  0.00043173195341633  0.00049337367159998  0.00056632482939811  0.00065729375773668
  0.00075904252947780  0.00086711319256124  0.00098671650950370  0.00111696633712424
  0.00124722001417964  0.00138609332657429  0.00153917142017524  0.00169685026435648
  0.00184562674795573  0.00200738113458379  0.00217707117671040  0.00240741408597973
  0.00271182795396797  0.00301054275529560  0.00329364139837019  0.00362774543472314
  0.00396023306442788  0.00429738045786970  0.00478695964308147  0.00522181680849367
  0.00556807596330154  0.00773889508635218  0.01024748330414401  0.01322219020670244
  0.01718105455683139  0.02449940215573192  0.04237736407950233  1.00000000000000000
  0.00000061039760981  0.00000076106873015  0.00000084770917339  0.00000092971801945
  0.00000100710929760  0.00000108027994808  0.00000115489141015  0.00000123130151973
  0.00000130829059976  0.00000138539476106  0.00000146206544041  0.00000154011053427
  0.00000162286279287  0.00000171221920156  0.00000180851889897  0.00000190890746370
  0.00000201549111683  0.00000211504644312  0.00000221213371340  0.00000231236300937
  0.00000241192397316  0.00000250807245655  0.00000260798308880  0.00000271696160461
  0.00000283035765292  0.00000294959941964  0.00000307494602664  0.00000320019873916
  0.00000332147772231  0.00000344089417574  0.00000356264828830  0.00000368655111302
  0.00000382496610837  0.00000397937467366  0.00000414042236780  0.00000430835572022
  0.00000448719289973  0.00000468008415255  0.00000489450508072  0.00000512351518618
  0.00000536907670323  0.00000562784152767  0.00000588452455368  0.00000615426841217
  0.00000643608277306  0.00000672971194457  0.00000704001508322  0.00000736676169085
  0.00000771053127058  0.00000807092987722  0.00000846756720896  0.00000891734828749
  0.00000941529129387  0.00000994586510057  0.00001050012859111  0.00001107529959080
  0.00001167283988592  0.00001229546311352  0.00001297231324492  0.00001371293343017
  0.00001451834182880  0.00001539498926545  0.00001637449615227  0.00001750897470451
  0.00001878909602618  0.00002017566284923  0.00002162590231404  0.00002313678870655
  0.00002479232303956  0.00002663368159151  0.00002869470124492  0.00003096597599477
  0.00003336979492415  0.00003587957452961  0.00003864232034094  0.00004177480492632
  0.00004558609818186  0.00005047058973975  0.00005614659409720  0.00006276480757084
  0.00007063652647277  0.00008008556014034  0.00009119986954133  0.00010551908710379
  0.00012525863744717  0.00015156894513904  0.00019211249511104  0.00024521160754680
  0.00032272172935131  0.00042810548396062  0.00062223799202865  0.00093655410557804
  0.00147417111373202  0.00240398533869020  0.01019370490740516  1.00000000000000000
 -0.00363326538678484  0.01511104718122912  0.02825902128723930  0.04037645541724036
  0.05034092003080683  0.05823760669116883  0.06668235028072711  0.07639189947967054
  0.08703529937327145  0.09878078993333572  0.11151127982870740  0.12446435345975237
  0.13607273655995250  0.14763999861429547  0.15885380558270951  0.17053715303637842
  0.18200184677110468  0.19268905607425249  0.20317070745050383  0.21346157974794167
  0.22367223841996581  0.23448519163471865  0.24549292577086773  0.25600867807366734
  0.26626143884538706  0.27677847092420504  0.28821899296216175  0.29996096000091188
  0.31124889282992491  0.32336823160539641  0.33501595184199667  0.34805183837132436
  0.36186848270423699  0.37635495411071207  0.38765138476127248  0.39764062193473787
  0.40723397254418670  0.41765497220129166  0.43016968181195342  0.44352634364231164
  0.45593797084294235  0.46744846228374898  0.47893675893350035  0.49096391907371650
  0.50344924116947720  0.51570426472941955  0.52780603114577140  0.54029182510039564
  0.55256664201995842  0.56349490248878475  0.57420078673053543  0.58504876202148137
  0.59696942499803318  0.60949996657602867  0.62212084821874780  0.63475745834928421
  0.64747646057843300  0.66085779499701247  0.67361979297959895  0.68614660233516256
  0.69804089406765257  0.70871735975523809  0.71804987300099954  0.72738102655838222
  0.73813828390220559  0.74926247011971991  0.75988327234106101  0.76993277517265790
  0.78026495233626592  0.79095134567670755  0.80125481900402351  0.81141417524638160
  0.82106291405287080  0.83075281342138696  0.83985768656019388  0.84823700393908474
  0.85606544022998854  0.86458951142340479  0.87352177397093955  0.88231387986067411
  0.89077594250429415  0.89926390961286928  0.90799698779849514  0.91656154870858253
  0.92483261943094508  0.93291685751907849  0.94053701219036157  0.94787851762561570
  0.95480903770458192  0.96136782841013391  0.96804007586844720  0.97450164455812016
  0.98077393999832863  0.98721216883531160  0.99352543722666897  1.00000000000000000
 -0.00267613238574644  0.00970264555510693  0.02014118448334418  0.03045341153911699
  0.04118806940718395  0.05105669542179619  0.06109550466893453  0.07143712398911566
  0.08339609989629396  0.09469684992370117  0.10547086916733481  0.11674148724236101
  0.12850422707661319  0.14016039827528082  0.15130030645579562  0.16213097725898110
  0.17315816551849822  0.18418939976503529  0.19496872144806388  0.20562717205088937
  0.21628806778142673  0.22712188481962492  0.23807687774203407  0.24882830274150389
  0.25952442673926379  0.27011193834103375  0.28105743097030128  0.29234487020192662
  0.30343816068087159  0.31430399417239152  0.32452488345354347  0.33427153724601233
  0.34431236804460452  0.35515455173415628  0.36583714242784726  0.37512075651917864
  0.38489681620696792  0.39524970685103678  0.40565802710446580  0.41588129697470144
  0.42616958986516745  0.43648027156287017  0.44708957833498386  0.45739068376968006
  0.46737057896243639  0.47740841890572283  0.48755435729137070  0.49715188727820758
  0.50626127854123359  0.51574961539669062  0.52550842701402734  0.53546906503379210
  0.54512283976587372  0.55490124172220279  0.56419073781523965  0.57382644510267522
  0.58442754085991877  0.59566307586444889  0.60747642010591807  0.61971552607030667
  0.63214174900296893  0.64429649494468466  0.65581325446807459  0.66690114026884317
  0.67841804736280520  0.68960369146757372  0.69952486480875065  0.70913119065208985
  0.71856364157442598  0.72814016801604586  0.73849367990503190  0.74927566584098459
  0.75997281234656966  0.77032932655780606  0.78042981881627382  0.79014546643312833
  0.79982874712168794  0.80999162032858529  0.82016646860066056  0.83064171355300964
  0.84136958596437361  0.85169692598224700  0.86194621977433183  0.87313276663575079
  0.88410617217904630  0.89492706928247101  0.90661962819176267  0.91823360845770352
  0.92874192943518918  0.93899910597472602  0.94841626529796963  0.95683080670528131
  0.96697074663513571  0.97747186808803044  0.98827037528374573  1.00000000000000000
 -0.00189530864581509  0.00798921546694907  0.01774032509007268  0.02814897285385077
  0.03856576880383128  0.04827294266529661  0.05866573600567503  0.07073328305418390
  0.08303097959917304  0.09474925827547197  0.10541320876615044  0.11558526842823946
  0.12640612427102024  0.13792507134301446  0.15022967104745935  0.16279127037665411
  0.17518741416161152  0.18709454372000220  0.19743803575069452  0.20735000042791663
  0.21709809281002435  0.22716640606257202  0.23793150650198819  0.24919360865632345
  0.26077971477526879  0.27130259827433517  0.28141028840412302  0.29162961499644047
  0.30182009512272134  0.31142395669481532  0.32083174599275860  0.33075188982720161
  0.34069599156935132  0.35081572997948546  0.36114038158964590  0.37118522393409542
  0.38105852270692669  0.39089145748449111  0.40134308050550394  0.41357139728576414
  0.42584725785532346  0.43748608898196867  0.44884180392840378  0.46017655221837334
  0.47149821203018150  0.48292318036557980  0.49445505370223092  0.50557057115473647
  0.51670709272422777  0.52774601142869160  0.53829795680491099  0.54840157767615472
  0.55855133300685345  0.56986956163900460  0.58107800208773364  0.59125804323598519
  0.60060537228454369  0.61019124194221475  0.62047519781420890  0.63171033111042485
  0.64245985155293062  0.65248226078160998  0.66211290039555026  0.67248776175734182
  0.68375774055931449  0.69515072740048889  0.70592111661125456  0.71533043312679123
  0.72403442995106360  0.73264211112948485  0.74201542879093507  0.75309537434666496
  0.76503516604874722  0.77661068690666968  0.78766349144864589  0.79842274722201856
  0.80918046879606909  0.81982597334213980  0.83047994554641025  0.84139432775667522
  0.85263692521627876  0.86392762297520631  0.87506660939810010  0.88587311552427506
  0.89590902388149596  0.90521289774956648  0.91396078547857318  0.92251131394235630
  0.93182913230050934  0.94207707114719197  0.95303069760412162  0.96404843571655996
  0.97419328155393703  0.98306038189275780  0.99077177931440941  1.00000000000000000
  0.00000011289073796  0.00000024785869764  0.00000050667055044  0.00000087425605836
  0.00000142059839846  0.00000197245654597  0.00000252914390655  0.00000347039587204
  0.00000446844631005  0.00000634178356596  0.00000822659502835  0.00001002574804014
  0.00001182429823229  0.00001538272847328  0.00001912950297403  0.00002339167110407
  0.00002771571637990  0.00003282825010206  0.00003829045647941  0.00004450998856024
  0.00005142245479446  0.00005905678924854  0.00006881149814617  0.00007951671669778
  0.00009101091178222  0.00010355725057189  0.00011939533532396  0.00013662597949656
  0.00015506481986880  0.00017532167098838  0.00019750346071222  0.00022103547174995
  0.00024612534955253  0.00027297022097785  0.00030161202629893  0.00033267615859131
  0.00036474407534903  0.00039921640624457  0.00043531404760856  0.00047353090815044
  0.00051393063021728  0.00055753125301268  0.00060813823657085  0.00066356613690999
  0.00072120885328470  0.00078132239388880  0.00084278160985782  0.00090454153700284
  0.00096651334232613  0.00102927794322949  0.00109471992770664  0.00116371293434953
  0.00123514672600622  0.00130976026950422  0.00139539737091397  0.00148452465946040
  0.00157777737595722  0.00166513830269926  0.00174843142843454  0.00183436023597362
  0.00193493499967536  0.00205298127169055  0.00217051904569697  0.00227860686990340
  0.00237641827312742  0.00248451837024723  0.00260530731988042  0.00272052268116371
  0.00283555103728500  0.00295465158051358  0.00308824396118327  0.00326406777832831
  0.00345763290594543  0.00366566528541134  0.00391773592568394  0.00419826875903069
  0.00446207168440204  0.00467855389809452  0.00490190998227484  0.00518852054719165
  0.00542419221781717  0.00567185542564133  0.00590107540889017  0.00603844097628918
  0.00618500509473650  0.00633586210127180  0.00657722328577910  0.00712566049431457
  0.00771612751321956  0.00811858525615954  0.00863432493113898  0.00935815551040568
  0.01011113936134401  0.01243855069747405  0.01927422703664471  1.00000000000000000
 -0.00384977223789782  0.01373004417471765  0.02929615980239297  0.04305235326030239
  0.05359577053214847  0.06286758649966136  0.07232116410715304  0.08123180284012248
  0.09120988789123985  0.10097308601362739  0.11098391498548822  0.12059208159696341
  0.13001527631336823  0.13858520239402278  0.14676823357187480  0.15465290387523123
  0.16198367506744932  0.16980721894397366  0.17915114768717286  0.18880166633625459
  0.19815111881323097  0.20745936719260363  0.21683596004551442  0.22649657744271035
  0.23618808865050617  0.24586426079291773  0.25575833627574279  0.26614487757703981
  0.27703635576278174  0.28823612769085910  0.29958364215144190  0.31146833926455475
  0.32315550223426281  0.33519162041576145  0.34593191604349377  0.35747722512355962
  0.36859558777944712  0.38013093812180743  0.39249978039479527  0.40433414456863798
  0.41471084189178131  0.42490871653844681  0.43462481679663056  0.44446543737738337
  0.45520709801144021  0.46575649068687469  0.47638214264087819  0.48674993496269708
  0.49687515188713260  0.50766590751711838  0.51863726999270321  0.52875320580775442
  0.53814046052264408  0.54769759225330661  0.55773159631052460  0.56826485141413630
  0.57925878470647940  0.59089772752255110  0.60213080472322866  0.61287072701145351
  0.62357470547334981  0.63497498796842000  0.64678728808937602  0.65788266255594530
  0.66929721970118483  0.68140879674894195  0.69406320381817099  0.70586497022319261
  0.71731556073490854  0.72849488241613092  0.73892451158597183  0.74979392476574780
  0.76016006343301934  0.77037643596872662  0.78010285035596671  0.78892589487316633
  0.79802523273718362  0.80699987396330308  0.81627645791984160  0.82583720840681252
  0.83547020411088502  0.84504153222430500  0.85442004891266587  0.86278696235680041
  0.87097399147612042  0.88044711669906928  0.89021098974457735  0.89956708465525848
  0.90871823561712006  0.91953671073066934  0.93104519813095321  0.94264781629581917
  0.95430063020264566  0.96919200452693133  0.98554507961103188  1.00000000000000000
  0.44584622039963323  0.47683172156533848  0.50068985640229469  0.52188226679722161
  0.54149859861534599  0.56034221890315639  0.57801492294349577  0.59533433931287949
  0.61245545487948638  0.62825486197724323  0.64294366473331455  0.65625918771394021
  0.66948754434444546  0.68269170179509775  0.69501202056181044  0.70672784703691061
  0.71759945059579766  0.72775216057626835  0.73776611452503815  0.74731472537896815
  0.75610545167408949  0.76509478947540022  0.77366088504001451  0.78222989486776451
  0.79061582747523507  0.79888562388976991  0.80698692222741297  0.81394803305601005
  0.82034125687695392  0.82719486027650402  0.83516362805113786  0.84274659307098898
  0.84982411694973126  0.85657640200297636  0.86294678571085115  0.86898414852295902
  0.87477947308256954  0.88045746120606405  0.88611641472235281  0.89155069777647244
  0.89658299050878310  0.90123051786301567  0.90589477058461021  0.91064895960266101
  0.91482103311976792  0.91859697480385671  0.92240789016648728  0.92619631238542899
  0.93001739999101773  0.93381962194032164  0.93747866308329997  0.94096399769049244
  0.94424357410357707  0.94734362007541417  0.95035101977040237  0.95340405094286973
  0.95632373233531043  0.95895810313277718  0.96141176469839817  0.96381952993705400
  0.96620446340714650  0.96855498144841146  0.97083779281125504  0.97304408199428694
  0.97502374906280387  0.97673505554584317  0.97830630749090708  0.97982802930018698
  0.98133123632387864  0.98278937316154491  0.98417921643458128  0.98560212707783856
  0.98682994418555170  0.98797490793528364  0.98901549272568789  0.98995797076806868
  0.99079369998076106  0.99146935819824700  0.99207934811039566  0.99266868090739713
  0.99323434331185734  0.99380199839931249  0.99428039411782465  0.99469701519658282
  0.99507150184461057  0.99542407703612013  0.99575363821829799  0.99611315551036417
  0.99648575398048822  0.99687165381366349  0.99728015442566054  0.99771328406681314
  0.99819953382396043  0.99869774205442696  0.99892833589670793  1.00000000000000000
 -0.00784425144440352  0.07185056621561003  0.13407313089129266  0.15051935869487182
  0.16704910262325487  0.18502395262942584  0.20012189289355534  0.21197092214676369
  0.22191880846445403  0.23169365777002471  0.24111737941933556  0.24890317248789434
  0.25685928945393782  0.26474868966699250  0.27248095852174675  0.28020262054335704
  0.28778015575635446  0.29531946414538274  0.30274982631331615  0.31023145137822489
  0.31747026589704053  0.32416379376219379  0.33117829936920740  0.33821120722954778
  0.34569327078762629  0.35314516339949670  0.36035233560188284  0.36679057896956302
  0.37315779772641838  0.37909119595886076  0.38450507228148895  0.38968349781421713
  0.39479760104251665  0.39991031551223138  0.40578007942267497  0.41199237919696041
  0.41807283734722794  0.42390690594359343  0.42977194150561443  0.43561018355293174
  0.44162277318601684  0.44719867485044346  0.45255195608525350  0.45799626076237043
  0.46322531314585758  0.46847565000620089  0.47394948383907876  0.47977201324180346
  0.48531337391674589  0.49088975408027974  0.49641016956841821  0.50172678235760804
  0.50763376453595765  0.51345554286208006  0.51941187595007376  0.52560169788442357
  0.53181234786116371  0.53777872957625272  0.54358313661092839  0.54922670714931732
  0.55474800345942843  0.56030572701229353  0.56628355652773865  0.57258001673378278
  0.57870521335703506  0.58467150236691845  0.59063364136567698  0.59670242630100434
  0.60304261829165773  0.60942180057985307  0.61550715634192077  0.62161382791759123
  0.62793922595388030  0.63387870649159683  0.63998202887562550  0.64679229096038149
  0.65439962620555248  0.66257311930049734  0.67078596999469819  0.67839252033679864
  0.68571399985818582  0.69338681676622305  0.70198769753808576  0.71134201236670902
  0.72092633731909450  0.73091174669716164  0.74175831770067358  0.75332926711534054
  0.76521164120554164  0.77742186610546149  0.79114102190478341  0.80751308300193270
  0.82715384806077552  0.85172666326620172  0.88299336691908681  1.00000000000000000
   8.7325844325763714E-010  -1.0000000000000000     
 F F F F F F F F F F F F T T T T F F F F F F F F T T T T F F F F F F F F T T T T F F F F F F F F T T T T F F F F F F F F F F F F F F F F F F F F F F F F F F F F F F F F F F F F F F F F F F F F F F F F F F F F F F F F F F F F F F F F F F F F F F F F F F F F
  <DiscreteSampler_grid>
  grouped_processes
  1 # 1 for a reference and 2 for a running grid.
  10 # Attribute 'min_bin_probing_points' of the grid.
  1 # Attribute 'grid_mode' of the grid. 1=='default',2=='initialization'
  0.0000000000000000 # Attribute 'small_contrib_threshold' of the grid.
  0.5000000000000000 # Attribute 'damping_power' of the grid.
 # binID   n_entries weight   weight_sqr   abs_weight
    10   10   6.148709799640081E+001   2.750104408362746E+004   6.148709799640081E+001
    16   10   6.148709799640081E+001   2.750104408362745E+004   6.148709799640081E+001
  </DiscreteSampler_grid>
