  0.00000082697646695  0.00000101255666846  0.00000115926030321  0.00000130176489244
  0.00000144649577838  0.00000161548334201  0.00000183275166710  0.00000208063240631
  0.00000233433710147  0.00000259655159803  0.00000286564455296  0.00000315460536467
  0.00000340364675674  0.00000364732409660  0.00000389785378086  0.00000419067905166
  0.00000452580902714  0.00000488268478100  0.00000524271630474  0.00000560769451776
  0.00000598356499518  0.00000635917038067  0.00000675125319135  0.00000718310382018
  0.00000761604148921  0.00000803004501965  0.00000845645079625  0.00000893528354013
  0.00000946460395740  0.00000999837189922  0.00001059050829436  0.00001122959236893
  0.00001189406349686  0.00001259319685580  0.00001330061033541  0.00001396427160608
  0.00001447948077672  0.00001502974322790  0.00001560570588287  0.00001613908946438
  0.00001677106398803  0.00001763981581898  0.00001864190377054  0.00001963966896436
  0.00002071731149911  0.00002178465014530  0.00002285493589323  0.00002399585673279
  0.00002515457767964  0.00002629059163308  0.00002754480362125  0.00002890999010620
  0.00003041039771071  0.00003204074762135  0.00003374755290111  0.00003552399974261
  0.00003745169633876  0.00003962416535658  0.00004185998405139  0.00004423229401625
  0.00004663309300151  0.00004902767994778  0.00005154391507474  0.00005446197786848
  0.00005786209606543  0.00006136108919633  0.00006492743244542  0.00006876711758790
  0.00007279867864485  0.00007714635881027  0.00008197111125180  0.00008708211187545
  0.00009252733740080  0.00009860466082262  0.00010499327499407  0.00011203637617485
  0.00011987035190651  0.00012948742591052  0.00014265519576216  0.00015422726575879
  0.00016737957332293  0.00018167936965150  0.00019904549808551  0.00021198599025388
  0.00022045525282624  0.00023278637467670  0.00024720846123836  0.00026348001483879
  0.00028039047513662  0.00031667782081726  0.00038299486352237  0.00047193363771573
  0.00059752224615786  0.00105461092440428  0.00409127885659814  1.00000000000000000
  0.00010972068226921  0.00011859417519989  0.00012551685020250  0.00013274973894236
  0.00014097317718499  0.00014963188272515  0.00015775854471078  0.00016581076115905
  0.00017393322499104  0.00018216760518852  0.00018966420278467  0.00019685858488418
  0.00020412337936460  0.00021173953321150  0.00022060016537195  0.00022930876910734
  0.00023798879309081  0.00024694788433204  0.00025571147256775  0.00026389118769969
  0.00027172222600289  0.00027922058629367  0.00028685005379888  0.00029483475094581
  0.00030310304365063  0.00031176238336514  0.00032145455900176  0.00033152363844148
  0.00034094885384362  0.00035015435041091  0.00035940076050286  0.00036972590429638
  0.00038182976648901  0.00039367161591394  0.00040647045290428  0.00041921007365958
  0.00043325388630595  0.00044842997548525  0.00046498794638631  0.00048390937882348
  0.00050318339810467  0.00052116226138728  0.00053944426789202  0.00055927863611897
  0.00058103193148181  0.00060273432079283  0.00062335836784021  0.00064230940672776
  0.00066112219580525  0.00068048654367958  0.00070257907024178  0.00072478802041443
  0.00074824631406082  0.00077333170928252  0.00080202808394886  0.00083538700597824
  0.00087287298336785  0.00091178501714815  0.00094517871095818  0.00097011756581173
  0.00099387348199426  0.00101823078282902  0.00104636870494015  0.00108458654860649
  0.00112334932167182  0.00116362335198283  0.00121207380575448  0.00125767602288327
  0.00129762859786857  0.00133500713308511  0.00138371565174384  0.00142758081844324
  0.00147409415355596  0.00152973001151714  0.00159275842496344  0.00166616466068276
  0.00174763738263215  0.00183374086306223  0.00192419421066903  0.00203465238268424
  0.00220005556250644  0.00239775297240773  0.00255802086441067  0.00268012261307970
  0.00278200777123841  0.00287747445710001  0.00299916264600927  0.00312355639737254
  0.00330387428839396  0.00349950455208490  0.00382163938335230  0.00542925988331749
  0.00811054457979407  0.01068360711932318  0.01731081511247960  1.00000000000000000
  0.00000281549213360  0.00000320682746707  0.00000362855890802  0.00000407328903071
  0.00000450992900727  0.00000499884617827  0.00000558812825198  0.00000618354273411
  0.00000678864558645  0.00000754911844246  0.00000848110410888  0.00000941934242270
  0.00001035870123915  0.00001133263158044  0.00001238861979535  0.00001358611396297
  0.00001494360109872  0.00001614040522186  0.00001730488058490  0.00001830178774816
  0.00001933773881995  0.00002048275741215  0.00002177749063704  0.00002316883252632
  0.00002462606033257  0.00002610888429882  0.00002793100877618  0.00003022209116441
  0.00003267284751116  0.00003531157911964  0.00003791928782056  0.00004004391781940
  0.00004232729447000  0.00004474494233663  0.00004721833212103  0.00004969094607931
  0.00005215046088925  0.00005468956640907  0.00005749562213521  0.00006046643733592
  0.00006396163481397  0.00006804820530631  0.00007256571266172  0.00007740461502815
  0.00008230564299724  0.00008757010788809  0.00009321234846830  0.00009899371766246
  0.00010469529328265  0.00011100396889509  0.00011755412803816  0.00012404946552063
  0.00012891775624456  0.00013422403191917  0.00013897220174843  0.00014297254432731
  0.00014530249281297  0.00014837362273292  0.00015198891708897  0.00015607539635623
  0.00016066123534183  0.00016766157404294  0.00017614385569892  0.00018469787130609
  0.00019432230748517  0.00020590496728834  0.00021932117927565  0.00023437256484345
  0.00025179620078601  0.00027311656899611  0.00029597283464583  0.00031713356338566
  0.00033811692883728  0.00036374774044429  0.00039026859320298  0.00042476079714605
  0.00046173592196841  0.00050095480485546  0.00054019841268803  0.00058461367436675
  0.00063132444037712  0.00066777756183356  0.00070374694640243  0.00075865882394637
  0.00086092665892389  0.00099943251866006  0.00116952837353815  0.00137689223403322
  0.00170362366478925  0.00224162839293269  0.00293049502467799  0.00489669048322465
  0.00711402032388793  0.01327070116635940  0.02554611753041961  1.00000000000000000
 -0.00059517510021747  0.00431325171128380  0.00724235006307967  0.01009530549235739
  0.01320795848805888  0.01627101025944722  0.01980884685757446  0.02438776770226239
  0.03013549747198672  0.03693409897736288  0.04303736672118483  0.04845757183260853
  0.05336340871775420  0.05831420419444851  0.06330204593689988  0.06820388093728631
  0.07305146210068553  0.07804538498622458  0.08337999425343130  0.08879022157144781
  0.09428739320792262  0.09943641348366555  0.10440726477584028  0.10970414126706689
  0.11551926588805768  0.12151169648424819  0.12758472903987378  0.13340301687720577
  0.13904710131403644  0.14482423281917362  0.15010898814549417  0.15507502571008672
  0.15993393467136768  0.16484898813972174  0.17013404094746326  0.17574851195653599
  0.18213331258708126  0.18885564995492862  0.19534678432680616  0.20116977971634503
  0.20573770289817706  0.21093657768721052  0.21657956332871517  0.22205690215255247
  0.22770026421064268  0.23460892481822399  0.24172188825608695  0.24867262729966033
  0.25484201668815054  0.26118181554838388  0.26734586702619900  0.27357787652575594
  0.28057473221401680  0.28801456660570846  0.29661699563737287  0.30639136723316779
  0.31621160405329651  0.32677376308289341  0.33671894686800935  0.34692721306226942
  0.35521565431394009  0.36284612988166848  0.37084461645987227  0.37723822962313702
  0.38362226337520439  0.39257545048614501  0.40119587712630955  0.40961014044100086
  0.41701448939051122  0.42285795529300968  0.42868957480005881  0.43496820876120229
  0.44338202660623482  0.45413324441073039  0.46673915438888314  0.48100192246718532
  0.49350164633911126  0.50602229074725424  0.51827937368110799  0.52972811354868488
  0.54277442844753354  0.55874796291682072  0.57252166115686975  0.58414162314361606
  0.59747834193984228  0.61414259288592887  0.63477311872705511  0.65782362840515740
  0.68097985586456311  0.70602443744141419  0.73786638685008088  0.77826358142934138
  0.81983009752406999  0.86356709095575113  0.91989468527203921  1.00000000000000000
 -0.00203802866114567  0.00845468008856692  0.01771850526418461  0.02879198007538781
  0.04183965169182065  0.05355722415570492  0.06326554746848520  0.07330263260158203
  0.08255646119074871  0.09109777970655387  0.09947289161931415  0.10845202766992368
  0.11793050543165748  0.12777202243014099  0.14000979175423173  0.15007789624773848
  0.15568474934226564  0.16135481631994342  0.16736928964466899  0.17250648807210869
  0.17756488579912566  0.18550607246789275  0.19334599762394758  0.20140245667374623
  0.20894216265409715  0.21609132864762326  0.22352325335968484  0.23167329253945182
  0.24172997466921398  0.25210358248576997  0.26453421091184143  0.27742507450898712
  0.29030291144399351  0.30202085919088056  0.31188964154537169  0.32104284824957069
  0.33092597625584314  0.34237621146484348  0.35516371146240877  0.36820137555890237
  0.38037754710727445  0.39012918694495374  0.39957873539432687  0.40995967479927398
  0.42023506821105278  0.43146910258074500  0.44318225716188542  0.45507724760203055
  0.46765142098297841  0.48030445210637035  0.48980647453809467  0.49813144144215676
  0.50652739769412747  0.51481817969695343  0.52405630278375204  0.53245828603791967
  0.54081964105345315  0.55184981426714586  0.56509885034369023  0.57709715753983981
  0.58940233071843018  0.60220921166018604  0.61543847878133695  0.63050980069434637
  0.64465500937074594  0.65672700052360211  0.66767372930874092  0.67862461139294905
  0.69005580780999665  0.70246816649392796  0.71512102056869176  0.72681781706566861
  0.73756368973153930  0.74768153333606802  0.75797429851784748  0.76929253877410497
  0.78234575164843556  0.79651194663366931  0.81038672260455658  0.82257492988718151
  0.83330113476600787  0.84332986335891535  0.85415438052755188  0.86610084891366401
  0.87909098551936082  0.89237402859130222  0.90490635629048322  0.91628639274460533
  0.92640545502218208  0.93616306344728706  0.94582332851436623  0.95656528912107130
  0.96631850480306425  0.97594489957019492  0.98722848606561320  1.00000000000000000
 -0.00113522321194322  0.00411200399850882  0.00851426712171803  0.01234479920786077
  0.01551475705631978  0.01819257410229022  0.02050629152346105  0.02310258597193549
  0.02599032808434921  0.02901338760998282  0.03197582813528162  0.03470001514922926
  0.03714073029322029  0.03944789890015851  0.04107500070407395  0.04240657328403793
  0.04387357013070185  0.04540085278221113  0.04686356453497219  0.04823096265495069
  0.05017090963746364  0.05318431592014700  0.05666799005315877  0.06084820756023791
  0.06519716002074290  0.06954277145030929  0.07407069337503512  0.07889907019371416
  0.08360730921871608  0.08808932680100032  0.09234065243403691  0.09573124802446195
  0.09939066764945426  0.10299335665700793  0.10698280672011044  0.11093848564187873
  0.11472158708814670  0.11841184683455301  0.12188011562991653  0.12558948141109766
  0.12927556005411595  0.13290997604593285  0.13667812860737005  0.14035699670977653
  0.14496645876316538  0.15027392855718030  0.15624307327934220  0.16237690736774540
  0.16858080687764629  0.17514261616425156  0.18224950489037292  0.18957134047776592
  0.19852655022491450  0.20830972987528326  0.21835591707082824  0.22817614060810451
  0.23683923629368328  0.24484655026973273  0.25273748641286820  0.26073253161443688
  0.26997446987858470  0.28058083231634473  0.29185750527094673  0.30402148381437261
  0.31421179697994289  0.32439415940590038  0.33528782798755241  0.34720528320387600
  0.35942516728397089  0.37295536846145116  0.38428380387042882  0.39560881576727180
  0.40762741170109956  0.42071163064957534  0.43406092699208382  0.44855287207436489
  0.46383291994786602  0.48082529385662881  0.50059495683512378  0.51953771959421458
  0.53488508432810000  0.54954739243470507  0.56580416125889998  0.58671416352379391
  0.61106357204406925  0.63645211469352392  0.66110849872094735  0.68666473403217743
  0.71449777311118812  0.74262060054403900  0.77058827224703774  0.80226769630335037
  0.83941795148919573  0.88043172979550832  0.92836989547982396  1.00000000000000000
 -0.00396367217275748  0.01049254854306928  0.02276921152053651  0.03341744083286700
  0.04430892646082524  0.05680275575316745  0.06768294025156860  0.07666411288011153
  0.08603016521258341  0.09728035341345367  0.10828540234399137  0.11882003867466824
  0.12882106925027184  0.13807426682193544  0.14880822408386657  0.16001111073386248
  0.17089057337584013  0.18162127160506056  0.19271356049597305  0.20468423999462762
  0.21500640488906944  0.22369823010969098  0.23231129972591805  0.24198705937385939
  0.25329999021289745  0.26519845862997793  0.27999466712151244  0.29566949344252230
  0.30873532908401696  0.31911542576646268  0.32758267254115275  0.33747212580144192
  0.34713125697748165  0.35907503408910851  0.37318339811179063  0.38443069806576641
  0.39435746682840572  0.40467503933588794  0.41077011757859550  0.41703717876220670
  0.42307518807656042  0.43005105225905654  0.43943450021898195  0.44834812395631385
  0.45674298172332084  0.46769850911915722  0.47698142792001752  0.48398066105311599
  0.49106272956845604  0.49841243941525382  0.50497951552052889  0.51119164558228092
  0.52008314113847098  0.53126559731017098  0.54187718263478768  0.55210707741546239
  0.56154441016492385  0.57164649817515911  0.58273392081693032  0.59565645224061048
  0.61075793821448521  0.62576143956673902  0.63862628023145096  0.65046513708856435
  0.66156705308539876  0.67133179888229522  0.68088657176528977  0.69087192546603871
  0.70030451936308291  0.70871076552886436  0.71830994846710550  0.72809549027851261
  0.73788637060401785  0.74803183027953424  0.75873689120700361  0.77023642922968150
  0.78209794992999560  0.79331002661650929  0.80484495336605910  0.81756896190204642
  0.83110746297945370  0.84372966424896867  0.85562437425434301  0.86829293770452409
  0.88134823534418572  0.89392429509506699  0.90557997381124999  0.91740510987627899
  0.92821653867630782  0.93842405652491623  0.94981785627914217  0.96068188620966144
  0.96832657509745179  0.97992954661476228  0.98996865809105250  1.00000000000000000
 -0.00215424757691705  0.00985543867964426  0.02028169456861992  0.03116782021503858
  0.04100626449693770  0.05089758252496028  0.06174295334501977  0.07259209363094682
  0.08367011119738872  0.09596535923553301  0.10799089365389966  0.11918303319444407
  0.12912485603790713  0.13861024571143385  0.14596802070554415  0.15222496103937502
  0.15889170292436905  0.16804963150990349  0.17677822854122385  0.18638066815635981
  0.19603466807501874  0.20555058276659388  0.21725077279048610  0.23178778472392739
  0.24587972717067064  0.25567011377483706  0.26287328257751819  0.26985318101246664
  0.27665317493496389  0.28459294423918885  0.29534928529699517  0.30818148863700523
  0.32067751960149626  0.33178760720566042  0.34284605107352845  0.35287032886230141
  0.36486210403257363  0.37688481080200759  0.38939753023373863  0.40125808863223228
  0.41370628243784852  0.42606207305114191  0.43621872680679746  0.44395783983875242
  0.45140819041253810  0.46113750576874252  0.47019975779869216  0.47973049885814306
  0.49099673058072651  0.50283602852325771  0.51605009762060083  0.52743288345209716
  0.53772465040292661  0.54827331581363647  0.55914590947265186  0.57024043340737318
  0.58076273296017744  0.59082611917110450  0.60136687795988397  0.61431533869320309
  0.62881101515185567  0.64280971230920170  0.65562113449687631  0.66886597546969240
  0.68125417561354595  0.69233885798527262  0.70263800114241359  0.71255794020930663
  0.72269755855148798  0.73245692813646801  0.74102491779951640  0.74903951925688550
  0.75878937296496496  0.76855445445997539  0.78143943928655502  0.79364827533501192
  0.80535888575888681  0.81682762297379408  0.82751828726863574  0.83673515187072334
  0.84505541571078391  0.85366665062715019  0.86367651541080470  0.87560303289100572
  0.88713949702309502  0.89819825030984091  0.90939878044092515  0.92111447512323652
  0.93337981776771151  0.94658227456472699  0.96015775092007449  0.97056727425931588
  0.97774230681842600  0.98537689361411851  0.99295341126270742  1.00000000000000000
  0.39144344418303390  0.64606634779726801  0.72936757978222688  0.77698838167552553
  0.81006265305681036  0.83599058757875278  0.85601190060257304  0.87204562902548799
  0.88412668624391499  0.89418071354803519  0.90278809475267530  0.91022710784788308
  0.91659498938287320  0.92173716738392819  0.92654401668542019  0.93117410511950072
  0.93563275626471654  0.93961442560631492  0.94310644894939588  0.94632154473627772
  0.94948472130443118  0.95256359180739714  0.95547321292569876  0.95805293759829713
  0.96006965596481264  0.96189981254292789  0.96360544984116847  0.96532403174512404
  0.96699365527709558  0.96865887837772846  0.97017170796529095  0.97156168359599648
  0.97289641556864237  0.97424559948044687  0.97558555775534817  0.97690903049857525
  0.97819271431838961  0.97938316925957936  0.98050481354427033  0.98154749293160160
  0.98249546632103046  0.98333183002703128  0.98405974876200741  0.98472100526473660
  0.98534488975253209  0.98592888502585063  0.98651608042490946  0.98708449300828593
  0.98763268574931340  0.98816038311902754  0.98864582611923058  0.98908941486749047
  0.98950719048149638  0.98994172534476521  0.99038958502109242  0.99086263861378787
  0.99131961144003600  0.99173469094175060  0.99211590532126470  0.99246464268485080
  0.99279881378147472  0.99313511975429758  0.99348782269856339  0.99381764626207969
  0.99411895227817904  0.99440796270939502  0.99468761027524244  0.99495282308967858
  0.99522336502927899  0.99548732670914564  0.99572214129786329  0.99594689335432085
  0.99617079357924165  0.99639966659494428  0.99664058913000075  0.99689380434021868
  0.99713517263643281  0.99736092080739469  0.99756654021814395  0.99775092619318595
  0.99792467735234924  0.99809034072108727  0.99827346772844483  0.99846841431827249
  0.99867042255432270  0.99886269339411971  0.99895150437383429  0.99904663142211636
  0.99914518552806608  0.99924525603774927  0.99934622691532915  0.99944266513840641
  0.99954406990878297  0.99965059982778337  0.99978305601925610  1.00000000000000000
 -0.01370553240007968  0.09127057138375363  0.12692082266999147  0.15180593155728653
  0.17164968052963187  0.18611416164638794  0.19875210804830079  0.21039248021195267
  0.22176991120111716  0.23414567127190766  0.24812681591669949  0.25939623421628688
  0.26921375224884908  0.27690528910141621  0.28429642455777093  0.29183444718916113
  0.30019601436778715  0.30862902670525433  0.31650934247579510  0.32411753965443785
  0.33133635368438907  0.33900008952439725  0.34705473775276130  0.35494875176250840
  0.36104757800924503  0.36499994997756324  0.36899807393029493  0.37308126394454449
  0.37719368080801979  0.38145444794921790  0.38648794172806961  0.39146585195360195
  0.39642902469423386  0.40222887959434500  0.40854809764824113  0.41531491768525591
  0.42163176579559764  0.42692806775082814  0.43277187432028280  0.43830124735827480
  0.44416446944291876  0.45072725234940231  0.45762485173400341  0.46444214827914870
  0.47095373064965740  0.47693642617391757  0.48275943682883804  0.48971381057630092
  0.49660451088794344  0.50323391045812926  0.51003095805568677  0.51715085518729087
  0.52344712162306573  0.52896930109976481  0.53431173452885972  0.54025082718210915
  0.54673019574196469  0.55336552514315951  0.56030702780123542  0.56748296928252662
  0.57485689549045416  0.58239678181267562  0.59068868430943733  0.59816236441745563
  0.60497429766831345  0.61150593635757133  0.61779875891384306  0.62461113998850226
  0.63160339590626779  0.63863391287861815  0.64500654172161465  0.65106647156027331
  0.65621120498354857  0.66400915028056307  0.67298418231402235  0.68208974848882553
  0.69041791369453365  0.69770067957746151  0.70459232037222930  0.71225030905870879
  0.72151929974688866  0.73239450237500281  0.74400333298165267  0.75585664202110669
  0.76836027353228453  0.78034182265204088  0.79225337854532329  0.80695664027746861
  0.81926639050261618  0.82668638547483120  0.83809834025275498  0.85262323298308629
  0.88639479562044587  0.91816408511740744  0.94628077385283527  1.00000000000000000
   1.6028273992161814E-010  -1.0000000000000000     
 F F F F F F F F F F F F T T T T F F F F F F F F T T T T F F F F F F F F T T T T F F F F F F F F T T T T F F F F F F F F F F F F F F F F F F F F F F F F F F F F F F F F F F F F F F F F F F F F F F F F F F F F F F F F F F F F F F F F F F F F F F F F F F F F
  <DiscreteSampler_grid>
  grouped_processes
  1 # 1 for a reference and 2 for a running grid.
  10 # Attribute 'min_bin_probing_points' of the grid.
  1 # Attribute 'grid_mode' of the grid. 1=='default',2=='initialization'
  0.0000000000000000 # Attribute 'small_contrib_threshold' of the grid.
  0.5000000000000000 # Attribute 'damping_power' of the grid.
 # binID   n_entries weight   weight_sqr   abs_weight
    10   10   1.923450624728724E-002   3.375862967523353E-003   1.923450624728724E-002
    16   10   1.923450624728724E-002   3.375862967523352E-003   1.923450624728724E-002
  </DiscreteSampler_grid>
