  0.00000277260084602  0.00000281279936534  0.00000285256507681  0.00000290280045311
  0.00000295845478867  0.00000303460474766  0.00000313488839237  0.00000326229943152
  0.00000340066159956  0.00000354195545630  0.00000366829720923  0.00000375761115397
  0.00000385945361853  0.00000397804576822  0.00000413516870642  0.00000433221862929
  0.00000451311027435  0.00000471503580810  0.00000492817173028  0.00000513812456672
  0.00000535051991426  0.00000557556007490  0.00000583589459442  0.00000613962262287
  0.00000649377345828  0.00000687907007715  0.00000727503843263  0.00000773768823441
  0.00000822657092397  0.00000882494340376  0.00000948304125937  0.00001016227793649
  0.00001081891603004  0.00001130574447964  0.00001177653131230  0.00001228172387839
  0.00001286830608463  0.00001354961203871  0.00001422617071267  0.00001489017598535
  0.00001554423528389  0.00001624419976839  0.00001724723103107  0.00001879310956037
  0.00002073484605421  0.00002281938514403  0.00002513583622532  0.00002784714964206
  0.00003087594484918  0.00003433843139573  0.00003766395601520  0.00004117643111721
  0.00004510063355344  0.00004972944950262  0.00005506447785678  0.00006102619235005
  0.00006781004390709  0.00007423347951810  0.00008154787802111  0.00008909030720020
  0.00009727257004278  0.00010745486599655  0.00011940951084521  0.00013144305349893
  0.00014365364634150  0.00015809326306500  0.00017627256182026  0.00019748963431528
  0.00022024672050193  0.00024628848193644  0.00027535974547194  0.00031120584340200
  0.00034899917607520  0.00038327005035459  0.00041904225133513  0.00046006536959931
  0.00051128509827017  0.00057279013171464  0.00065323090865269  0.00073319476885937
  0.00080696279709467  0.00089557433862631  0.00099958027931486  0.00110641140486660
  0.00126140928504723  0.00144041817489865  0.00156498708202003  0.00178619391422402
  0.00250407655506829  0.00348115447584503  0.00460164337858155  0.00566956438091355
  0.00630756071228019  0.00698901543468897  0.03679734496489975  1.00000000000000000
  0.00000146278244217  0.00000169346737046  0.00000191026170637  0.00000216158801294
  0.00000242562630452  0.00000268884795811  0.00000310861938370  0.00000374799344031
  0.00000428662408320  0.00000474740864636  0.00000517133157916  0.00000574722594798
  0.00000640642201871  0.00000710022292322  0.00000784344298165  0.00000861771904361
  0.00000945292293967  0.00001043183080493  0.00001146053100191  0.00001261476750897
  0.00001388840744333  0.00001522412819908  0.00001656468412578  0.00001805892254278
  0.00001966033081419  0.00002136866724221  0.00002313648962936  0.00002479464908493
  0.00002637562449029  0.00002809482220843  0.00003000872798815  0.00003212988223830
  0.00003447934453524  0.00003711582440644  0.00003983248227307  0.00004260040379149
  0.00004545085177802  0.00004842954112551  0.00005156705084863  0.00005471390176852
  0.00005790196348558  0.00006137538379283  0.00006533701306303  0.00006950940205451
  0.00007394541052579  0.00007867564118484  0.00008343437927813  0.00008843061826760
  0.00009397446541185  0.00009979836573205  0.00010593322872399  0.00011230704949707
  0.00011842649662497  0.00012504517788001  0.00013246212837949  0.00014058158492248
  0.00014926530747908  0.00015854189351646  0.00016866517036522  0.00017921715653078
  0.00019000265636577  0.00020165956403828  0.00021455609897396  0.00022710497796321
  0.00023882154088703  0.00025030562435237  0.00026190929702606  0.00027454012305726
  0.00029011885878886  0.00030869704017766  0.00033059377418162  0.00034506332530796
  0.00036176072379990  0.00037852650804933  0.00039332287450192  0.00040746194521994
  0.00042473074138500  0.00044425142619564  0.00046391227459376  0.00048364720114012
  0.00050189536882167  0.00052295563551773  0.00054425856436309  0.00059612834585180
  0.00065813745131221  0.00072699401907434  0.00080856946983129  0.00092165254424582
  0.00107600634548410  0.00125972245740284  0.00144090768147060  0.00165320948081572
  0.00199315486309044  0.00247842411922529  0.00291446862885986  1.00000000000000000
  0.00000068945349871  0.00000089844955465  0.00000101042904262  0.00000110163057214
  0.00000119743990018  0.00000130370717233  0.00000142115496330  0.00000155738519683
  0.00000166761944443  0.00000177388724077  0.00000187322087632  0.00000196570898421
  0.00000207546548197  0.00000218678227456  0.00000230996160679  0.00000243394159919
  0.00000257861992841  0.00000273383732591  0.00000289661684622  0.00000306709199845
  0.00000325031990191  0.00000345442113706  0.00000366467446303  0.00000387288373446
  0.00000410579392325  0.00000437457803311  0.00000466856588068  0.00000495378160728
  0.00000522636392242  0.00000557481106750  0.00000594277571907  0.00000636033252755
  0.00000688211941003  0.00000739817436980  0.00000795950085802  0.00000846605953454
  0.00000898670865110  0.00000950743104955  0.00000998335427876  0.00001044858460708
  0.00001093501169642  0.00001148989063332  0.00001212982469119  0.00001288305993963
  0.00001371983189574  0.00001465439844961  0.00001564345888207  0.00001671554047732
  0.00001783003258489  0.00001903318986012  0.00002043223585504  0.00002200510845067
  0.00002376103489680  0.00002568262875693  0.00002756072875645  0.00002875267184057
  0.00002961119992388  0.00003043818956599  0.00003143444524063  0.00003260429852594
  0.00003398953741219  0.00003528483471640  0.00003660914078485  0.00003807532242239
  0.00003974802450517  0.00004150968229008  0.00004324974678701  0.00004515819607527
  0.00004742962600858  0.00004979871468985  0.00005223691802725  0.00005449615805634
  0.00005691963872252  0.00005976682303731  0.00006251450958510  0.00006545089587487
  0.00006860717154699  0.00007215236871501  0.00007634310509277  0.00008097437273307
  0.00008549772109773  0.00009002709933192  0.00009486893891922  0.00010021069840830
  0.00010653162269852  0.00011420639293073  0.00012317817714707  0.00013503665158876
  0.00014998852925632  0.00017185190868310  0.00020654119480155  0.00026164262743739
  0.00034184824830044  0.00047635996999875  0.00061878502100356  1.00000000000000000
 -0.00280108168075914  0.01178147184708224  0.02228876233521428  0.03242044089139030
  0.04298845244125100  0.05345806566949173  0.06449145050876975  0.07623394681295791
  0.08853706819837151  0.10134476809073174  0.11201929823482555  0.12150788371176829
  0.13065837366232433  0.13980343038512974  0.15006971252999418  0.15935644672999730
  0.16878678766576943  0.17913228405319509  0.19126215182208622  0.20284555177089295
  0.21336479141333586  0.22350904653068659  0.23399203169077645  0.24574156140803660
  0.25850041475866697  0.27098908684263795  0.28255650180298297  0.29370749385469452
  0.30456043093797741  0.31516617643524403  0.32570502727957906  0.33631902866199309
  0.34703935306833372  0.35860131273718288  0.37100638733790986  0.38494323473417291
  0.39776786805729514  0.40971505012617965  0.42021240095500983  0.43195845700631169
  0.44488735959894388  0.45874044177110490  0.46642768308674543  0.47278474516101121
  0.47874670721210649  0.48472760471701343  0.49120314470208931  0.49829869568765439
  0.50567990035589105  0.51286094028207518  0.51792690677861075  0.52488399298321375
  0.53423955748338092  0.54488353179775884  0.55561437070376396  0.56708236474782292
  0.57777764912426643  0.58799394277732409  0.59845413963290817  0.60788514926469561
  0.61855099843031747  0.62938622891812324  0.63984657023469049  0.64976870123075714
  0.65933073433215361  0.66806688252241331  0.67701891104742673  0.68699415372412975
  0.69768573677548129  0.70927056242181563  0.72115473946290387  0.73263722097652340
  0.74418594123418491  0.75644115999560591  0.76880701789645423  0.78143220684121317
  0.79386032531323281  0.80463141465225885  0.81319538755981036  0.82154159126165505
  0.83031908501974216  0.84008086233128254  0.85062057359479082  0.86153895769691302
  0.87165829330187494  0.88160136082704099  0.89214738058408649  0.90412268894250569
  0.91635204556414540  0.92824729860224897  0.94034188167728383  0.95223178912867112
  0.96284375677664369  0.97405444079030423  0.98605071308482195  1.00000000000000000
  0.00008892928115757  0.00014376608127613  0.00018613489749683  0.00022285105861323
  0.00025735722494643  0.00029018228937635  0.00032091434606024  0.00035269541690775
  0.00038481225573742  0.00041722231545076  0.00044968207508652  0.00048220273372676
  0.00051561141143387  0.00054930006703441  0.00058304748590486  0.00061637412821524
  0.00065044511786452  0.00068441380305698  0.00071857758376124  0.00075758000599503
  0.00079771636230263  0.00083941097973198  0.00088332084780387  0.00092771844331810
  0.00097197125805031  0.00101450396037569  0.00105539984783986  0.00109675738097635
  0.00113818001182116  0.00117977163744928  0.00122361464805906  0.00127678056872757
  0.00133138090221300  0.00138212917677242  0.00142819286645035  0.00147365155953438
  0.00151899273200496  0.00156675259448287  0.00161522878220373  0.00166484549562949
  0.00171309288700012  0.00176366559182199  0.00181341856485743  0.00186553188014006
  0.00192175926745572  0.00198387046511415  0.00205224828285984  0.00211617763088444
  0.00218081871386307  0.00226368441008535  0.00235509136567950  0.00245032240860928
  0.00255346129258205  0.00266663899504535  0.00278930399276300  0.00289188756210483
  0.00296879879568761  0.00305553283170037  0.00313993607772342  0.00320480608746317
  0.00326852925540342  0.00333580015292415  0.00341862681814935  0.00352732479167275
  0.00363518725620392  0.00374195199522566  0.00384564602460425  0.00395065596423210
  0.00405564028768552  0.00416710724025441  0.00430717869835454  0.00447033075174817
  0.00463226523604410  0.00481326953218918  0.00500288763714975  0.00520455789501383
  0.00536633514949785  0.00555162099288774  0.00585526884496922  0.00609528693242080
  0.00626830098529271  0.00642698313119169  0.00661002424134141  0.00688498841946564
  0.00732980252122318  0.00767985480485502  0.00798858221456884  0.00812098064095554
  0.00828558487644725  0.00841986688971350  0.00879328954018518  0.00966728803876027
  0.01054899624948115  0.01108855778851963  0.01115970863974828  1.00000000000000000
 -0.00307748165121392  0.01143373596435174  0.02335681006215889  0.03342180928296479
  0.04312906361463025  0.05300192719397256  0.06184493282464407  0.07106205445666897
  0.08081601468978794  0.09060019972956275  0.10016240907166654  0.11023895652551030
  0.12038085135024602  0.13050490005579457  0.14067399526754654  0.15098429000180436
  0.16143160123796682  0.17172029928533461  0.18364610313763086  0.19435786184546655
  0.20645646469525131  0.21701810555286902  0.22778347198422061  0.23779153720461488
  0.24778350541476116  0.25806713280202076  0.26829717894752164  0.27847882766150661
  0.28835094257123733  0.29807052072291434  0.30768570776267412  0.31716233699836760
  0.32688528457151972  0.33777045680577983  0.34990593690319022  0.36408594000299227
  0.37939086772309483  0.39274201901498029  0.40464127090489149  0.41743962929231437
  0.43037512901513092  0.44357026414517420  0.45677708673531986  0.46879457972231470
  0.47820307389755223  0.48433486798362912  0.49039468574309542  0.49883723936688418
  0.50562376647503271  0.51291589734864418  0.52014465556489076  0.52796969416570694
  0.53713879529886310  0.54899974695520204  0.56146146475883618  0.57530460888049806
  0.58908607835210303  0.60350219615176515  0.61587634886871689  0.62891877899002868
  0.64094379998223017  0.65185340043151518  0.66246870670513203  0.67385376825281684
  0.68535304500758909  0.69551663072471370  0.70585356301871194  0.71740212879972376
  0.72964762802092320  0.74181612481297798  0.75243962791388452  0.76214551399274155
  0.77090924739213906  0.77894554158491325  0.78727429688357164  0.79557278969072320
  0.80394708384406710  0.81219937270877018  0.82021467455824082  0.82907173322476779
  0.83893976282535954  0.84917051515765130  0.85920195166299007  0.86892629494691132
  0.87824821031001632  0.88719565892623420  0.89606282077947574  0.90508308544738447
  0.91492357967419691  0.92660897205571713  0.94026095969680423  0.95415197593728429
  0.96669356743332502  0.97858404144153377  0.98981996606763256  1.00000000000000000
  0.00005281871978419  0.00008551856178580  0.00008566724259121  0.00008582261024594
  0.00008598173107651  0.00008613884208221  0.00008629707341866  0.00008645960373271
  0.00008661613106432  0.00008676364732560  0.00008690511834538  0.00008704939459223
  0.00008719815384333  0.00008734490896596  0.00008748120835346  0.00008760753439613
  0.00008773367334131  0.00008786163897901  0.00008800012099560  0.00008813906317037
  0.00008827896476946  0.00008842069664113  0.00008856231060812  0.00008870127604996
  0.00008883819388004  0.00008897287899539  0.00008910387910044  0.00008923541703034
  0.00008936673395843  0.00008952074976856  0.00008967223065883  0.00008981859521907
  0.00008996578681506  0.00009011161042960  0.00009026182258495  0.00009041433426761
  0.00009056506803733  0.00009072076749480  0.00009088425408870  0.00009104666976050
  0.00009120301976892  0.00009135667925551  0.00009151365230815  0.00009167625150118
  0.00009183670777505  0.00009199437682867  0.00009215020152161  0.00009230433418008
  0.00009245719280395  0.00009261759683804  0.00009278089898678  0.00009294700742978
  0.00009311876606688  0.00009328520749474  0.00009345941479475  0.00009362930641249
  0.00009379812154983  0.00009396678510024  0.00009413724923194  0.00009431291413766
  0.00009449511667098  0.00009467720776343  0.00009485946160719  0.00009504690654900
  0.00009521977321209  0.00009538404681959  0.00009554775416261  0.00009570841544101
  0.00009588746849237  0.00009607430961715  0.00009626032991330  0.00009644448104873
  0.00009662892760028  0.00009681492745277  0.00009699987824821  0.00009717613901430
  0.00009734812112009  0.00009752518601730  0.00009769321724383  0.00009785966320730
  0.00009802118971223  0.00009818384251222  0.00009835180248442  0.00009852255948087
  0.00009869897755787  0.00009887216639336  0.00009904730358393  0.00009923315192215
  0.00009942366596065  0.00009962030405535  0.00009977256417100  0.00009988623552140
  0.00009999105331608  0.00009999870729128  0.00009999870763694  1.00000000000000000
 -0.00079375640558730  0.00362354626121644  0.00749045944726091  0.01144711542819029
  0.01545598570229042  0.01947219531395317  0.02376486955745753  0.02877142659903425
  0.03453458206623895  0.04010644286518696  0.04479637029600017  0.04915890169218782
  0.05370444365698766  0.05830343779018673  0.06313036153116537  0.06902944064552045
  0.07530132887641933  0.08179618610223077  0.08857450302980664  0.09678050941935105
  0.10511797281059014  0.11276506254896719  0.11952747696771092  0.12630457827934147
  0.13339788327208210  0.14212653884262097  0.15186460707945851  0.16174562984812088
  0.17189562367883626  0.18266292044970581  0.19281061555251627  0.20350210862331944
  0.21521685599734477  0.22776714439803467  0.24147200493443910  0.25505277499509138
  0.26946045172384137  0.28314215329960812  0.29669235449383558  0.31093602311115243
  0.32520567215275759  0.33960604876581496  0.35415867991826178  0.36825731938005818
  0.38237120450961176  0.39800567049691499  0.41644429928528964  0.43955787508123217
  0.46355024070056378  0.48734248007578290  0.51128736532521935  0.53452642538072392
  0.55587172524296313  0.57586518345648530  0.59605166481690797  0.61370362054721972
  0.62961114493246317  0.64722735953791810  0.66371501054669091  0.68020267394925960
  0.69658858752458086  0.71168811977535873  0.72564716310905419  0.73833977224308445
  0.74973122709681428  0.76120573227356481  0.77270553678000498  0.78534920518077722
  0.79764279759998802  0.80849935146899921  0.81830868720941974  0.82761017142163085
  0.83655262858043922  0.84531883061382918  0.85441488662235043  0.86357273633337905
  0.87205497035621349  0.87963553192934518  0.88572134627445376  0.89128500646796394
  0.89712179742963005  0.90358025411270360  0.91043044876109180  0.91675298591143350
  0.92199705692977252  0.92678912109005385  0.93193485383996899  0.93768203678598416
  0.94545305948731329  0.95456664151825166  0.96386515842608522  0.97148112372423590
  0.97855792101745864  0.98553080422642403  0.99261324461041978  1.00000000000000000
  0.42392926601822190  0.52345079835400121  0.58811624302621590  0.60358111299808392
  0.62719118868161028  0.65393631136747099  0.67873977232826688  0.70125222833908429
  0.72467844218281874  0.74623470034700445  0.76319686682217835  0.77787297523097021
  0.79152384822674116  0.80481078106504100  0.81822994444444375  0.82956657903481512
  0.83942899054378017  0.84773445469150310  0.85537386048935782  0.86315360791448514
  0.87028389302143816  0.87693177416455992  0.88316729396380222  0.88903036762246157
  0.89456690146388662  0.89952374349205388  0.90399433553816633  0.90828759767796130
  0.91254141050248161  0.91676799224221461  0.92079822171655601  0.92441859962135975
  0.92762006439803935  0.93052909322728639  0.93327225518618784  0.93601523922860763
  0.93852052700937039  0.94095761929888011  0.94362937578404404  0.94634191092458386
  0.94882355474264946  0.95113050646379305  0.95340165040394964  0.95569213348757776
  0.95774283336321897  0.95931447001021719  0.96049120037733426  0.96170572765210638
  0.96307845394116898  0.96453512391135654  0.96585672531975542  0.96702467393824032
  0.96816378336385811  0.96935906198240873  0.97067641269761729  0.97200269951627571
  0.97330446441709717  0.97456870971456278  0.97574812981883940  0.97684519529836744
  0.97774621002067308  0.97846000884979745  0.97909982276131891  0.97981912379928693
  0.98053760685860003  0.98123255184753455  0.98203092651569723  0.98296618479577791
  0.98392619288317440  0.98476126030294353  0.98548224310727073  0.98616398973184660
  0.98685188452367434  0.98743869302561327  0.98798676924488615  0.98851223844182712
  0.98907462106362065  0.98968318395173760  0.99033025210104431  0.99097375526492371
  0.99153207745427274  0.99208163043866893  0.99255716382454007  0.99302734165820350
  0.99347709837107290  0.99390818728285990  0.99433486080183797  0.99481057387205685
  0.99518128709648512  0.99549911614814357  0.99588175183833882  0.99631545442258385
  0.99694808949379266  0.99776357893234902  0.99871950843998436  1.00000000000000000
  0.09595986460296002  0.20359085346264771  0.23850251946813206  0.26161356351328968
  0.27890208012234685  0.29510003607491692  0.30957430739385594  0.31972555510402872
  0.32685187746866223  0.33283192809787809  0.33847251928879418  0.34446384724742252
  0.34981787384806129  0.35525066060829147  0.36214255072364260  0.37015776090341163
  0.37632380232057711  0.38675591491044858  0.39642928620000467  0.40584564636029941
  0.41534155672556206  0.42344435320097357  0.43124401608545737  0.43922184758649341
  0.44688222279264461  0.45407493688605233  0.46224260808346834  0.47043978523262775
  0.47697782051459725  0.48388047974681198  0.49107102604897224  0.49860165556967934
  0.50689877969178132  0.51585964991373801  0.52436204019637456  0.53191905296205078
  0.53907258025099358  0.54526633219432086  0.55188712664735262  0.55852602895880488
  0.56505083918505661  0.57170781232514178  0.57820429348837077  0.58438113934540525
  0.59050804063174855  0.59680019817199248  0.60331274685773961  0.60984328679484079
  0.61615751881641190  0.62164087863802486  0.62632548772952590  0.63076209771698089
  0.63525020001518362  0.64024057933538669  0.64594172953162066  0.65206183080598323
  0.65799768248011536  0.66365053697207599  0.66879338747615724  0.67315931462518408
  0.67787732365860853  0.68245891391831692  0.68730324309526591  0.69211107724261600
  0.69694131233439749  0.70175708841525486  0.70681747932976224  0.71274208382942150
  0.71882290622158518  0.72413222506515951  0.72940943906106137  0.73503624127707567
  0.74080921184812687  0.74671343555563818  0.75308975708086368  0.75928374112104291
  0.76539779755028836  0.77185525664243082  0.77874504979683157  0.78567927000284921
  0.79239027734862144  0.79913116734868839  0.80661133802383467  0.81415715341875894
  0.82137517114655156  0.82855710158109364  0.83569950852290964  0.84314313461334256
  0.85060501375836428  0.85869855288515806  0.86799637167299415  0.87927970454980875
  0.89197580890219086  0.90615356247082046  0.92678075171935370  1.00000000000000000
   2.7397544686653478E-013  -1.0000000000000000     
 F F F F F F F F F F F F T T T T F F F F F F F F T T T T F F F F F F F F T T T T F F F F F F F F T T T T F F F F F F F F F F F F F F F F F F F F F F F F F F F F F F F F F F F F F F F F F F F F F F F F F F F F F F F F F F F F F F F F F F F F F F F F F F F F
  <DiscreteSampler_grid>
  grouped_processes
  1 # 1 for a reference and 2 for a running grid.
  10 # Attribute 'min_bin_probing_points' of the grid.
  1 # Attribute 'grid_mode' of the grid. 1=='default',2=='initialization'
  0.0000000000000000 # Attribute 'small_contrib_threshold' of the grid.
  0.5000000000000000 # Attribute 'damping_power' of the grid.
 # binID   n_entries weight   weight_sqr   abs_weight
    10   10   2.941640232619259E-005   2.029374506838983E-009   2.941640232619259E-005
    16   10   2.941640232619258E-005   2.029374506838982E-009   2.941640232619258E-005
  </DiscreteSampler_grid>
