  0.00000032768314450  0.00000034507062736  0.00000035890636284  0.00000037339282179
  0.00000039143854339  0.00000041436744710  0.00000043653361074  0.00000045854951998
  0.00000048111621384  0.00000050383210263  0.00000052647543458  0.00000054976082434
  0.00000057453058135  0.00000060121289881  0.00000062923353563  0.00000065845594632
  0.00000068785857121  0.00000071653331005  0.00000074545911625  0.00000077560476602
  0.00000080681112108  0.00000084019583038  0.00000087654424958  0.00000091439278457
  0.00000095379693309  0.00000099528640878  0.00000103811588631  0.00000108147964274
  0.00000112617928785  0.00000117604850204  0.00000122850220723  0.00000128349560115
  0.00000134245772068  0.00000140945447963  0.00000148509551351  0.00000156601319531
  0.00000165177272292  0.00000174256273150  0.00000183609964649  0.00000193903222946
  0.00000205318269872  0.00000217694938616  0.00000230387292937  0.00000243719003578
  0.00000258542492422  0.00000273450970162  0.00000291919700628  0.00000311321048827
  0.00000331911758018  0.00000354300962307  0.00000378834573905  0.00000405710313615
  0.00000437402326001  0.00000469210246457  0.00000504296526498  0.00000541164647684
  0.00000579263469937  0.00000620758524308  0.00000665091895016  0.00000714882118526
  0.00000772072444743  0.00000834969582257  0.00000903496694591  0.00000979326266228
  0.00001062807266943  0.00001154833666508  0.00001256402238472  0.00001367399886521
  0.00001492686044562  0.00001634858782759  0.00001799007781998  0.00001986612705367
  0.00002197926383899  0.00002441127060571  0.00002724896514783  0.00003052858974347
  0.00003431995893627  0.00003889775078562  0.00004435124185186  0.00005085854178561
  0.00005911788253528  0.00006980731030685  0.00008334336819730  0.00010124430116494
  0.00012446913091753  0.00015443474607168  0.00019806490310489  0.00026404384248466
  0.00035585929323859  0.00049169215503381  0.00071688148782744  0.00116456123141558
  0.00207239444638318  0.00551482075440604  0.02154645469841823  1.00000000000000000
  0.00000029027210750  0.00000031435127994  0.00000033160715617  0.00000034681308436
  0.00000036153006500  0.00000037767691306  0.00000039336726494  0.00000041175725393
  0.00000043040296296  0.00000044955491126  0.00000047004926053  0.00000049256279913
  0.00000051645928173  0.00000054085053554  0.00000056520555355  0.00000058973737250
  0.00000061641562230  0.00000064575759007  0.00000067700546811  0.00000070911722612
  0.00000074214323209  0.00000077677180371  0.00000081256493349  0.00000084959124238
  0.00000088929666239  0.00000093165432534  0.00000097696176124  0.00000102470045012
  0.00000107377032810  0.00000112693861824  0.00000118587152543  0.00000124704420233
  0.00000131130640849  0.00000138441912393  0.00000146999818792  0.00000156228342232
  0.00000166204033129  0.00000176962441138  0.00000188559279550  0.00000200792964084
  0.00000213665980202  0.00000227295028936  0.00000241891728594  0.00000258030880726
  0.00000275178340849  0.00000293176962435  0.00000312461837836  0.00000333042842986
  0.00000356567242996  0.00000381597232347  0.00000408859777936  0.00000438545632691
  0.00000470613046032  0.00000506859153732  0.00000547194175785  0.00000591675713215
  0.00000639778059596  0.00000690382279230  0.00000744547838237  0.00000801432422163
  0.00000863529077540  0.00000930581435028  0.00001004304965406  0.00001086696338850
  0.00001178626799676  0.00001282760438211  0.00001397541114573  0.00001523500196318
  0.00001657716762713  0.00001812939486988  0.00001991161596403  0.00002194021772018
  0.00002415611509124  0.00002673124246894  0.00002967969494311  0.00003310874523340
  0.00003726242262198  0.00004219547334649  0.00004801708493502  0.00005495344683552
  0.00006325805167948  0.00007373007192214  0.00008665434085658  0.00010325897316287
  0.00012417214779104  0.00015242851798604  0.00019137737766601  0.00024431264252252
  0.00032589478420890  0.00045675477870663  0.00069305398665688  0.00114277155455080
  0.00220464654610641  0.00471789602800581  0.04631367265830943  1.00000000000000000
  0.00000087436772500  0.00000181710241254  0.00000253113475085  0.00000335119851786
  0.00000418035921611  0.00000495152136492  0.00000564170355795  0.00000624233583094
  0.00000681638548782  0.00000737751149149  0.00000790686301319  0.00000844892574236
  0.00000900145926883  0.00000955790098235  0.00001011338758175  0.00001067468495746
  0.00001125892747870  0.00001187313641876  0.00001252607958031  0.00001321940668695
  0.00001395711968932  0.00001477125544160  0.00001566645258519  0.00001664667069999
  0.00001774120183202  0.00001888649996130  0.00002008733911266  0.00002136296358045
  0.00002278931096106  0.00002439409684926  0.00002617056900900  0.00002816490724336
  0.00003042101292403  0.00003299081434761  0.00003582886806414  0.00003893586284248
  0.00004240054406378  0.00004631030756581  0.00005080965052614  0.00005602111205702
  0.00006184320709828  0.00006831039250014  0.00007557484877518  0.00008380155534647
  0.00009364288020193  0.00010550842662648  0.00011916115221235  0.00013590322118861
  0.00015566648357812  0.00017806617089146  0.00020276001845153  0.00023070350510087
  0.00026250357268766  0.00029674167964236  0.00033309639496007  0.00037059378738127
  0.00041279771930444  0.00045748667688050  0.00050424611890538  0.00055270182160656
  0.00060223351547421  0.00065228981189305  0.00070233237289437  0.00075420975956259
  0.00081046565656352  0.00087399401306697  0.00094136098859921  0.00100754721614499
  0.00107202479136036  0.00114179866669382  0.00121636696344866  0.00128988266098620
  0.00136581310641276  0.00144457736271578  0.00152781499270595  0.00162188813898912
  0.00171863972049973  0.00181928082134129  0.00192590390821715  0.00203286717946346
  0.00214783815572601  0.00226395489670801  0.00237086881792738  0.00245953844689739
  0.00258807991415939  0.00273441119142858  0.00290521740924500  0.00307891337674814
  0.00324324180399861  0.00339276851158879  0.00346695070000158  0.00354113288841437
  0.00685712424112002  0.01126069160992769  0.01583756402130569  1.00000000000000000
 -0.00323848528294809  0.01358263529420667  0.02715963849142843  0.03998572605791825
  0.05194823415220699  0.06310416205384636  0.07391681426040600  0.08518530168519398
  0.09700546158596868  0.10864816716034645  0.12053477623659982  0.13248581348057317
  0.14403788667241063  0.15473374590350120  0.16463081699065094  0.17458785257759135
  0.18503869844040205  0.19588536692791533  0.20666871351662913  0.21774278647547363
  0.22918100100370598  0.24092325582443297  0.25246034091086739  0.26356018139589837
  0.27432306238302828  0.28460287404086398  0.29500586085538311  0.30523409300830201
  0.31557221450629352  0.32647130388444329  0.33806051570016316  0.35029881632291548
  0.36254617278560430  0.37452238758536616  0.38625091710139958  0.39721944901770845
  0.40780083553109286  0.41832680697434876  0.42876336626649236  0.43931222123686869
  0.44984600276057474  0.46050504762150957  0.47068104231190372  0.48065450086450634
  0.49091127986813277  0.50168365084589328  0.51271779733906941  0.52348885729821970
  0.53383674042177320  0.54398479405455435  0.55391594220300466  0.56381311625227271
  0.57400056594298809  0.58459442485454760  0.59600286301157002  0.60718043496679464
  0.61792822711680107  0.62848247512425015  0.63898193186634877  0.64953032065909855
  0.66000722007592083  0.67036843690657222  0.68079690951642169  0.69123222554467700
  0.70171647818652461  0.71239376321356784  0.72333031811082726  0.73454125679885518
  0.74575495716476981  0.75685519114370103  0.76750920690912583  0.77772860196508842
  0.78770083699924187  0.79761520317912049  0.80766531352037874  0.81780636377921745
  0.82801838855562426  0.83822518955776071  0.84832320323307508  0.85836307985603821
  0.86807940534022021  0.87739782520408405  0.88649771703146329  0.89563780362200651
  0.90495831263099602  0.91425563650555053  0.92350258812308283  0.93272602379033887
  0.94175835365631655  0.95071585050627316  0.95957848396033418  0.96823175030282838
  0.97646692151743431  0.98435123051589035  0.99215351687495290  1.00000000000000000
 -0.00225509548134797  0.00868721951702360  0.01846427529088418  0.02890355529515854
  0.03985321120590348  0.05022828732113319  0.06072488072875480  0.07057651884449495
  0.08051586438808388  0.09049823503209137  0.10041675884872753  0.11079100139875554
  0.12127735892579519  0.13198831690000973  0.14270137067213154  0.15328493823185257
  0.16367474229512127  0.17428286681979333  0.18486290477224343  0.19543930662777514
  0.20578754754610956  0.21640978327998228  0.22729134195863737  0.23818849984392931
  0.24871802323413100  0.25912319940517708  0.26946036615548263  0.28026166411667330
  0.29095242052255654  0.30189060990151306  0.31304847595282359  0.32490160092220782
  0.33643626783492259  0.34737855133938078  0.35798096244323996  0.36873817423980509
  0.37927829624290438  0.38953725603209660  0.39993151543241084  0.41044394210570578
  0.42104295149651955  0.43166171346962084  0.44250518023657526  0.45346680661259425
  0.46443996408193017  0.47531399761713450  0.48568119769474161  0.49579738615099112
  0.50572539334286504  0.51552086666578412  0.52521825148456058  0.53492439016818127
  0.54522601220352562  0.55586736152982597  0.56641379215989773  0.57668986652411203
  0.58711092125664210  0.59770311372601714  0.60820879669466898  0.61868566729475893
  0.62922280190799573  0.63956019544025255  0.64961058170476282  0.65963811135263417
  0.66980911064321857  0.68021296203939641  0.69073208779998141  0.70135114647782748
  0.71213725174204257  0.72317990379541197  0.73442386120532233  0.74569699854662586
  0.75697358180945618  0.76792096162983947  0.77849690005708205  0.78874979715612714
  0.79899552988240152  0.80958305315982027  0.82025897835789641  0.83029573828287551
  0.83994217807042459  0.84956027514963239  0.86002673912670180  0.87091993129421230
  0.88222254382443344  0.89356566618661137  0.90406817306626530  0.91477785673583323
  0.92552974767483109  0.93665855477934146  0.94717873597073943  0.95762081801756493
  0.96800958680783245  0.97866582827762305  0.98924200177353172  1.00000000000000000
 -0.00200834835856981  0.00704233252336778  0.01504375684893796  0.02272964768571371
  0.03070528470196596  0.03891222523684482  0.04729017395560847  0.05594527042278918
  0.06489154331372951  0.07394828543272548  0.08301600059130909  0.09211575950770143
  0.10144095111621280  0.11111548043536167  0.12106354362006318  0.13110990363736469
  0.14089767928939487  0.15067038513248313  0.16034861242312234  0.17022861029494268
  0.18003688725044401  0.18988443522394907  0.19965636471144238  0.20953012663048129
  0.21945480910001458  0.22945134139562923  0.23993998827858004  0.25064167924381431
  0.26191727947736693  0.27272632375508765  0.28303035030292129  0.29268150434163459
  0.30221731349971093  0.31180643663489582  0.32154861646098826  0.33152091779711951
  0.34174543198877655  0.35237750423479208  0.36329422789276161  0.37432736221152535
  0.38518219940133569  0.39571786861178970  0.40609425953070311  0.41647204912872771
  0.42693537900252476  0.43750735998007034  0.44800726169416788  0.45840881305095749
  0.46876767224532290  0.47920960306172489  0.48988299608023861  0.50054633000487880
  0.51084652554378962  0.52104768046906447  0.53109881468648601  0.54110198823608424
  0.55131022256740270  0.56174305665395619  0.57203411629170142  0.58195660083595546
  0.59195694706462665  0.60258722575100698  0.61361548011176092  0.62451749141383495
  0.63500121767764228  0.64543737573630033  0.65613032706210794  0.66681171486522683
  0.67719419242526790  0.68745734471706832  0.69841008349813161  0.70986700965892613
  0.72123772667167307  0.73239881108833693  0.74362710821054012  0.75470879141864988
  0.76571445463688892  0.77693874304394583  0.78818860094335397  0.79926150290394804
  0.81056833389059113  0.82275172492437076  0.83467749915490974  0.84583460224860540
  0.85675701459826181  0.86816123087306474  0.87969625674097529  0.89081525062507083
  0.90253001806758038  0.91500511285312225  0.92792086219967240  0.94038021166246966
  0.95255382559187962  0.96602035083643212  0.98157216788798818  1.00000000000000000
 -0.00256016883284709  0.00951494349147091  0.01950324106032167  0.02968019747038065
  0.04040203560481435  0.05151273384129769  0.06276558516762787  0.07364959875401367
  0.08420654238631141  0.09451293897935922  0.10475849968480695  0.11526751736096415
  0.12599343242605326  0.13694344121461222  0.14775687479251204  0.15860981982932287
  0.16927956581649484  0.17968835817685494  0.19004004758304269  0.20059772655631630
  0.21134539300448824  0.22213207859542494  0.23286444698558750  0.24330707827969325
  0.25392008077709377  0.26476662949870949  0.27566494758181548  0.28613741604342829
  0.29646987341916020  0.30669541989721943  0.31694530728633408  0.32684052398185592
  0.33682492358834681  0.34707369195044180  0.35766234854740014  0.36829128179116621
  0.37866766191268980  0.38869216646100763  0.39892538339627065  0.40915401028588205
  0.41939902475413959  0.42997370906163279  0.44025200156579569  0.45071332195563640
  0.46111044792003680  0.47180945446982775  0.48273180118017062  0.49334780356476016
  0.50384074652622779  0.51393023672517801  0.52406466942361041  0.53429852704319158
  0.54424901992535912  0.55422362203769682  0.56441516570629480  0.57496043237482730
  0.58524773876176817  0.59508463069167972  0.60498233085040898  0.61549875547120003
  0.62622399293330078  0.63643277737170190  0.64663892101905995  0.65701887332435815
  0.66734260792614519  0.67759175375387404  0.68820292462173183  0.69947674023081030
  0.71078215426977442  0.72181538387137822  0.73277436811538521  0.74355304943844958
  0.75432868106634254  0.76501114373193746  0.77560096244124777  0.78620983797002653
  0.79669446025105417  0.80694563834994504  0.81704102906839171  0.82709335510350368
  0.83721561208054740  0.84774788696549008  0.85849471134736510  0.86923539738838174
  0.88019890671042811  0.89090431564533534  0.90169373302754807  0.91230084738789652
  0.92296835252155152  0.93357921462946303  0.94393568758948765  0.95467564075573053
  0.96561278524370442  0.97739825433551919  0.98872118293643019  1.00000000000000000
 -0.00240291414551206  0.00879960479293485  0.01861059335630821  0.02860221991662540
  0.03874557281317853  0.04935359401893585  0.05979205063859436  0.07047444635919947
  0.08086960211452836  0.09130065399855727  0.10129171529033169  0.11182844358760835
  0.12262658555406451  0.13343208457908604  0.14408361444315507  0.15437340253072787
  0.16447999868340088  0.17448179492837163  0.18452344935161610  0.19458877792145238
  0.20452264620278623  0.21518631056179716  0.22627136213564777  0.23744725047899540
  0.24869010116915755  0.26009455172859863  0.27133714299005501  0.28205059208829458
  0.29239300837888327  0.30256721211704635  0.31284056108279334  0.32294586187812119
  0.33320978313461536  0.34383561786764844  0.35474192463858123  0.36624933872187321
  0.37779125723301532  0.38942621507124719  0.40056791052563834  0.41171887056457074
  0.42191808017923360  0.43131430283278643  0.44048911114932493  0.44996785420151075
  0.45983394491052371  0.46977332923923792  0.48030593154621976  0.49115908814547871
  0.50215678595067403  0.51273523476267879  0.52315230441481975  0.53318433741595461
  0.54321001699754179  0.55371590521174541  0.56464490075020413  0.57553259606676666
  0.58625406034277316  0.59710820685006138  0.60760143539015543  0.61768017254938556
  0.62745511057158110  0.63754761547247762  0.64796188109197805  0.65853725478223357
  0.66908913593532304  0.68066432191597814  0.69153217686111823  0.70208761956945342
  0.71253100615553799  0.72274735186164918  0.73279849681614506  0.74221830704446001
  0.75182897073335153  0.76185457293024095  0.77211624223135866  0.78249426302754399
  0.79321779844286489  0.80411253104311831  0.81522689549005012  0.82620371688212135
  0.83699817662031140  0.84785757766617087  0.85916549461484248  0.87083472074747792
  0.88217154761777461  0.89282277162970025  0.90360179787156369  0.91449793171331994
  0.92532392792043971  0.93549937182488285  0.94599526646796983  0.95685165483323587
  0.96803125660364597  0.97921236881204665  0.98968714121371859  1.00000000000000000
  0.43256013943587240  0.45133003779339509  0.46602851592052252  0.48184733489907672
  0.49764547648596785  0.51200932219875339  0.52632656472264960  0.54034743320354273
  0.55300252066717048  0.56555924896149579  0.57777268779940238  0.58973521388942785
  0.60173216999938306  0.61383451821376422  0.62528617199855063  0.63593263530132704
  0.64660542969279922  0.65758954176349504  0.66808505985868860  0.67800751623718936
  0.68768392068448847  0.69719547700541684  0.70643243930655475  0.71526175671052761
  0.72379911404103214  0.73211751044348117  0.74024870639082030  0.74823900887358774
  0.75603800949391375  0.76364840817354351  0.77103911662812685  0.77821749736110490
  0.78526645003744067  0.79215883948118815  0.79887027957603773  0.80544273600701344
  0.81200443968910008  0.81855758938588796  0.82493461497430021  0.83106498810286178
  0.83693257866306414  0.84268091113522015  0.84832411572812716  0.85383279156789338
  0.85909278080691565  0.86420950813533381  0.86913295868091156  0.87399335636089304
  0.87868182884052104  0.88327238144874032  0.88776994735165837  0.89214122063209755
  0.89639154698568202  0.90052997777345201  0.90453422975894360  0.90845720604410418
  0.91234032216076144  0.91616416012585977  0.91993364602395766  0.92358078825012124
  0.92713396931953662  0.93056331405844017  0.93383763061895364  0.93694755919771056
  0.93989635792229176  0.94279308288482888  0.94567726963251153  0.94855749923776334
  0.95143987819788678  0.95426612465264427  0.95693375520336776  0.95943119444740188
  0.96180502733442208  0.96408343928562090  0.96626722202595594  0.96845809657603898
  0.97067982341277648  0.97290961162793510  0.97516106813581815  0.97739183103106464
  0.97938673700401901  0.98115548819463527  0.98276297747874330  0.98425919084054669
  0.98571010801802861  0.98713292824478716  0.98857128298597574  0.98998387027960033
  0.99135215371832175  0.99261474241907832  0.99371694014396095  0.99479769605387158
  0.99587962763641824  0.99704717034208057  0.99833933064213820  1.00000000000000000
 -0.00019865646586632  0.12281953363575840  0.15747476801796817  0.17786359864131063
  0.19440156892949739  0.21052956945813525  0.22721268776770917  0.24244657078161236
  0.25538713057778828  0.26738239420747856  0.27829603749607074  0.28909431078850573
  0.29956613277884209  0.30949284370495944  0.31874533289116569  0.32787831775822679
  0.33691421320612519  0.34603336630173187  0.35470303392125141  0.36249975526273864
  0.36995714512962702  0.37702086394825135  0.38381886097419993  0.39056440627234390
  0.39727254450402510  0.40389760974340055  0.41033897192239699  0.41652075069601580
  0.42252787661174385  0.42845347949496282  0.43416848065473845  0.43988087714711388
  0.44541223945842057  0.45099211516477428  0.45646932900419795  0.46199919759227354
  0.46757978780069498  0.47333228839929531  0.47896603943497357  0.48433401701749645
  0.48951222683774354  0.49453342991195587  0.49968415522126763  0.50505134967786391
  0.51051423045206479  0.51596213982552097  0.52133298873278244  0.52670681091801030
  0.53216420147335286  0.53761906129960391  0.54305553166932985  0.54841309768068924
  0.55362157056889238  0.55891487952618857  0.56436342541616902  0.57007931689344871
  0.57587008834897990  0.58155688661671578  0.58716483040817979  0.59265089001384719
  0.59811077545393276  0.60367329990869778  0.60951154216564529  0.61541518363630499
  0.62146114109312378  0.62739769530080836  0.63360404460969244  0.64006743406082245
  0.64663544699236586  0.65341139578863039  0.66015594360290797  0.66668634956705508
  0.67336396808926580  0.68012383064072113  0.68724921828732699  0.69450071057629814
  0.70168665190224222  0.70903611123038357  0.71674644428975998  0.72475365467440189
  0.73268103363335491  0.74045308793055709  0.74822674929163890  0.75636389992586128
  0.76491407448202964  0.77359537833591785  0.78257367867224681  0.79225330053900489
  0.80298675796688646  0.81401005880325727  0.82481884542190398  0.83712237218056496
  0.85275632219319997  0.87356053759107011  0.90301900632101650  1.00000000000000000
   5.2288971967251402E-009  -1.0000000000000000     
 F F F F F F F F F F F F T T T T F F F F F F F F T T T T F F F F F F F F T T T T F F F F F F F F T T T T F F F F F F F F F F F F F F F F F F F F F F F F F F F F F F F F F F F F F F F F F F F F F F F F F F F F F F F F F F F F F F F F F F F F F F F F F F F F
  <DiscreteSampler_grid>
  grouped_processes
  1 # 1 for a reference and 2 for a running grid.
  10 # Attribute 'min_bin_probing_points' of the grid.
  1 # Attribute 'grid_mode' of the grid. 1=='default',2=='initialization'
  0.0000000000000000 # Attribute 'small_contrib_threshold' of the grid.
  0.5000000000000000 # Attribute 'damping_power' of the grid.
 # binID   n_entries weight   weight_sqr   abs_weight
    10   10   2.827544549146371E+001   3.119763858221538E+003   2.827544549146371E+001
    16   10   2.827544549146371E+001   3.119763858221537E+003   2.827544549146371E+001
  </DiscreteSampler_grid>
