  0.00000050200157153  0.00000052642081515  0.00000055283461097  0.00000058222397780
  0.00000061146683535  0.00000065747014204  0.00000072854238173  0.00000080433403486
  0.00000084695537746  0.00000089011239449  0.00000093581705142  0.00000098457974978
  0.00000103651359645  0.00000108178366425  0.00000112557021373  0.00000117360052111
  0.00000122300196224  0.00000128192219239  0.00000133251668712  0.00000139670874450
  0.00000147054379407  0.00000155093996211  0.00000164443052378  0.00000174325961997
  0.00000183692861603  0.00000193257793823  0.00000203452355557  0.00000214138679525
  0.00000225298118539  0.00000237453891494  0.00000250651551013  0.00000264008381774
  0.00000277197984334  0.00000291322793431  0.00000305780116613  0.00000320742687373
  0.00000336474198040  0.00000353963412723  0.00000372709122486  0.00000390792225238
  0.00000410578228098  0.00000431534597428  0.00000453925880677  0.00000475560987586
  0.00000501871492613  0.00000530601751169  0.00000561667551399  0.00000596032323258
  0.00000633580724494  0.00000671432519994  0.00000709950235793  0.00000751550443178
  0.00000796402146435  0.00000846711993305  0.00000903594084121  0.00000963221129824
  0.00001025015526474  0.00001090265457779  0.00001159205259251  0.00001234664968293
  0.00001321746188417  0.00001408719904509  0.00001497214209877  0.00001598456027209
  0.00001707135585731  0.00001837187632695  0.00001965731214414  0.00002101429334607
  0.00002257110924730  0.00002430003685404  0.00002629721361588  0.00002844923707742
  0.00003081934270662  0.00003356143771117  0.00003637080649650  0.00003909402190456
  0.00004202267973670  0.00004533361660404  0.00004901110595166  0.00005273077505517
  0.00005683445128741  0.00006149586840657  0.00006796362554802  0.00007563017576590
  0.00008376679633372  0.00009328777007700  0.00010570474833535  0.00012005655707308
  0.00014099167676129  0.00017376655787912  0.00021930833888853  0.00027495324705663
  0.00038688568978760  0.00070409257307602  0.00628488949146260  1.00000000000000000
  0.00010275281893648  0.00010496238848218  0.00010665744638404  0.00010880925751837
  0.00011296917123936  0.00011796013130817  0.00012279152981941  0.00012740912326821
  0.00013281529792520  0.00013902838984009  0.00014542530889492  0.00015180449781145
  0.00015820769587078  0.00016527024111908  0.00017256752523026  0.00018020739908881
  0.00018757276586683  0.00019553759945684  0.00020366521049311  0.00021198022885594
  0.00022036680717045  0.00022870503698691  0.00023688325705866  0.00024523694617962
  0.00025388626951482  0.00026262522232232  0.00027179044042900  0.00028142402371643
  0.00029116542995079  0.00030099135729878  0.00031058036427153  0.00032045690655100
  0.00033190821621160  0.00034445104194237  0.00035663493727999  0.00036807945980466
  0.00037962891943833  0.00039135564125952  0.00040565766493589  0.00042015234553856
  0.00043404481574203  0.00044714012499042  0.00046021024499513  0.00047365080967521
  0.00048754489562746  0.00050206861926098  0.00051824100566542  0.00053312605109061
  0.00054855317466384  0.00056458310199941  0.00058123699262091  0.00059805504073230
  0.00061434819795087  0.00063039871002758  0.00064801840781738  0.00066572437639693
  0.00068411129212792  0.00070457573612046  0.00072387308707419  0.00074440386735113
  0.00076691155641458  0.00078974803327360  0.00081178302035218  0.00083278090696519
  0.00085304327588712  0.00087462620137584  0.00089762885308177  0.00091969600600784
  0.00094191114185084  0.00096388461176686  0.00098971908704831  0.00102048834019645
  0.00105188456911446  0.00108490795549597  0.00111695009877213  0.00115135526899935
  0.00119031394333778  0.00122984139717561  0.00126264613401049  0.00129703248574104
  0.00133021937177393  0.00136611637370081  0.00142297324037400  0.00148129337421946
  0.00154033056272927  0.00159139647006361  0.00164911476837347  0.00172009003891152
  0.00180277839779322  0.00191344028970866  0.00206461267916262  0.00224169923367876
  0.00246643149051959  0.00272368916167202  0.01175325402054014  1.00000000000000000
  0.00000263346214130  0.00000288727815288  0.00000306747928835  0.00000323970360249
  0.00000341063061798  0.00000358563137664  0.00000379293753724  0.00000402596868188
  0.00000425602046099  0.00000452406689194  0.00000480566103137  0.00000518595365347
  0.00000561982249071  0.00000607105033123  0.00000655414849236  0.00000708261342903
  0.00000766490994023  0.00000831677038612  0.00000903170370957  0.00000980748313537
  0.00001066629189013  0.00001165639399830  0.00001272709832014  0.00001391252146926
  0.00001522586547030  0.00001671043317167  0.00001836394264869  0.00002021389349151
  0.00002228769142009  0.00002454730057177  0.00002698995335923  0.00002965748727040
  0.00003260713742490  0.00003592428830570  0.00003965809424183  0.00004380312315084
  0.00004833041290321  0.00005341193005748  0.00005883597450090  0.00006469342338573
  0.00007104831393323  0.00007829241240024  0.00008574633944461  0.00009489959417132
  0.00010569748153312  0.00011794332109117  0.00012971154258878  0.00014100784312495
  0.00015125586804325  0.00016184045676791  0.00017267316847509  0.00018499073197082
  0.00020050885297217  0.00021637393202582  0.00023515542924026  0.00025693851413662
  0.00028725614646605  0.00031738270693238  0.00034732727681906  0.00037551584593011
  0.00040591438169035  0.00043935445066910  0.00047799770471513  0.00051904223095237
  0.00056474244615040  0.00061101143216365  0.00066248536984128  0.00070875032672251
  0.00076019599894804  0.00081506762303415  0.00089017297683869  0.00097767477827629
  0.00106816932773505  0.00116264307807713  0.00127194110392301  0.00139203214791615
  0.00151900635962111  0.00166615624090242  0.00184093481865646  0.00202882281739038
  0.00228431343311632  0.00263719013448370  0.00288443169469892  0.00313998725259981
  0.00356970832094246  0.00409560158138202  0.00459136691260722  0.00489974475284714
  0.00512107219481805  0.00544921631161020  0.00586542178545607  0.00637763128974606
  0.00780115793072485  0.00977629889743936  0.01238626865826290  1.00000000000000000
 -0.00154234422840904  0.00739825155224215  0.01491845670977774  0.02250655729836225
  0.03008929574208518  0.03758213026988810  0.04482578678663070  0.05166981406504826
  0.05845314586832276  0.06532606578511162  0.07237938597983774  0.07966684619070230
  0.08723243996372951  0.09520796015717067  0.10299455915315814  0.11017685026609107
  0.11767275600729722  0.12544376265875259  0.13355092178874978  0.14135819353519835
  0.14900490282110301  0.15652260274881871  0.16436288262730939  0.17300890013516412
  0.18210313623602603  0.19124133662669093  0.20050097178213649  0.20954499784914388
  0.21817936218377437  0.22633024325976805  0.23417322902726803  0.24207816950521951
  0.25038695239310005  0.25944271505487804  0.26894528663925626  0.27858408996706657
  0.28772741711094579  0.29645645715023283  0.30498076515001643  0.31337164539968965
  0.32173086541898838  0.32997306738839816  0.33813274609662708  0.34547969256335770
  0.35251968828311492  0.35989507799462483  0.36831075492782933  0.37806178605715030
  0.38884773404990569  0.39982185448971680  0.41076805699941060  0.42207592302828451
  0.43351659754447142  0.44467676821689289  0.45590898230226107  0.46784365293174235
  0.47961605352885783  0.49058213614617663  0.50130237750839746  0.51197598250254084
  0.52241972045096230  0.53230508494417150  0.54216158432522910  0.55230013759453800
  0.56316816164180039  0.57515834815706257  0.58700231685162207  0.59877119878341989
  0.61042503824453687  0.62227532372655903  0.63430739689447135  0.64645848404674910
  0.65898717872268087  0.67293409303819385  0.68680516029767269  0.69994700430846446
  0.71286299219790095  0.72653060731228736  0.74165436499727744  0.75634784817035183
  0.76994478501267716  0.78353718303864128  0.79632173067759304  0.80915044075907128
  0.82311400881198926  0.83735978590390725  0.85073489833912896  0.86289678883981136
  0.87543557750786316  0.88967610942297315  0.90577667814269314  0.92155212278952137
  0.94186541338483243  0.96197365075907859  0.98185041838036757  1.00000000000000000
 -0.00278807338605871  0.01255715058677234  0.02479245275654545  0.03706356993969887
  0.04788817186467403  0.05885553140110130  0.06955821556170863  0.08043249367483027
  0.09137926672304750  0.10238082644249751  0.11309631949497753  0.12381095070307542
  0.13466772896092521  0.14480241901245608  0.15549277236254672  0.16659083157386306
  0.17823777314047351  0.18991028813419891  0.20148717999576005  0.21284064081277249
  0.22404734175317798  0.23605946048655790  0.24951802161334158  0.26309374983789491
  0.27591333912474292  0.28837068248455239  0.29962752652148783  0.31094674573090525
  0.32197137864759867  0.33254499531959919  0.34341294836586478  0.35489940781205376
  0.36691373132339783  0.37850000187138011  0.38940256986404093  0.39999881321755526
  0.41015968925234136  0.41953224444728376  0.42769586287984129  0.43626338674976645
  0.44543463410418471  0.45440697944393516  0.46268348866124537  0.47057566652101157
  0.47885000369325509  0.48863423362942521  0.49818347971546684  0.50689540658896548
  0.51523439843090069  0.52344753649967313  0.53167752130004564  0.53987588615071347
  0.54804875850489432  0.55632334939066341  0.56576703389048810  0.57679504685244465
  0.58681340746679200  0.59643812298290477  0.60591487244453868  0.61538632304726371
  0.62469371262382889  0.63406256072885792  0.64424298578991035  0.65532899390582644
  0.66711445964471439  0.67856343180035639  0.69020677192015323  0.70133663335312213
  0.71185018250630638  0.72237506691814446  0.73261772005965042  0.74286700945416095
  0.75290529386332494  0.76325363347255581  0.77400421318574264  0.78509074368864840
  0.79566788847423831  0.80617766692207715  0.81705298113008962  0.82873317647720213
  0.83972776662093607  0.85096602907272334  0.86297769389756152  0.87399982748566152
  0.88344601691117730  0.89250438523005715  0.90219010037730951  0.91276397576420609
  0.92337891786551252  0.93306788429027443  0.94235878453819066  0.95193589631601916
  0.96216542071270517  0.97339985815392271  0.98657715728243323  1.00000000000000000
  0.00713475819791826  0.00769626410791015  0.00825777001790205  0.00881927592789394
  0.00960362303539467  0.01159957149171144  0.01359551994802821  0.01585033526807455
  0.02276468738784239  0.02951194990557567  0.03617703096145038  0.04303040535148599
  0.04988471363765626  0.05638824182277199  0.06273333789250721  0.06884270745724162
  0.07514836137126557  0.08147153314356939  0.08881575620558994  0.09827174433249204
  0.10726693382432398  0.11710498300421465  0.12651833462156029  0.13545569644720276
  0.14468810954495015  0.15434172480431793  0.16471788914535732  0.17489425692775531
  0.18494851623276976  0.19437461376088008  0.20405861389100463  0.21395189679899876
  0.22404510992590812  0.23357122386757054  0.24266384485967690  0.25189759140204604
  0.26161202904357617  0.27213763719189732  0.28258102494347498  0.29225866971839976
  0.30213948289271175  0.31271045809032560  0.32476549146663403  0.33763607265154116
  0.35062429125586475  0.36301137574101200  0.37460815104317480  0.38558052460341879
  0.39623937406182980  0.40703405442180057  0.41844302154201024  0.42832534132024686
  0.43815842498445856  0.44862889387138050  0.45884619971139939  0.46835972080962662
  0.47876771423054820  0.49050640617166191  0.50202849562354201  0.51301037010841644
  0.52497906283514018  0.53736012956042500  0.55062805206457932  0.56341927233031952
  0.57669915869037880  0.59040053841070572  0.60471371355230319  0.61782504079032252
  0.63047252429451761  0.64293101267707609  0.65728024265837037  0.67205893130689187
  0.68654599412062267  0.69864470695210856  0.70984390248104257  0.72164204756047778
  0.73428222084995642  0.74722866618124151  0.76066631046427757  0.77401993909257150
  0.78649639826175266  0.79871629319308590  0.81005021773443420  0.82042616857798911
  0.83132591947907830  0.84375528153439106  0.85494191383712392  0.86534956320504752
  0.87591821619478050  0.88792857152117777  0.90075465471718663  0.91445762535831465
  0.92967961847804614  0.94734287019017993  0.96938687883167063  1.00000000000000000
 -0.00205258015406197  0.00888053518741726  0.01881115905195407  0.02867674244210046
  0.03878309696094916  0.04869695378177542  0.05864498461275012  0.06841551584304786
  0.07812992993011764  0.08794473345503848  0.09809298673962434  0.10809349122854545
  0.11769722593650669  0.12786448711628293  0.13913108098554791  0.15076948950844371
  0.16169628976842310  0.17293880703132017  0.18398487161417609  0.19455399231790907
  0.20406366236557866  0.21386520944314155  0.22407333194798995  0.23538370144064324
  0.24763066793210112  0.26017087062638211  0.27290557857708275  0.28554314555332538
  0.29734131929284585  0.30804275369850748  0.31832764812233427  0.32910353705047646
  0.34030974696210603  0.35195348587695158  0.36372675831255635  0.37429886261865414
  0.38424394434651776  0.39401218412230021  0.40413101505848548  0.41489878555818754
  0.42660710618067277  0.43812765111417629  0.44818324831656908  0.45770601652005427
  0.46757669881037567  0.47760300570545583  0.48745971863159021  0.49719317176318872
  0.50755317205752315  0.51808481457820355  0.52850043079255371  0.53888139661087098
  0.54969379313464517  0.56078492665778479  0.57204119963888100  0.58327524246260409
  0.59403201592430432  0.60476645771645232  0.61532377995722531  0.62620012582646234
  0.63745559576123523  0.64831573061705738  0.65839451833804741  0.66794382377133210
  0.67707276395270832  0.68651482454451107  0.69555634531322019  0.70442239438029264
  0.71355358551046044  0.72319722416049914  0.73322820771529251  0.74438685273374638
  0.75587455092927580  0.76777454015813296  0.78078754348145185  0.79349789404051585
  0.80518013705522407  0.81555985046637136  0.82518037476730821  0.83511123184371550
  0.84583112990472475  0.85708550842956288  0.86836332319283638  0.87999073339020284
  0.89180180415690458  0.90245390002395109  0.91243832195022967  0.92212816739152725
  0.93154323135159955  0.94054729910110857  0.94993706065696704  0.95947945343993990
  0.96990151707511130  0.98026529582937050  0.99047938396997814  1.00000000000000000
 -0.00338235708510284  0.01071213229873168  0.02239486370431067  0.03472151427429361
  0.04592601271903381  0.05528497187566940  0.06437359081696689  0.07347762668433788
  0.08321131372510304  0.09370159512688955  0.10483487641999410  0.11687394128721255
  0.12916475368789471  0.14129391917698952  0.15359797936362374  0.16582394587318072
  0.17775326380435458  0.18928945780451825  0.20064808965375608  0.21186864818734347
  0.22262246904027877  0.23309668570495545  0.24366447771786848  0.25510269065664104
  0.26737821310238968  0.28055523252044945  0.29327596448892679  0.30563533295480394
  0.31745295993111272  0.32819584626656795  0.33965391816147877  0.35083333420267698
  0.36262115701349096  0.37311565267857411  0.38426738801417287  0.39499374323473180
  0.40588349990792849  0.41635316151863594  0.42664150755062424  0.43710964707040179
  0.44876320567504091  0.46012642059847048  0.47220409859091417  0.48270615412015161
  0.49309844823908128  0.50268327416361624  0.51216473189880973  0.52115606212342969
  0.53059974058671799  0.53968615852097324  0.55033274834363999  0.56153342588779231
  0.57298483807917600  0.58457106521208646  0.59575358885064644  0.60624872974794608
  0.61581988948485900  0.62521278300894290  0.63466954394505060  0.64418245026186127
  0.65330466120306752  0.66116621959841715  0.66856946158829822  0.67637035968981085
  0.68439808760007381  0.69225386641740705  0.69941922315865335  0.70681516365983199
  0.71515604328124194  0.72434271855584231  0.73427125386721315  0.74548655813643949
  0.75679880681086931  0.76696997958603252  0.77659177057320183  0.78591360991223569
  0.79563345437036959  0.80538075884410298  0.81617070427115579  0.82715059755078468
  0.83827164540771115  0.84908612227446967  0.85982190067313724  0.87043880746256752
  0.88044434751209499  0.89059387169689708  0.90084342726958366  0.91077154000664862
  0.92103798992975539  0.93167747061481698  0.94271943684623283  0.95471588194710855
  0.96681821576449767  0.97871793950509045  0.98919873864226271  1.00000000000000000
  0.46538556551440097  0.48806224123435549  0.50606370665436096  0.52346691020758818
  0.54117160556681743  0.55753090143987216  0.57526359671649741  0.59069812304329938
  0.60362728549635503  0.61634736447003369  0.62830716082637050  0.63963245118122725
  0.65091842599063132  0.66260998702738561  0.67465186853332393  0.68571430810670908
  0.69617904927978547  0.70671864914913585  0.71687882760448551  0.72651323074823448
  0.73548817507188691  0.74425412835061244  0.75263217144828742  0.76078296411909840
  0.76850231348064435  0.77580945390497258  0.78258107605893756  0.78916306551953919
  0.79556767429919628  0.80202969423657733  0.80871521105362587  0.81529901995017950
  0.82148454889779354  0.82729726575269735  0.83293953134763843  0.83846427215147878
  0.84393268312085312  0.84939216952555729  0.85484443924804332  0.86024907489851266
  0.86533938238072849  0.87015745901961772  0.87476608656436228  0.87934392524903982
  0.88384465642409615  0.88815723053092710  0.89229910575890115  0.89625397804935303
  0.89992450591013773  0.90343838824775657  0.90684271893542323  0.91015657767295277
  0.91350807310602478  0.91687583323278943  0.92024790187985639  0.92365025819153435
  0.92695263698192476  0.93015182447492184  0.93316133599252415  0.93612628803450182
  0.93896857359109254  0.94174613096574722  0.94450493392911028  0.94720129354703642
  0.94979699027496622  0.95233097624100649  0.95477515528061918  0.95694320347791195
  0.95890835913590688  0.96069537392548021  0.96235405372994876  0.96413966355736891
  0.96585895523525289  0.96752492905555731  0.96923099732713403  0.97099155699296524
  0.97277943012845158  0.97462157488296564  0.97645712872863932  0.97823061298694935
  0.97986455060570765  0.98123116342615935  0.98256573742255116  0.98387867958729058
  0.98521628796634997  0.98662038300641075  0.98798677766792353  0.98932760398195718
  0.99061607780703820  0.99186290978235758  0.99311181996191944  0.99433484903763536
  0.99558333890847905  0.99691128858423605  0.99837691381156857  1.00000000000000000
 -0.02081025944000405  0.15951546297728697  0.18172692907320881  0.19914034778786580
  0.22048900962326179  0.24156564850840981  0.25742691853690974  0.27075899024124556
  0.28289143166706920  0.29431093686614607  0.30475382403495815  0.31503006347033480
  0.32580429824092172  0.33703107008075150  0.34874625960434052  0.36020813093569154
  0.37112438020866118  0.38116012029594037  0.38989815085053020  0.39818217812422413
  0.40632159521777533  0.41497973201582705  0.42401924892108123  0.43299773998169144
  0.44198205673521246  0.45103800896156787  0.46063854631785761  0.46888065055158001
  0.47722819407630429  0.48334521657489832  0.48981245828966552  0.49642322773980752
  0.50330471168819146  0.50994581822975549  0.51641037591257444  0.52253681491283532
  0.52829603975631412  0.53370324451222928  0.53929304552869839  0.54587741760335773
  0.55335039779182038  0.56081612183921514  0.56818561541165657  0.57521383061339948
  0.58221694140150870  0.58915463097779164  0.59599179502934674  0.60272796652877214
  0.60933102580631948  0.61587241621014133  0.62260581628261447  0.62963349116191358
  0.63648454111281028  0.64285364754929541  0.64928980127381997  0.65564129275297167
  0.66276770700898924  0.66957845526313653  0.67627276365096478  0.68272042538931599
  0.68870066497743787  0.69429238495242462  0.69997458464585760  0.70585595640523247
  0.71170233438832708  0.71742052838481074  0.72297407853643081  0.72853011951213875
  0.73379752540905274  0.73879246767517648  0.74353539794101742  0.74809647064679052
  0.75266354966536098  0.75722356880908925  0.76226795844427941  0.76759115682224011
  0.77274089924696721  0.77764104287259417  0.78252820550375946  0.78752823922204085
  0.79318143555597365  0.79909751282990149  0.80502081624241317  0.81117255673149724
  0.81751194380232928  0.82407603964461906  0.83069434577056456  0.83765530204971284
  0.84517401512154200  0.85284830141771883  0.86258022444466731  0.87305007273171842
  0.88558980750586624  0.90046660070832052  0.93089488069790993  1.00000000000000000
   3.9079752474703921E-009  -1.0000000000000000     
 F F F F F F F F F F F F T T T T F F F F F F F F T T T T F F F F F F F F T T T T F F F F F F F F T T T T F F F F F F F F F F F F F F F F F F F F F F F F F F F F F F F F F F F F F F F F F F F F F F F F F F F F F F F F F F F F F F F F F F F F F F F F F F F F
  <DiscreteSampler_grid>
  grouped_processes
  1 # 1 for a reference and 2 for a running grid.
  10 # Attribute 'min_bin_probing_points' of the grid.
  1 # Attribute 'grid_mode' of the grid. 1=='default',2=='initialization'
  0.0000000000000000 # Attribute 'small_contrib_threshold' of the grid.
  0.5000000000000000 # Attribute 'damping_power' of the grid.
 # binID   n_entries weight   weight_sqr   abs_weight
    10   10   4.020462927757849E-002   8.816888129097370E-003   4.020462927757849E-002
    16   10   4.020462927757847E-002   8.816888129097365E-003   4.020462927757847E-002
  </DiscreteSampler_grid>
