  0.00000034974533779  0.00000037642804962  0.00000039443847887  0.00000041297653044
  0.00000043341948551  0.00000045460065996  0.00000047545771799  0.00000050108448088
  0.00000052623068645  0.00000055194683696  0.00000058048083706  0.00000061076938538
  0.00000064109911878  0.00000067038944660  0.00000069985106794  0.00000073107847724
  0.00000076294328496  0.00000079377960640  0.00000082490021581  0.00000085609169649
  0.00000088993074220  0.00000092440950944  0.00000096114636304  0.00000100316169533
  0.00000104687667695  0.00000109388830147  0.00000114043625788  0.00000119092446776
  0.00000124443209455  0.00000129923118622  0.00000135753297948  0.00000141540867044
  0.00000147152670159  0.00000152629189769  0.00000158560851110  0.00000164844981573
  0.00000171687578328  0.00000179235972235  0.00000186545966804  0.00000194182263746
  0.00000202193463826  0.00000212099881287  0.00000221944873572  0.00000232820879266
  0.00000243799476317  0.00000255486469247  0.00000267685533415  0.00000280547883852
  0.00000293825903679  0.00000308234197449  0.00000324085136221  0.00000341193249661
  0.00000359659545203  0.00000379040266910  0.00000399109082812  0.00000420211444191
  0.00000442186308887  0.00000464963988726  0.00000489961697440  0.00000517653365741
  0.00000545607071754  0.00000572613153391  0.00000601350229986  0.00000633773283143
  0.00000670578725770  0.00000713394456381  0.00000762363676849  0.00000816454938707
  0.00000876529746567  0.00000945839330454  0.00001023891702414  0.00001111216054932
  0.00001209590511058  0.00001321762816198  0.00001451702723836  0.00001603719642724
  0.00001779174460402  0.00001974323447359  0.00002211845518971  0.00002522108845453
  0.00002872833373281  0.00003311990026456  0.00003910621564454  0.00004687608012213
  0.00005672916628372  0.00006935141169095  0.00008607676698783  0.00010845716873385
  0.00014051701467491  0.00019990327902699  0.00031720903919219  0.00056508594319928
  0.00117476214599724  0.00421287311196864  0.05195630122270119  1.00000000000000000
  0.00000100129219159  0.00000126282432889  0.00000144892127616  0.00000162264243417
  0.00000178503086625  0.00000196123606944  0.00000213321195705  0.00000232220469794
  0.00000259359649462  0.00000295684116244  0.00000337497906871  0.00000377879192395
  0.00000414927844396  0.00000449750751759  0.00000488153549099  0.00000529811400385
  0.00000573837817706  0.00000616698082368  0.00000658579306068  0.00000701272713608
  0.00000743250766299  0.00000784631965756  0.00000826913365215  0.00000869701709269
  0.00000912952739940  0.00000957609486956  0.00001004325169066  0.00001053785816748
  0.00001107846582175  0.00001165653498390  0.00001226285437798  0.00001291682798854
  0.00001358602730279  0.00001433922397470  0.00001523332828820  0.00001626801800426
  0.00001741382703359  0.00001862594615185  0.00001991933877750  0.00002136303645508
  0.00002297842394608  0.00002485024062189  0.00002713998251400  0.00002979194537024
  0.00003264607120252  0.00003586131968299  0.00003966387904905  0.00004403452842880
  0.00004904367079654  0.00005504369728470  0.00006219353721847  0.00007144436637823
  0.00008296507895859  0.00009703050753875  0.00011515507911575  0.00013943699757080
  0.00016971668957130  0.00020400169870739  0.00024092755992274  0.00028281689345536
  0.00033311745665204  0.00039640042883784  0.00047131684029069  0.00055187929686927
  0.00063663663618907  0.00073158963101304  0.00084505300352021  0.00097651119141624
  0.00111447387266069  0.00125518617251657  0.00140972660464598  0.00159257755154356
  0.00181943021904616  0.00206767441629310  0.00234765403970121  0.00262990111513014
  0.00290585636275672  0.00319759795195082  0.00355464564243762  0.00394680323654646
  0.00432660256995151  0.00465833332289172  0.00498146454072866  0.00538137465745527
  0.00578318056586160  0.00622240496124120  0.00661057473673653  0.00702905283894562
  0.00753019439634987  0.00807479620933864  0.00872560022362676  0.00990169778295944
  0.01109124934003642  0.01360988400736382  0.01811847428872211  1.00000000000000000
  0.00000064126071385  0.00000075813028264  0.00000083201053840  0.00000090660380282
  0.00000097917267064  0.00000105251291163  0.00000112684806292  0.00000120459681859
  0.00000128648375823  0.00000137013154083  0.00000145399434333  0.00000153864938744
  0.00000162419228547  0.00000170967887444  0.00000179564624907  0.00000188426624732
  0.00000197865336151  0.00000207661709162  0.00000218010457974  0.00000228209570952
  0.00000238029979173  0.00000248033969891  0.00000257635345446  0.00000268277726265
  0.00000279239838253  0.00000290713533220  0.00000302147255388  0.00000314184833548
  0.00000327017883822  0.00000340789726191  0.00000355902641526  0.00000372734453658
  0.00000390222027675  0.00000407951847247  0.00000426058117827  0.00000444488918480
  0.00000462723291299  0.00000481086715353  0.00000500095938836  0.00000520794176200
  0.00000544594869814  0.00000570926109144  0.00000597013705199  0.00000622734926808
  0.00000649390481967  0.00000676752554978  0.00000704798455297  0.00000733106678210
  0.00000764204070660  0.00000798273047148  0.00000835067464248  0.00000874952330526
  0.00000918958517361  0.00000966771393658  0.00001016347301447  0.00001067632050921
  0.00001121093961424  0.00001177831993097  0.00001236160390392  0.00001295901480926
  0.00001365214995824  0.00001445253462895  0.00001532504526835  0.00001623593407917
  0.00001718419058897  0.00001818353992954  0.00001932204902019  0.00002063553846564
  0.00002200688155839  0.00002350421219694  0.00002518413372575  0.00002716991476102
  0.00002947149828756  0.00003192864751802  0.00003458234695835  0.00003716186328901
  0.00004011950035261  0.00004332287093348  0.00004716152507528  0.00005235598760968
  0.00005852753457199  0.00006625322435046  0.00007540930509849  0.00008642106389724
  0.00010035599570710  0.00012017824220818  0.00014966306385837  0.00019049945496757
  0.00024104941029347  0.00031418704761370  0.00044302640270304  0.00069192325925508
  0.00122267192471108  0.00263559871572536  0.00678276527383859  1.00000000000000000
 -0.00349144467063383  0.01281694438805360  0.02525511781100732  0.03628498196172547
  0.04682809601245753  0.05702921756314470  0.06726767855417572  0.07859959127422315
  0.09024902187776306  0.10194599550398706  0.11346174074317134  0.12478108673939965
  0.13598925345326257  0.14680563151998882  0.15851773125724566  0.17027738973547277
  0.18216961816213451  0.19324288858534674  0.20323109495122557  0.21305078474235278
  0.22305874425742048  0.23372115645108194  0.24533697205966429  0.25733500530351844
  0.26924813637849360  0.28126266028026092  0.29281395617326034  0.30515105554084332
  0.31791235018356223  0.33112141841820203  0.34395111926890048  0.35633870392060335
  0.36821545106996084  0.38035272690245514  0.39266428811584114  0.40461942406318874
  0.41666973732080909  0.42857362560231804  0.44007912604314764  0.45108597868251105
  0.46211400157203464  0.47292933347803356  0.48356902399901486  0.49416248218793801
  0.50586142378040044  0.51863892565498360  0.53154253381120475  0.54463403015554013
  0.55810738499325518  0.57143599077307394  0.58431126160889801  0.59672818681711903
  0.60869844577145849  0.62042518382651712  0.63215169328813747  0.64391776613430063
  0.65563530404080006  0.66727281824066531  0.67884930940809640  0.69025021621474625
  0.70149377237806165  0.71275478150986449  0.72422158356558231  0.73572684694807200
  0.74660534707664583  0.75701621876205616  0.76723060215204431  0.77691604034504436
  0.78644406230894981  0.79655169476279208  0.80748314152728862  0.81842849323290123
  0.82865201536672595  0.83830986051670464  0.84782869413724704  0.85729351457859659
  0.86666208457016514  0.87592942963677722  0.88521066090614486  0.89464911518455459
  0.90379707773292239  0.91183411334921483  0.91905340010237768  0.92627389766253776
  0.93376628536487194  0.94149767719899491  0.94916798272094627  0.95605849607295901
  0.96192289422690280  0.96793517226850401  0.97371811842789013  0.97913910181252095
  0.98427883604714073  0.98961602790120795  0.99466460942801382  1.00000000000000000
 -0.00258287560359774  0.00936468126506166  0.01882557337432751  0.02980159410746693
  0.04043682617013672  0.05031891912528686  0.05947600016850847  0.06732173390746997
  0.07612316598490641  0.08509009766732199  0.09557719020270659  0.10707962134932977
  0.11849734759179713  0.12936607780565626  0.13991370391079591  0.15071685474722066
  0.16207712657603099  0.17336827818052769  0.18451229707368155  0.19542278001691341
  0.20655623942997497  0.21681206367940004  0.22748521478321321  0.23875015129962607
  0.24982133983370655  0.26190252118376589  0.27298570195313554  0.28409279890733075
  0.29492993805189638  0.30561626927559682  0.31623038834752654  0.32746550354999493
  0.33909455677154632  0.35098425142088063  0.36237855090646337  0.37247738924215390
  0.38150797712187817  0.39083017453722779  0.40105300021208368  0.41172874185992203
  0.42206191483444172  0.43225287864335354  0.44268843373013955  0.45337275407361116
  0.46378299105566073  0.47382993075706903  0.48365953631533981  0.49350581141253830
  0.50351571261015748  0.51369043123134384  0.52429556407788813  0.53505677968181475
  0.54543352026156988  0.55550884923669619  0.56572261480901420  0.57685488732266366
  0.58886141437864492  0.60117340511140482  0.61333643814571803  0.62494340650001301
  0.63604710924081709  0.64660856138838441  0.65695332928973404  0.66750905391123694
  0.67850551930345848  0.69015172686718518  0.70197123511903126  0.71364191953016487
  0.72500267695298026  0.73600601641079011  0.74655615265478759  0.75571810784055848
  0.76392093774332737  0.77155704306985584  0.77913870391164763  0.78915228222707712
  0.79973277263660858  0.81043084109444485  0.82096253414181186  0.83090124953158451
  0.84096108616305931  0.85191870093886091  0.86238371183634033  0.87336435091830411
  0.88493551442869445  0.89759573252437941  0.90828298539204888  0.91831913645686158
  0.92779229779450823  0.93719522923754406  0.94668816524036881  0.95694731220402596
  0.96793963065860411  0.97833900831612997  0.98905594039940825  1.00000000000000000
 -0.00199715381737154  0.00836505368756738  0.01750774803440915  0.02763051021665592
  0.03802803231078634  0.04957431314356694  0.06219923145246582  0.07404850044935181
  0.08534948473706676  0.09635533433428846  0.10703099506845572  0.11740778924885779
  0.12819879384452715  0.13920744446058853  0.15044532001883629  0.16169574605423517
  0.17302709129922977  0.18452432366078006  0.19596601893430707  0.20692722465763486
  0.21733318049059758  0.22822721651615421  0.23931560856578657  0.25066874473447315
  0.26253543471712315  0.27414698691232869  0.28601148985504365  0.29737069386568010
  0.30850038226289972  0.31872676104865499  0.32833774134479149  0.33695847166760956
  0.34576083163030319  0.35558510256596948  0.36503770843126437  0.37444916820415958
  0.38470465165816975  0.39518863684613131  0.40512229627669721  0.41474602414389328
  0.42288242952669153  0.43141893881069776  0.44036202959380899  0.44953600558149848
  0.45919488528592450  0.46897962060484027  0.47901014814340981  0.49078054900950496
  0.50300693751296366  0.51438827947177579  0.52534407207432454  0.53640666450090035
  0.54736311093447299  0.55815952442118288  0.56878916573846472  0.57902241527903642
  0.59017421192024844  0.60030130473446985  0.61094524403568617  0.62147294510486495
  0.63300296742591777  0.64473446694178482  0.65570048797108726  0.66578190842576146
  0.67469934461989678  0.68399164179624228  0.69360370647788328  0.70424432859635955
  0.71524624179793728  0.72667170399947589  0.73795449829335280  0.74930538706799488
  0.76072289637904555  0.77230541501303684  0.78397168231738912  0.79536571205217843
  0.80594811340929540  0.81592856978111616  0.82616847447748398  0.83776388848932382
  0.84859549490033237  0.85814920228261860  0.86778059700141008  0.87760516821214141
  0.88856523934767129  0.89994754807113564  0.91124433405389027  0.92284020921092669
  0.93359514140113120  0.94307785873807670  0.95201878520271821  0.96129664121473468
  0.97084394135198393  0.98044602211808674  0.98936734857955821  1.00000000000000000
 -0.00000006968161001  0.00000019480825208  0.00000045929811417  0.00000112481653750
  0.00000184796810228  0.00000262409955005  0.00000342008303093  0.00000463234990341
  0.00000585419455763  0.00000710012852464  0.00000844465470084  0.00000986140653689
  0.00001157548358453  0.00001333106292138  0.00001513238570064  0.00001848154273157
  0.00002236509323967  0.00002624227225211  0.00003030346360326  0.00003464204632644
  0.00003954212033645  0.00004525902634431  0.00005232891651591  0.00006129861545253
  0.00007159516919707  0.00008352671644544  0.00009713514176814  0.00011179217993797
  0.00012793402076158  0.00014631272733821  0.00016772022930466  0.00019110463807832
  0.00021666141921946  0.00024509182999929  0.00027689376905392  0.00030910465617998
  0.00034108555254988  0.00037212697711366  0.00040436326169084  0.00043996959157059
  0.00047781633581498  0.00051838210666308  0.00056107323100439  0.00060408748067056
  0.00065269161115293  0.00070969807583405  0.00076531177096432  0.00082079624272716
  0.00087641445076525  0.00093058102899749  0.00098530836385334  0.00104283207569385
  0.00110359686617656  0.00116568407873857  0.00123422955884151  0.00130973977624433
  0.00138611329551862  0.00146310224563795  0.00154506006852262  0.00163384021676156
  0.00172897672726712  0.00183027127705920  0.00192958565723741  0.00202995125381343
  0.00213505899341740  0.00225015797508923  0.00236908567438675  0.00247830385573242
  0.00258138338508905  0.00269862294591512  0.00282316307999763  0.00296050819893734
  0.00310099044567343  0.00322665936213263  0.00335748427424817  0.00352483574678663
  0.00373561582315048  0.00394705343951930  0.00413361441132958  0.00433084316443376
  0.00454441979744162  0.00474548499478097  0.00503473221818908  0.00537516910251658
  0.00562546132299328  0.00591722890157933  0.00638378818245281  0.00690417386242122
  0.00741417430451678  0.00795362522055700  0.00851113303319466  0.00898769089912617
  0.00971809989356024  0.01117769798215789  0.02195308461042628  1.00000000000000000
 -0.00254445488490837  0.01149822007256220  0.02591134195952033  0.03997547239970618
  0.05363701830289451  0.06692017963699343  0.07838903873534710  0.08812857118118429
  0.09708549583621444  0.10546407144620182  0.11327161270905511  0.12282895141904480
  0.13185811715623702  0.13941959291044301  0.14689169770871535  0.15463605666230215
  0.16226773681796575  0.17000329447496859  0.17839282376811885  0.18709337283999955
  0.19579237193973026  0.20464859534489677  0.21415379244056329  0.22423656857301694
  0.23399687337603747  0.24327618286786726  0.25274388503832440  0.26325754423463893
  0.27467226965306885  0.28645853272568050  0.29814764922602460  0.30980212194665208
  0.32146749461323365  0.33320376056524453  0.34472757334990156  0.35642013339785017
  0.36774584514109881  0.37918181802234224  0.39103637420933635  0.40305543677639888
  0.41493134794289721  0.42657025413232841  0.43810164034945592  0.44918623117456924
  0.45991374354547321  0.47075073446728011  0.48163131926313224  0.49237436735398138
  0.50260632560052243  0.51264015528538820  0.52263955111684202  0.53270754867888348
  0.54303672373242318  0.55349787007464135  0.56388910890912569  0.57474204071741197
  0.58616589804520025  0.59783954136547257  0.60955177438737551  0.62132924523391253
  0.63338715654113675  0.64565182439130708  0.65767316180750146  0.66936872182614304
  0.68093546067195609  0.69248593641928513  0.70381516108977926  0.71433897155208315
  0.72387939436730009  0.73304075242526223  0.74251855321131033  0.75232401320699549
  0.76186907994252639  0.77121966793581531  0.78085610139760764  0.79070461220565857
  0.80068067357251671  0.80982858924004320  0.81837570159878092  0.82684052362637273
  0.83508717922839226  0.84339195312332993  0.85197504735534935  0.85970305589875784
  0.86710241156502954  0.87517446050821235  0.88478462229230281  0.89598888309260927
  0.90664570080690154  0.91677951135378544  0.92808194330982052  0.93931670955359015
  0.95156909057649819  0.96772493609405297  0.98409571826025632  1.00000000000000000
  0.43902776253570219  0.46485643447176173  0.48513388614435921  0.50724202030639221
  0.52825991552576257  0.54781946104418799  0.56523939315278671  0.58184362189936423
  0.59744865397899960  0.61256947140120721  0.62715777309896459  0.64111052598827201
  0.65521307384338134  0.66894267777681249  0.68171908332731013  0.69418968378635815
  0.70627098139555100  0.71791962856457570  0.72915545610915233  0.73965579054901265
  0.74970910306451644  0.75936175496709557  0.76851960989875756  0.77720304127818085
  0.78559153002567816  0.79387806964586782  0.80169960092106152  0.80928322516301177
  0.81655819254875572  0.82342837072102504  0.82974008654599873  0.83568081927413385
  0.84158584337107090  0.84761310207343588  0.85358650563778193  0.85948017870695692
  0.86553527920801487  0.87137065577198902  0.87687181819059890  0.88201262473830033
  0.88693942620107147  0.89176751524206721  0.89662646681738978  0.90132117210631346
  0.90542131304344753  0.90911337089202393  0.91267197937585731  0.91630004123668984
  0.92013588956009518  0.92401768371544979  0.92788814750549364  0.93171177006900108
  0.93539304961531977  0.93884100486560285  0.94208732479963075  0.94521644514284409
  0.94824819235053848  0.95116345009446457  0.95400801433390703  0.95683318691915065
  0.95900063170666072  0.96094612945616309  0.96284544839506370  0.96469223068623744
  0.96645188252815428  0.96807436201629826  0.96964911895912276  0.97119993771877144
  0.97290393274840237  0.97454462907488548  0.97608764251435509  0.97756333536728768
  0.97896248209213554  0.98031632459283369  0.98152477321222165  0.98263271495903770
  0.98358439265647757  0.98456429586238114  0.98558426619404338  0.98656629833112064
  0.98753509169585052  0.98847390855403006  0.98936336552264603  0.99023144338629643
  0.99108263907419469  0.99192600996495450  0.99272740265116954  0.99349231966631990
  0.99431216375903553  0.99500831741168339  0.99564995477241958  0.99634414861319520
  0.99704930307763595  0.99784661380460293  0.99876724292097396  1.00000000000000000
  0.00542943558005521  0.09965530697359481  0.12783949275129716  0.15131001432408850
  0.16560432542722395  0.17782717831427128  0.18803628289754334  0.19980542296030085
  0.20916893461554981  0.21647297491080639  0.22377407982845487  0.23432910554669822
  0.24277751556147126  0.25050932894205952  0.25798250034264303  0.26460322821466720
  0.26993957927828072  0.27558312520477091  0.28054759292375603  0.28650587726976212
  0.29395133310256344  0.30237623359433785  0.31066530261330733  0.31793758823492557
  0.32552470873338751  0.33256210550110127  0.33890487592616447  0.34480621059055627
  0.35051549020873418  0.35614242169291793  0.36220748828793248  0.36861267690087401
  0.37522172907685974  0.38170432399854270  0.38789497823938140  0.39426523907777011
  0.40082724775181994  0.40751961933406999  0.41380266303442659  0.41986513580963292
  0.42610287327851021  0.43305661006302232  0.43784412427768199  0.44279598579677154
  0.44776967364476888  0.45325292508218662  0.45896205236779919  0.46504382168816799
  0.47147920965618922  0.47802661070226415  0.48446196775111516  0.49067583508081936
  0.49677009688479068  0.50289140203710214  0.50903393337044278  0.51524867746627123
  0.52154980997622080  0.52792581382227455  0.53431327830213959  0.54005822774367873
  0.54556700003050440  0.55094653404523641  0.55638353423199671  0.56197388693980843
  0.56773460217370153  0.57383022929051497  0.58013507929872299  0.58622824963317255
  0.59213807502794691  0.59804522772694235  0.60443333882368566  0.61091981998170819
  0.61714718708906346  0.62367208875250946  0.63006906989523281  0.63710667737544791
  0.64472272130925723  0.65235219258206834  0.65981147463490175  0.66707730227362971
  0.67469278557372014  0.68291980709081379  0.69202946148896438  0.70205932047890363
  0.71277490832792512  0.72411324152638668  0.73556946350246144  0.74700662720028577
  0.75829682227902107  0.77007274756457256  0.78321355211650179  0.79843476684861903
  0.81635696098210508  0.84015115031391485  0.87512067584866704  1.00000000000000000
   8.6665263867715206E-010  -1.0000000000000000     
 F F F F F F F F F F F F T T T T F F F F F F F F T T T T F F F F F F F F T T T T F F F F F F F F T T T T F F F F F F F F F F F F F F F F F F F F F F F F F F F F F F F F F F F F F F F F F F F F F F F F F F F F F F F F F F F F F F F F F F F F F F F F F F F F
  <DiscreteSampler_grid>
  grouped_processes
  1 # 1 for a reference and 2 for a running grid.
  10 # Attribute 'min_bin_probing_points' of the grid.
  1 # Attribute 'grid_mode' of the grid. 1=='default',2=='initialization'
  0.0000000000000000 # Attribute 'small_contrib_threshold' of the grid.
  0.5000000000000000 # Attribute 'damping_power' of the grid.
 # binID   n_entries weight   weight_sqr   abs_weight
    10   10   1.374485670393425E+002   1.777850220489133E+005   1.374485670393425E+002
    16   10   1.374485670393424E+002   1.777850220489133E+005   1.374485670393424E+002
  </DiscreteSampler_grid>
