  0.00000073845232160  0.00000080918327641  0.00000085048610370  0.00000091061281863
  0.00000097946851304  0.00000103854630675  0.00000107979136045  0.00000111734252147
  0.00000116401766254  0.00000121396862357  0.00000125576001512  0.00000130030922345
  0.00000135264748639  0.00000142723014193  0.00000150682588072  0.00000158569828739
  0.00000167367271274  0.00000178089645382  0.00000189352498882  0.00000201875469620
  0.00000217511325142  0.00000235217337013  0.00000252951136997  0.00000270381169360
  0.00000289071729371  0.00000310189492608  0.00000334207645685  0.00000360074426933
  0.00000386539362010  0.00000415361230703  0.00000448047148004  0.00000484067701096
  0.00000523024967490  0.00000564870640808  0.00000609084621246  0.00000660571071668
  0.00000713134882408  0.00000770447900885  0.00000833207896384  0.00000898811302575
  0.00000968883263334  0.00001040286882202  0.00001106439320145  0.00001171713203164
  0.00001240447287480  0.00001319763703843  0.00001407804793816  0.00001508317599969
  0.00001628443214831  0.00001753201205747  0.00001895546994679  0.00002051364363962
  0.00002230569695405  0.00002436009607830  0.00002649667412835  0.00002878491308186
  0.00003121185464297  0.00003378662271794  0.00003646259119433  0.00003942969950036
  0.00004276702151982  0.00004671602355235  0.00005117768269525  0.00005620428784093
  0.00006190002512935  0.00006811661200961  0.00007490231225500  0.00008227121957143
  0.00009085189755609  0.00010005107235428  0.00011108835015780  0.00012389431223804
  0.00013969477207659  0.00015688702204728  0.00017578435724238  0.00019683865877867
  0.00022041583013634  0.00025342735551643  0.00028688758557902  0.00032334671329366
  0.00036874774142810  0.00042238791755632  0.00048468155731647  0.00055250666020637
  0.00063280524704765  0.00071476810392109  0.00078795587701333  0.00087035811928357
  0.00098663823107998  0.00119087663771344  0.00144741016034319  0.00172546815234606
  0.00208459574477011  0.00313669830724152  0.00450825065327738  1.00000000000000000
  0.00000080354956921  0.00000088043784893  0.00000093762038514  0.00000099176995040
  0.00000104240070844  0.00000110197891586  0.00000116155828979  0.00000123023868263
  0.00000130033071891  0.00000137097797294  0.00000145063580694  0.00000153602550783
  0.00000163466874513  0.00000174670670462  0.00000187102851805  0.00000200609679913
  0.00000214888180148  0.00000229908351705  0.00000246229211126  0.00000264272164135
  0.00000282373528674  0.00000297826488684  0.00000313507228419  0.00000331145882687
  0.00000350984183137  0.00000373564268827  0.00000398055397736  0.00000423651879112
  0.00000451577136505  0.00000482418823137  0.00000514866303715  0.00000549774981939
  0.00000586272753941  0.00000625801065099  0.00000668430620125  0.00000708549872647
  0.00000750466605939  0.00000796433332005  0.00000846207163725  0.00000902409828515
  0.00000962992292935  0.00001028146301592  0.00001101408054699  0.00001182072381677
  0.00001271092015690  0.00001369307989967  0.00001474059235708  0.00001579646138463
  0.00001678566974213  0.00001782036300742  0.00001888850504414  0.00002014725426972
  0.00002154439784956  0.00002299275911350  0.00002464625520893  0.00002635318725016
  0.00002843195435554  0.00003075346324907  0.00003330446707973  0.00003608843773199
  0.00003914039075877  0.00004235411542600  0.00004560195996964  0.00004915038218607
  0.00005292194820608  0.00005726295122869  0.00006206862461829  0.00006712500287489
  0.00007227523659688  0.00007798056679341  0.00008420857388461  0.00009127219718759
  0.00009894247566313  0.00010813513741184  0.00011951027373776  0.00013266299811500
  0.00014776330758787  0.00016521500506029  0.00018508692636138  0.00020811670311839
  0.00023264934866926  0.00025612800742025  0.00027778024311180  0.00030255492131484
  0.00033063186870263  0.00036646397331817  0.00040721463634040  0.00045945926736502
  0.00052307328858938  0.00060486243435774  0.00068297949228030  0.00077054761169200
  0.00085094660517488  0.00128285720760873  0.00202207870977950  1.00000000000000000
  0.00000250597168729  0.00000280994811230  0.00000296733833180  0.00000311779000221
  0.00000329827016965  0.00000350166215580  0.00000371615615915  0.00000397780528670
  0.00000423443193386  0.00000449730894974  0.00000476265611312  0.00000504920169680
  0.00000537953395633  0.00000574571805352  0.00000616032914678  0.00000663998041252
  0.00000721798953657  0.00000785761639580  0.00000851261604816  0.00000917319164129
  0.00000992827453803  0.00001073759612793  0.00001161349834229  0.00001253281250123
  0.00001359772647016  0.00001481101988345  0.00001622591829431  0.00001775005863380
  0.00001937070334868  0.00002108560162974  0.00002298793853743  0.00002506781311464
  0.00002734769657245  0.00002998211964663  0.00003306087402758  0.00003634901963358
  0.00003979580135220  0.00004345720882171  0.00004716949494660  0.00005119552227962
  0.00005549115005903  0.00006046472518233  0.00006568987821220  0.00007141166391863
  0.00007746225300660  0.00008439434088888  0.00009199393281317  0.00010003195621125
  0.00010860156369304  0.00011779095563346  0.00012823824867822  0.00013953763592646
  0.00015119169310630  0.00016274828546770  0.00017450273099813  0.00018735310268666
  0.00020148513321045  0.00021603142916833  0.00023219708138162  0.00024984451954541
  0.00026960767976168  0.00029005962752532  0.00031084442462071  0.00033219928611661
  0.00035504700240877  0.00037894107136350  0.00040312054531347  0.00043174858161550
  0.00046226412862956  0.00050246356286112  0.00054241944160411  0.00058813775456489
  0.00063423617398988  0.00068613276594286  0.00074443612628123  0.00080358620596711
  0.00088021845957650  0.00096788725742458  0.00104156787458709  0.00109880789691468
  0.00115545385103565  0.00124187435441579  0.00139205742748135  0.00169057236633846
  0.00196514261255438  0.00223415886247663  0.00251753574716254  0.00273410037378180
  0.00287137681215996  0.00292373626295932  0.00295959914741200  0.00298146367518503
  0.00359704431943416  0.00465466778990313  0.00618572564463731  1.00000000000000000
 -0.00418485084182223  0.02122187389560568  0.04297121499817227  0.06458861930953344
  0.08441334442907951  0.10249446345888863  0.12146093532363934  0.13698720991537758
  0.15173318300280833  0.16628001043464571  0.18113845086437566  0.19642924584162300
  0.21170009677778412  0.22596190876236075  0.23943496803593056  0.25232684887238005
  0.26586667067183717  0.27963880661132029  0.29356568182915843  0.30738740506283729
  0.32159958605283423  0.33624400513229091  0.35089626776817229  0.36423120125147329
  0.37661697823897611  0.38854160913041413  0.40079545656068805  0.41204530842389925
  0.42289725698773861  0.43382737412589589  0.44547626114504768  0.45679549649037682
  0.46751526353148848  0.47847818783524138  0.48921372827580717  0.50051488284341383
  0.51030091806774514  0.51996693148706230  0.52882034025621549  0.53808275437700903
  0.54755864245785324  0.55749624702079026  0.56779300474136252  0.57866796219913041
  0.58967908108606326  0.59994500173771981  0.60955845205582670  0.61885822896327680
  0.62806506799403394  0.63754586027016735  0.64727579152002812  0.65797352855089974
  0.66933212879992499  0.68066757947487244  0.69176197027491271  0.70255888560791102
  0.71349660753677435  0.72451053397618337  0.73456211611074318  0.74415939249406815
  0.75333230270322071  0.76203620442885178  0.77062144220363737  0.77922205357607699
  0.78818797873815682  0.79755245688710308  0.80661555160811849  0.81513565429560764
  0.82307860617856665  0.83063114993055887  0.83848785160807693  0.84634497367407346
  0.85373770760012901  0.86060459562021274  0.86712690501475065  0.87370767479214229
  0.88090863139103692  0.88840458535753608  0.89580195306208377  0.90307478078288583
  0.91031677994003812  0.91743733508042635  0.92467225873484116  0.93235860794075631
  0.94034698637643233  0.94820729981945417  0.95553724879997681  0.96123998244816899
  0.96627526516744255  0.97149604219198005  0.97693068582723575  0.98189554261943179
  0.98668015491632777  0.99133491594253265  0.99576750230297240  1.00000000000000000
 -0.00073991018196853  0.01008343226487948  0.01891309761140580  0.02802335157865176
  0.03764301790335460  0.04746170683056259  0.05786716154286628  0.06936217030361633
  0.08150200299695648  0.09314514587046670  0.10377697771263197  0.11483718353848452
  0.12571541300144487  0.13769678441496441  0.14940786738253245  0.16092477536799366
  0.17144132421287492  0.18167381103220168  0.19196095948096986  0.20264256224337415
  0.21277417992867045  0.22234378926923101  0.23172795908359203  0.24123946850351019
  0.25178043097116504  0.26328218359693795  0.27553180577075870  0.28836930819206108
  0.30099590088242051  0.31342150565625260  0.32542659686150210  0.33731058878082826
  0.34991336135753420  0.36269288686133755  0.37428814412167494  0.38499450365466431
  0.39548972733073928  0.40558929150088296  0.41554829657753628  0.42568232725728444
  0.43623066154377660  0.44554298505192758  0.45468000407029102  0.46427220746649256
  0.47444502641240066  0.48377940102156836  0.49246189398135914  0.50083560546674988
  0.50869364990433530  0.51681361213603139  0.52570029097942705  0.53606452779032077
  0.54806371131489684  0.55990540335026606  0.57182114562742603  0.58352716299510332
  0.59370351466112958  0.60355839836324443  0.61333934503042264  0.62256830772939842
  0.63194913238804462  0.64149831514366018  0.65204734826419830  0.66271378174974105
  0.67263990538991913  0.68243949399903170  0.69257105194777857  0.70325057326433382
  0.71357831335813404  0.72368808083017078  0.73344840078991669  0.74333354642860183
  0.75384998634872946  0.76447207331944034  0.77426424100283908  0.78356547682424982
  0.79346188716376154  0.80412805612858140  0.81541296610696168  0.82700199205291625
  0.83868525721319931  0.84981284640886801  0.86057348112265020  0.87136777636882456
  0.88269096428714300  0.89386704269737205  0.90515637910571722  0.91635035416433186
  0.92786442253378532  0.94002833534936936  0.95204196221828685  0.96258446050431912
  0.97091719854428027  0.97926314284041283  0.98828333811499547  1.00000000000000000
  0.00129444852852005  0.01464784989249649  0.02545771678666192  0.03673389917926935
  0.04771571021009925  0.05764938136826762  0.06658170848252881  0.07479466449199740
  0.08315106745751094  0.09221918534915557  0.10150670310878007  0.11103378839341477
  0.12058193255326997  0.13068793799489525  0.14174373805718890  0.15247182232678541
  0.16329584227887065  0.17414191264919790  0.18526635486378434  0.19650636378460171
  0.20767459741154465  0.21927258505413932  0.23066566057400500  0.24208333853814903
  0.25355294964252761  0.26416629431987165  0.27249731597750143  0.27990796693458192
  0.28745677583940310  0.29594434023927818  0.30779959571122312  0.31827811204352213
  0.32684575308724972  0.33506426591252825  0.34370563548808214  0.35345037089698633
  0.36374758023291059  0.37473843417945690  0.38737976894044945  0.40040639175460385
  0.41278529291761373  0.42550073352586348  0.43864086835997651  0.45140802821029552
  0.46383100848175435  0.47593471005842897  0.48703589162991462  0.49830407456506381
  0.51011619648170714  0.52085963419988157  0.53049269759396434  0.53967856279785920
  0.55063020267922913  0.56182510936774588  0.57319461060598387  0.58433663837741490
  0.59538084885654619  0.60614856811048679  0.61667751801825710  0.62737579207933070
  0.63753452048525450  0.64740284879836341  0.65688131130257177  0.66589791980267576
  0.67482512630394265  0.68403074825996357  0.69382060166556170  0.70476347740484879
  0.71537194443180452  0.72540399015926871  0.73635650181541379  0.74726150051807860
  0.75832477363942574  0.76930678473787428  0.78076583274924671  0.79256869648810080
  0.80344513702520759  0.81374394409823392  0.82448165216090563  0.83574393744461872
  0.84788190404817609  0.85938733920247257  0.87032175208332641  0.87956570492458375
  0.88885609505299001  0.89912837070973284  0.90970092300964722  0.91955267784519912
  0.92888343825706354  0.93836673254853176  0.94855104882750396  0.95847843850838632
  0.96870321579775587  0.97855357340733395  0.98946842697271431  1.00000000000000000
 -0.00010786449647426  0.00024924365221671  0.00041885013841083  0.00062139312808114
  0.00081902332328464  0.00100394603602497  0.00117360010803604  0.00133912764855264
  0.00150217750926242  0.00166691277504428  0.00182943938841142  0.00198498693848562
  0.00213857846462181  0.00228134751283816  0.00242303514775225  0.00256528445746106
  0.00271321902051064  0.00285364404723287  0.00298349739177079  0.00311174991877677
  0.00324118266740709  0.00337081314369590  0.00350690970164517  0.00364299404861892
  0.00378526949362592  0.00392972658457319  0.00406827787491865  0.00421327626493050
  0.00435434873936541  0.00447319169018512  0.00458154119055841  0.00468624083601056
  0.00480077091442714  0.00491817500264810  0.00504156145935605  0.00517641935766964
  0.00530442434713752  0.00542267320547333  0.00553543967075238  0.00564891219547429
  0.00576164609874085  0.00588313555194680  0.00600590231794780  0.00615921221854037
  0.00631103671345882  0.00642235062817850  0.00652611787910890  0.00660138200755545
  0.00668057979353759  0.00676241683742957  0.00684776086650273  0.00699158149057533
  0.00712220543656501  0.00722844691692394  0.00732570246481973  0.00742166332739280
  0.00753260111002604  0.00766313895729677  0.00782817002543892  0.00794984370528871
  0.00802531515730486  0.00809684048304112  0.00816664069818823  0.00825449509776585
  0.00835946328816062  0.00851730663192911  0.00868553599384073  0.00881603412015623
  0.00893762354031340  0.00905784841763139  0.00917335997505055  0.00927116291064030
  0.00939191032913243  0.00953447380054245  0.00965879392526232  0.00977523833237183
  0.00989890759716718  0.01005024450212492  0.01015417300703962  0.01026283879277003
  0.01038069132356822  0.01045251638586748  0.01056643417640766  0.01073481020013778
  0.01100940483035543  0.01132825422895093  0.01153156938771020  0.01173134272504781
  0.01192739696933910  0.01211856168852450  0.01229985919080364  0.01251940561845115
  0.01278924314469257  0.01293897493540745  0.01295053634978250  1.00000000000000000
 -0.00235690889228900  0.01014039361405942  0.01926581026740292  0.02870918720182826
  0.03762051199450776  0.04771210594227906  0.05799355388101593  0.06879611941756689
  0.07933375083078864  0.09009226213227520  0.10102215832129709  0.11194457020466304
  0.12323331450820806  0.13513225608660745  0.14642966080888911  0.15766329962603365
  0.16794329961100513  0.17722287849133173  0.18639822384352159  0.19513812878702119
  0.20386832888194104  0.21241521081700313  0.22134535584495962  0.23119445026442603
  0.24146046974790175  0.25098685063834797  0.26008711204359058  0.26949425369398017
  0.27903360816642137  0.28804556883353555  0.29702023793868776  0.30559201951297804
  0.31408393267482160  0.32296347844389073  0.33253921440895529  0.34186311433448030
  0.35039353478752872  0.35889001586574987  0.36781303135797533  0.37931098195592394
  0.39066693656717838  0.40264205868765157  0.41446236391907254  0.42622462625079754
  0.43822489128579412  0.45123274461635071  0.46413257327630381  0.47703155158421273
  0.49066335747231243  0.50363404566540226  0.51586278422038212  0.52957729965611622
  0.54305653027313461  0.55444992000482118  0.56542132867223971  0.57719948396324439
  0.58969300166231098  0.60194723881290479  0.61393312221842344  0.62632477809255371
  0.63778561931629185  0.64853713026332649  0.65873721224528392  0.66900877000270431
  0.67914169373593980  0.68893340781628776  0.69869593193968060  0.70802272533913291
  0.71708533811856012  0.72634269280856389  0.73528923823261338  0.74435173694267198
  0.75343441873187511  0.76309129394245478  0.77260368627425557  0.78264355208338177
  0.79301929609657373  0.80385108064781585  0.81499755249256600  0.82571855913024905
  0.83599476361741831  0.84585620383055349  0.85539762562488941  0.86488874921586045
  0.87447777125062687  0.88475477397773095  0.89510101812740406  0.90530953129153291
  0.91567011429090572  0.92667603273221744  0.93830835578263305  0.95132368186260208
  0.96400179663658792  0.97614568752173470  0.98746473616941099  1.00000000000000000
  0.40993478002419265  0.48803744149410477  0.50099112241365995  0.51561514547106613
  0.53339596080051177  0.56218914847229007  0.57768228299544688  0.58780720376295015
  0.59615757346327825  0.60368964178604634  0.61058784428559731  0.61748854586531665
  0.62452663358105909  0.63147233557637517  0.63854151989445385  0.64538633687789804
  0.65274271881126222  0.65952215507851608  0.66515600229129512  0.67035472349611580
  0.67558817757536416  0.68113031693872017  0.68645744750334770  0.69134229413598658
  0.69615290687405984  0.70057165979210656  0.70495085084796805  0.70963458739804142
  0.71461650032058066  0.72059544550843380  0.72666200975528283  0.73294079902518816
  0.73958104326941676  0.74636780680690795  0.75285316470246244  0.75870304531820087
  0.76434932108842191  0.77022134764737038  0.77683316749120201  0.78398963132495969
  0.79084184299312166  0.79693454210280823  0.80270164623318097  0.80837321703141785
  0.81430445736630008  0.82071817699157568  0.82748159750821881  0.83432288291772461
  0.84109099974973045  0.84743411259434698  0.85361981167701639  0.85941280303897860
  0.86540695232730969  0.87098184682250157  0.87639497022717328  0.88167443564112735
  0.88684062762847093  0.89204449386584383  0.89684716458266922  0.90150848673502815
  0.90610420492490451  0.91062143196484358  0.91499298939457430  0.91904284598336461
  0.92291298422381851  0.92679648329716968  0.93056419443891114  0.93416835663702291
  0.93759837018952308  0.94085492429683715  0.94401409304076644  0.94710178368335818
  0.95008245518963164  0.95291067989145317  0.95555084211494024  0.95817420891703364
  0.96067841108636676  0.96313749148617434  0.96563484721180637  0.96804528819693059
  0.97030283775758241  0.97240754533092111  0.97453277231141033  0.97658217905811961
  0.97861464960756994  0.98068896258125915  0.98256791955857936  0.98436762848506520
  0.98609289544429024  0.98764953541670697  0.98921730716826906  0.99079518905699082
  0.99255635535442477  0.99454870904625903  0.99693315342646671  1.00000000000000000
 -0.00944422815177904  0.08206920845471632  0.10855912563089544  0.12829084794108420
  0.14618643000660261  0.16171865338963820  0.17386025345625752  0.18374790073062805
  0.19309481970552606  0.20166883323820831  0.21027345799052777  0.21869092419970587
  0.22629517961558279  0.23355971973918457  0.24071511957841285  0.24803256163472220
  0.25524184320995935  0.26214498137372050  0.26872002194189165  0.27532204873794103
  0.28154442365512145  0.28813603124866094  0.29464002897231417  0.30136589460031360
  0.30820349164423344  0.31453643463029846  0.32057320315840515  0.32643426685758914
  0.33220244048255493  0.33827546615973964  0.34471372478622064  0.35129115278191286
  0.35748570868058765  0.36348682292181766  0.36964219226007378  0.37658012999978180
  0.38408420073021782  0.39136530637963557  0.39862116421133570  0.40564272532531237
  0.41283164458015520  0.42013982406823730  0.42756251073806639  0.43483964519560608
  0.44148512831291553  0.44799534149591658  0.45449927010806174  0.46127324276260062
  0.46841063080543982  0.47482857999723821  0.48096604435075868  0.48698151759309544
  0.49303497631729948  0.49954851885020868  0.50649590750863360  0.51350938602560292
  0.52040269748699097  0.52766220667900132  0.53525021281169172  0.54289127829453299
  0.55041072555702675  0.55781217795032645  0.56476189751134209  0.57165614942530496
  0.57855383722589770  0.58545295954214627  0.59230343044048983  0.59897449364377175
  0.60560252023852801  0.61232394808991131  0.61929508458237115  0.62586422807732089
  0.63296035491319880  0.63893246376508683  0.64563748725439496  0.65249439779066121
  0.66012581415110272  0.66836796012198185  0.67694119407000342  0.68541606308071834
  0.69338551487744904  0.70118032360402627  0.70928757286650013  0.71765809792473945
  0.72619783687656225  0.73544688418661919  0.74472296255324066  0.75573492450997393
  0.76888992551620527  0.78193294382988265  0.79656464930090798  0.80980300726178189
  0.81990727267331620  0.83357072538379851  0.85640153913270201  1.00000000000000000
   1.6355249280486849E-007  -1.0000000000000000     
 F F F F F F F F F F F F T T T T F F F F F F F F T T T T F F F F F F F F T T T T F F F F F F F F T T T T F F F F F F F F F F F F F F F F F F F F F F F F F F F F F F F F F F F F F F F F F F F F F F F F F F F F F F F F F F F F F F F F F F F F F F F F F F F F
  <DiscreteSampler_grid>
  grouped_processes
  1 # 1 for a reference and 2 for a running grid.
  10 # Attribute 'min_bin_probing_points' of the grid.
  1 # Attribute 'grid_mode' of the grid. 1=='default',2=='initialization'
  0.0000000000000000 # Attribute 'small_contrib_threshold' of the grid.
  0.5000000000000000 # Attribute 'damping_power' of the grid.
 # binID   n_entries weight   weight_sqr   abs_weight
    10   10   1.638128049873285E+002   2.222384023843130E+005   1.638128049873285E+002
    16   10   1.638128049873287E+002   2.222384023843134E+005   1.638128049873287E+002
  </DiscreteSampler_grid>
