  0.00000074372515031  0.00000125012975830  0.00000159420139572  0.00000192885105034
  0.00000221416368775  0.00000253318466064  0.00000291640430421  0.00000337998803699
  0.00000391451712066  0.00000456024298456  0.00000523978268032  0.00000584546632568
  0.00000636481594306  0.00000685907044809  0.00000750433184315  0.00000822785643824
  0.00000893995838858  0.00000965097929095  0.00001049022614601  0.00001152148066644
  0.00001249617433924  0.00001336125476873  0.00001424647290975  0.00001521870285527
  0.00001624216311148  0.00001721030055749  0.00001826683929672  0.00001943135053100
  0.00002044375192252  0.00002217505263397  0.00002422333323263  0.00002620629306954
  0.00002808165156862  0.00002977097161334  0.00003116933558475  0.00003239730590661
  0.00003378548540780  0.00003510598875545  0.00003671339969711  0.00003873365250935
  0.00004092929281473  0.00004273533004527  0.00004470320010597  0.00004684434535802
  0.00004954363122542  0.00005193902730763  0.00005480809945372  0.00005797446409928
  0.00006117289172913  0.00006545924064041  0.00006998115833315  0.00007422632038218
  0.00007956616877578  0.00008579162520011  0.00009264862920206  0.00010082337159352
  0.00010858365056528  0.00011626574431356  0.00012410389924081  0.00013323646093151
  0.00014473839076785  0.00015633901567395  0.00016780120377715  0.00017938878106024
  0.00018989418209367  0.00019756719956060  0.00020554533813033  0.00021461848404432
  0.00022436626687945  0.00023443864943981  0.00024383617140699  0.00025398424559804
  0.00026495495328598  0.00027791204472421  0.00029453185288590  0.00031368420431518
  0.00033548850594064  0.00035935659946756  0.00038443889262268  0.00041068731557848
  0.00043909655188156  0.00047009488494575  0.00050607798209633  0.00055073441589138
  0.00060919226417593  0.00068589032523526  0.00077464497732298  0.00089737698943550
  0.00114415742965391  0.00158738538408627  0.00220266510062259  0.00303272965917037
  0.00426645739723332  0.00564611054716207  0.00658308233661233  1.00000000000000000
  0.00000068363812074  0.00000108960876554  0.00000149754993813  0.00000193515029296
  0.00000248900565650  0.00000330098178322  0.00000416030480158  0.00000505016498392
  0.00000616997577380  0.00000766819226572  0.00000956858516054  0.00001187925044944
  0.00001448022168178  0.00001731700678392  0.00002039242108651  0.00002368685284392
  0.00002641750705494  0.00002946786391021  0.00003282109919650  0.00003647766688548
  0.00004142076452311  0.00004912307363891  0.00005771498777060  0.00006517488964593
  0.00007166434367136  0.00007742249886606  0.00008237632185463  0.00008661791180430
  0.00009100339510550  0.00009575291628589  0.00010052752906533  0.00010715081272024
  0.00011466897703003  0.00012242672764265  0.00013188304940783  0.00014153256255042
  0.00015099299230226  0.00016166629430909  0.00017326588159415  0.00018521932291559
  0.00019757502073761  0.00021083914136975  0.00022490734828950  0.00023957567963316
  0.00025707832861318  0.00027564211493531  0.00029465920346398  0.00031397222165580
  0.00033444445918825  0.00035871609435401  0.00038504781240165  0.00040580156157858
  0.00042405375885713  0.00044051085756867  0.00045521765980622  0.00047237208319859
  0.00049348537904253  0.00051572894113681  0.00053945697707137  0.00056400301579612
  0.00059005440741590  0.00061249136367753  0.00063447294458766  0.00065652247913612
  0.00068237041536402  0.00071106066763186  0.00074025076132732  0.00078171218104681
  0.00082804230661183  0.00086032581368533  0.00089104867053847  0.00092097570484140
  0.00095155182060773  0.00099355313779588  0.00104287856853382  0.00109737554240611
  0.00116671841875449  0.00128249949907801  0.00153029555564060  0.00177809161220318
  0.00182295186578997  0.00184997349108623  0.00188052914768853  0.00191274080447645
  0.00194513917617655  0.00197494470282022  0.00200284873540031  0.00203496649220908
  0.00206627335085217  0.00209488277168201  0.00212891751583152  0.00217473926684272
  0.00226384286151807  0.00234075669895440  0.00243573214687992  1.00000000000000000
  0.00000262174028424  0.00000321037945587  0.00000367829926279  0.00000421561142209
  0.00000484363952475  0.00000562903221444  0.00000645940880432  0.00000731085550944
  0.00000832016623894  0.00000940142655483  0.00001047387173755  0.00001153600213345
  0.00001261570893257  0.00001381666715545  0.00001483706287787  0.00001568170854799
  0.00001666101591974  0.00001781594392189  0.00001877635334795  0.00001966923011437
  0.00002064546907352  0.00002169058964323  0.00002284044414228  0.00002412524752329
  0.00002556981860207  0.00002726042430501  0.00002903886126155  0.00003088286704690
  0.00003270875625742  0.00003454236592844  0.00003634979068626  0.00003825449136877
  0.00003999262623497  0.00004247441101411  0.00004603090168644  0.00004988975695609
  0.00005367247126503  0.00005740046961284  0.00006111165832569  0.00006505966241384
  0.00006936781338572  0.00007406486527034  0.00007918931673557  0.00008457989310223
  0.00008959444951594  0.00009389347902649  0.00009822015478980  0.00010260172285266
  0.00010626371818951  0.00011056427994652  0.00011482323394894  0.00011864528244124
  0.00012209961625497  0.00012588598485903  0.00012974448275785  0.00013363213002001
  0.00013794250611235  0.00014368161893668  0.00014938006862801  0.00015532756310610
  0.00016035776818577  0.00016706631455490  0.00017364187380345  0.00018063958741014
  0.00018890348789957  0.00019920423398931  0.00021046868022820  0.00022321336193099
  0.00023927100284125  0.00026067245488034  0.00029010794779968  0.00031966177824560
  0.00034668595107905  0.00037171085614248  0.00039633714249520  0.00042135782006331
  0.00045102737015772  0.00048256858694871  0.00051479343181644  0.00054838779043279
  0.00058794453804695  0.00064935322194803  0.00071416671589758  0.00078171970638895
  0.00086273838388109  0.00099808873141390  0.00121092439047382  0.00145344092934684
  0.00166707143166908  0.00181153348842562  0.00202285787928495  0.00246290023763152
  0.00359342154779449  0.00551728076023349  0.00746026116100576  1.00000000000000000
 -0.00095325364893665  0.00464586933296027  0.00975919463797066  0.01405348442586031
  0.01835219227741249  0.02208607834422652  0.02549742227309329  0.02921116642119175
  0.03263977084357651  0.03640042788296138  0.04048794559433103  0.04430363422001294
  0.04771012766862540  0.05087292256107172  0.05402274422588788  0.05711490297307615
  0.05992748230882811  0.06276283576753251  0.06587626956221040  0.06911265284998001
  0.07245418421785770  0.07588447284737461  0.08215632578039096  0.08670182383279901
  0.09094020130105025  0.09505151034896031  0.09916493951539905  0.10315382793592041
  0.10681953357716464  0.11041127235094120  0.11409316774627021  0.11841463274603535
  0.12328672364898102  0.12804249768725251  0.13298256148731083  0.13804037299595889
  0.14305167217744086  0.14906500745271256  0.15650865593223726  0.16436615771890498
  0.17234227450809303  0.18011956539707558  0.18950647179238950  0.19897392039945613
  0.20756912345056117  0.21503754840766570  0.22189640586699180  0.22842993596866007
  0.23513008189126139  0.24219050328851827  0.24836254292716389  0.25566778809731983
  0.26302372879748825  0.27091418738541867  0.27886000150811840  0.28635687522389403
  0.29407171461692855  0.30267910556361044  0.31157304728464691  0.32011544452091928
  0.32766139205893857  0.33633130413646706  0.34642572579991532  0.35599692484663692
  0.36374422949971114  0.37123621443053989  0.37873966812237314  0.38717394536237104
  0.39554822166660253  0.40277442519532358  0.40999768797338837  0.41781551383559806
  0.43194701764140364  0.44429149446259664  0.45640705539410420  0.46830749086139678
  0.48305663639786589  0.49984970968636638  0.51997683597179001  0.53941784375050850
  0.55768793417313589  0.57731808217538816  0.59964469928526842  0.62681191052822449
  0.65079249483972479  0.67108470937506659  0.68911869618957622  0.71083788704781581
  0.73417414578764728  0.75898774161108240  0.78547172745031768  0.82047147368653151
  0.85743822149745175  0.90036728798104093  0.94608927680362032  1.00000000000000000
 -0.00181933046789758  0.00674555611243806  0.01627077361138071  0.02511601130904285
  0.03632510881046165  0.05029926983303702  0.06527508357569885  0.08054516562944015
  0.09474609900926283  0.10619881820603629  0.11627744347102108  0.12584108254688148
  0.13565447793566385  0.14665907072762702  0.15878188134654012  0.17255072071117999
  0.18708343375729078  0.20002779030885603  0.21130566840735757  0.22204210336132277
  0.23130718137295722  0.23835590335190021  0.24432829910023554  0.25067757111622907
  0.25800395164942863  0.26497702577371229  0.27105849948023997  0.27716637789874565
  0.28257282657422333  0.28727144574527386  0.29244543850776999  0.30211015565528715
  0.31297313979269531  0.32619550964336586  0.34133096343465752  0.35372054778203715
  0.36647936629840505  0.37803165867465854  0.38852088662547463  0.39917118198501533
  0.41052047471524927  0.42098777316741332  0.43214512536257349  0.44564131628892428
  0.46034409287479855  0.47474447926503932  0.48876455534015867  0.50172479167965012
  0.51229689435899428  0.52282008739087615  0.53518996597370394  0.54576890669831890
  0.55434261339924595  0.56384775599321901  0.57413984689308961  0.58416992663898171
  0.59409182010597927  0.60553863459493151  0.62075983224010278  0.63506244117262411
  0.64726863483541397  0.65791171486895139  0.66780657138837529  0.67711243143800948
  0.68522916728614380  0.69367018761410981  0.70219597447191795  0.71356125738001952
  0.72587939358436815  0.73750067408453501  0.74885461926125430  0.76086240387333659
  0.77473657166988996  0.78807463066618599  0.80108258037650837  0.81193545910100218
  0.82293432555474733  0.83428499348313356  0.84662179587628739  0.85791840219001125
  0.86858634180752192  0.87639743805583714  0.88234273592862467  0.88861620363000937
  0.89654205925747565  0.90372199284807853  0.91069299627170830  0.91748894545085347
  0.92543035169324217  0.93411721888063315  0.94440753347859130  0.95604460575040162
  0.96820810222001341  0.98007593496206435  0.99031560970744015  1.00000000000000000
 -0.00304666659686443  0.01172721832981168  0.02414665048941569  0.03451315320278749
  0.04434788724962744  0.05371555521835608  0.06396801240357108  0.07451115790560713
  0.08447291195588152  0.09469108456545253  0.10716435682953979  0.12315993924798296
  0.13868349474612063  0.15223219777219252  0.16330365758586643  0.17305680212440833
  0.18327172940923794  0.19555734986161358  0.20908720421522925  0.22248380102452173
  0.23622482561992258  0.25066761066881793  0.26334333497545054  0.27550176198710269
  0.28708727558327107  0.29811701210647817  0.31121510412440928  0.32536048932181411
  0.33820413690583179  0.34909571724665167  0.35918967604334878  0.36935110904131258
  0.37918173899901869  0.38762720644560172  0.39579665921821894  0.40337198312204536
  0.41076856247364685  0.41989467320213780  0.42822327976878116  0.43586593067326396
  0.44563352949095536  0.45552036835096577  0.46443469758265687  0.47366205056548799
  0.48296840831386956  0.49452407760955963  0.50780738345118703  0.52024074066606474
  0.53175013582489783  0.54284200522173165  0.55349793096347322  0.56275836068541252
  0.57040337932873042  0.57783431322633705  0.58551436125161838  0.59326332456401165
  0.60137889963889246  0.60880785406781002  0.61551059151867438  0.62360834507663310
  0.63572554590502917  0.65095868288158953  0.66626304519274682  0.68024723958571132
  0.69243254520718334  0.70198153199782187  0.71075625824055311  0.72022149307230821
  0.73019654106912502  0.74202200795992590  0.75369185835672403  0.76613886190424962
  0.77863179605869604  0.79176805157534058  0.80619911646717435  0.81674917159783256
  0.82410217746627579  0.83215294635054604  0.84100713782394410  0.84912966839804760
  0.85668162212875931  0.86480388308638489  0.87323543178265550  0.88097201094007982
  0.88887295978644776  0.89641089476158953  0.90413629282932773  0.91141196908822786
  0.91844353903342946  0.92539159782961022  0.93393785946368568  0.94468909383487465
  0.95852674360604173  0.97223471409407802  0.98526018136739524  1.00000000000000000
 -0.00054408858984093  0.00190392716928335  0.00449273979650051  0.00611836992428073
  0.00761256515960786  0.00901488734648830  0.01032764413901999  0.01144206221193872
  0.01237515219354499  0.01325459141067171  0.01411649105016066  0.01495402716420052
  0.01569620630906358  0.01644295744350572  0.01719397179853645  0.01795219466987281
  0.01870581264585372  0.01938289126952977  0.01995244927191865  0.02049285750703543
  0.02100571972490300  0.02156267254936390  0.02218070658979160  0.02303259126862735
  0.02397377125773061  0.02495072425452509  0.02605881772332135  0.02728431217430155
  0.02840154975989327  0.02937337516188442  0.03012471130938637  0.03081201308594102
  0.03144732953868326  0.03211289383930094  0.03277607404832514  0.03343763582981650
  0.03409501556842674  0.03447886822678602  0.03486272088514529  0.03525163748786905
  0.03564304683219372  0.03603915673100569  0.03644339557552768  0.03696179765740999
  0.03836775146291386  0.03928514387908837  0.04007469680366902  0.04086646783533176
  0.04133219738019815  0.04172569538983641  0.04214915526178728  0.04296614425121069
  0.04378313324063410  0.04443126945772161  0.04468927828305080  0.04494728710837999
  0.04526985461844562  0.04564844728778528  0.04603857222472876  0.04642911253005071
  0.04681824678221774  0.04776709261881042  0.04823287521012907  0.04847977330148438
  0.04871136680877092  0.04890454867852742  0.04909673654556093  0.04928822767883890
  0.04946596255072038  0.04964021613260328  0.04983917741857674  0.05135384640594320
  0.05179332607557115  0.05198242225776492  0.05218283030079174  0.05254755240448627
  0.05294542410977978  0.05335777565512178  0.05767494423175250  0.05793611967010448
  0.05828251081051689  0.05845207817026309  0.05854502997047283  0.05864036738990799
  0.05873671340457873  0.05885748456098147  0.05911662613555280  0.05947727274902962
  0.05962764360173856  0.05996057458135756  0.06139582393734628  0.06411066636920607
  0.06570546952059561  0.06620177270027523  0.07056819025794371  1.00000000000000000
 -0.00275641956872898  0.00874464993357895  0.01967120399049669  0.02950955321932182
  0.03877717849607983  0.04766933093916115  0.05481084334042269  0.06374408453386315
  0.07290692536941872  0.07945955565025262  0.08550373510036985  0.09150677172470971
  0.09801605485149956  0.10613153239352474  0.11551084002451407  0.12465518595126077
  0.13307180316822070  0.14052336339814617  0.14707937510664293  0.15332446876796260
  0.15979002857927299  0.16642114038996689  0.17775797906643942  0.18785960723814871
  0.19890335831563127  0.21017321994121005  0.22102977345154648  0.23041899851699177
  0.23837750460337773  0.24905817791718932  0.25906091788462215  0.26983464964592890
  0.28066369013652520  0.29166558774690987  0.30197018743765774  0.31200392398116017
  0.32281903626608749  0.33384493818789795  0.34322160413166808  0.35116583860391237
  0.36300045525557029  0.37538771775613688  0.38295920446293497  0.39014170854074826
  0.39792442750359625  0.40559266547218331  0.41282467275691659  0.42077181795983681
  0.43015654950558563  0.44368740626041425  0.46025903457208972  0.47389012930851998
  0.48591722290941325  0.49790173427459672  0.51155178048201944  0.52827183677399314
  0.54502559941901574  0.56462048773178264  0.58265130317290437  0.60272210946799398
  0.62202356445874496  0.63882367978237220  0.65392881201157116  0.66827450432516133
  0.68181401814002773  0.69449559525393723  0.70706341662060290  0.71899596820455924
  0.73299516145468402  0.74505838369263677  0.76047089417090685  0.77699864339746438
  0.79121867050241934  0.80296474009536434  0.81294045169520168  0.82187964769224642
  0.83413639321450106  0.84478567477326216  0.85404489801847339  0.86314420414270321
  0.87343991423420686  0.88351001541939378  0.89306220114897861  0.90349616537385458
  0.91441265135606309  0.92552688923009319  0.93542002856563655  0.94380492939897553
  0.95128245979229786  0.95857667001805480  0.96544538195547458  0.97294934824126766
  0.98088253800146985  0.98767733568757565  0.99403333778055880  1.00000000000000000
  0.47052233544749533  0.56517766964243199  0.63005176427570719  0.67212597033683785
  0.70681535118219829  0.73983027839471360  0.76923219573153256  0.79034579221208834
  0.80839729030614804  0.82564772343662851  0.84082493391634794  0.85445002553702276
  0.86647706675995084  0.87702027694615881  0.88663173029248254  0.89614280808465663
  0.90302820686384178  0.90975071741484581  0.91659334765093192  0.92275658696290674
  0.92823288062534770  0.93326742818786856  0.93763274764135696  0.94052297949542873
  0.94316599813705515  0.94562374066388422  0.94773799158722538  0.94986316358828160
  0.95223712565258056  0.95477387855614593  0.95715532630219102  0.95908201064712706
  0.96052999446739706  0.96193490606295107  0.96336561367292750  0.96482069006505766
  0.96623848259417788  0.96751781367195511  0.96871559711761668  0.96985170846463642
  0.97097393617539862  0.97203488505084823  0.97301459327751894  0.97395744921892957
  0.97489219184118725  0.97578483168828156  0.97668696714875858  0.97754567589137675
  0.97837415703005570  0.97919103082134340  0.97998857944136564  0.98073062760710039
  0.98146637361533373  0.98217666874952680  0.98277801248855001  0.98334556450589228
  0.98393323746127193  0.98451508677300936  0.98509099919320475  0.98568651645503746
  0.98634562860207498  0.98702999925364165  0.98766385026575598  0.98820402771116500
  0.98873373354251104  0.98925703681746135  0.98978100044255102  0.99031994527787626
  0.99086515904655414  0.99138404571546546  0.99187693118621423  0.99234795426630062
  0.99279288975901014  0.99320085628919863  0.99358921181896132  0.99393809683610135
  0.99427683824292712  0.99460697612878024  0.99489387917654304  0.99517145902974602
  0.99543223652981994  0.99568355091240046  0.99592503698048185  0.99618135465044877
  0.99644876852305186  0.99671152322953105  0.99696691854108865  0.99719601560447768
  0.99741649946073752  0.99762513985779377  0.99785157747018016  0.99809810732965498
  0.99838747608948641  0.99872044309507924  0.99917392490906598  1.00000000000000000
  0.00581248054978120  0.06143560491592275  0.11507764025470113  0.14574251101576738
  0.16302232735608280  0.17708296553992875  0.19096071021234906  0.20415584055494662
  0.21608337397637062  0.22682095372444097  0.23631014409767506  0.24477768848481984
  0.25197558328557784  0.25901719603845408  0.26571498208923577  0.27209723230875743
  0.27927684149580212  0.28721808039577845  0.29497224287611751  0.30180090761562040
  0.30841489102269493  0.31592741539388691  0.32483161832524093  0.33332722168302492
  0.34210954965872958  0.35082707957641307  0.36131734890680722  0.37156060521403989
  0.38140786968311163  0.39121325301571303  0.40094945498643930  0.41043850696275341
  0.41993577608576932  0.42706468143799720  0.43334061559034454  0.43943466082313565
  0.44564561928233798  0.45179041242692314  0.45908055247380458  0.46535372831088401
  0.47143421686268705  0.47737381406326046  0.48358244375939990  0.48975101700170792
  0.49590343836042361  0.50206367790065465  0.50774423524819501  0.51400020804545088
  0.52041195093295611  0.52784826078263902  0.53637329589033123  0.54433049332628325
  0.54965622806734471  0.55484758199483941  0.55974894467992831  0.56459843254301978
  0.56997945377000825  0.57562202509036642  0.58183712093398754  0.58793224588253057
  0.59413442541811501  0.59961913502922537  0.60409520849994292  0.60967446017602867
  0.61551321728602426  0.62088842426368596  0.62624114072812542  0.63132384194982349
  0.63642181759119376  0.64153795428458149  0.64708712054041861  0.65534095167424422
  0.66350976146314689  0.67133185518373184  0.68151127497399278  0.68867945470039504
  0.69433252518426491  0.70073823996459950  0.70701852877194904  0.71279355101164665
  0.71857861196068762  0.72331355773098005  0.72799432835864297  0.73290967961926645
  0.73894383868236224  0.74448964386731686  0.74929208313562246  0.75749849835156813
  0.76866383124495175  0.77940209590181297  0.79349692457124898  0.80806317505425918
  0.82684619223581191  0.85891162991434966  0.95680939583971836  1.00000000000000000
   2.7657636126561368E-009  -1.0000000000000000     
 F F F F F F F F F F F F T T T T F F F F F F F F T T T T F F F F F F F F T T T T F F F F F F F F T T T T F F F F F F F F F F F F F F F F F F F F F F F F F F F F F F F F F F F F F F F F F F F F F F F F F F F F F F F F F F F F F F F F F F F F F F F F F F F F
  <DiscreteSampler_grid>
  grouped_processes
  1 # 1 for a reference and 2 for a running grid.
  10 # Attribute 'min_bin_probing_points' of the grid.
  1 # Attribute 'grid_mode' of the grid. 1=='default',2=='initialization'
  0.0000000000000000 # Attribute 'small_contrib_threshold' of the grid.
  0.5000000000000000 # Attribute 'damping_power' of the grid.
 # binID   n_entries weight   weight_sqr   abs_weight
    10   10   4.784558345152478E-001   1.438576755272414E+000   4.784558345152478E-001
    16   10   4.784558345152478E-001   1.438576755272414E+000   4.784558345152478E-001
  </DiscreteSampler_grid>
