  0.00000053095110335  0.00000086441537977  0.00000095981885208  0.00000106016709361
  0.00000116295626839  0.00000125031011692  0.00000132997310994  0.00000144542511441
  0.00000157861064220  0.00000173728596607  0.00000191993618792  0.00000211141860653
  0.00000231135447534  0.00000252944176737  0.00000274887304591  0.00000298959507451
  0.00000322766383478  0.00000350518058666  0.00000382018001172  0.00000419748095398
  0.00000464288301638  0.00000513575759598  0.00000564599331921  0.00000613966475548
  0.00000665743270123  0.00000719422006481  0.00000782993085159  0.00000850801585874
  0.00000923669103235  0.00001000221282018  0.00001079777521007  0.00001162550869834
  0.00001246745010675  0.00001324199324726  0.00001403801198818  0.00001491061362680
  0.00001588415901805  0.00001688331882667  0.00001800582782928  0.00001928492828922
  0.00002063420842060  0.00002209466753470  0.00002368448809892  0.00002535135463108
  0.00002730278468695  0.00002944665204986  0.00003183312277229  0.00003436365986356
  0.00003711343706231  0.00004035459650624  0.00004376546395602  0.00004764192881375
  0.00005204816995389  0.00005665256879101  0.00006141459746143  0.00006665757033201
  0.00007241897258641  0.00007905624064990  0.00008650972737777  0.00009508180382207
  0.00010472819917359  0.00011378003299046  0.00012290383132302  0.00013404656687197
  0.00014651205171201  0.00016056034075031  0.00017639595206168  0.00019724239554586
  0.00022297559760393  0.00025272821998837  0.00027362810140194  0.00029502271486422
  0.00031679596683399  0.00034007544825272  0.00037515532963442  0.00041960330566016
  0.00047945308935197  0.00054961896572387  0.00062023988136615  0.00069530391521028
  0.00077762796348203  0.00087433899487949  0.00097216066863383  0.00107124826176885
  0.00118469107247306  0.00131521740641236  0.00150172499419400  0.00171504050326793
  0.00199728057673845  0.00236675310638706  0.00313858667637342  0.00398684409556448
  0.00463549807430173  0.00566681031027738  0.00715403476947626  1.00000000000000000
  0.00000087933955850  0.00000098046413529  0.00000111843354731  0.00000125074870960
  0.00000137316706690  0.00000147688791761  0.00000158097114393  0.00000169579727305
  0.00000182725212242  0.00000197379930047  0.00000212493436698  0.00000230176770944
  0.00000250437564474  0.00000271998218653  0.00000293702553659  0.00000316671324553
  0.00000341914025503  0.00000368494663392  0.00000394930272862  0.00000421403725453
  0.00000451297638688  0.00000487154767438  0.00000530125796743  0.00000575998162785
  0.00000632054843064  0.00000698003874030  0.00000762250662214  0.00000821602574746
  0.00000877482628102  0.00000936684648212  0.00000997741099741  0.00001059029471692
  0.00001120884901435  0.00001184401682888  0.00001257276001168  0.00001334356892340
  0.00001418357454265  0.00001518492770640  0.00001622607694613  0.00001733891303880
  0.00001853642526457  0.00001972122108673  0.00002096886335061  0.00002221679317956
  0.00002357921400003  0.00002509764650432  0.00002682069587664  0.00002886005781088
  0.00003112562607985  0.00003356507055563  0.00003615218749873  0.00003907312595562
  0.00004205743120565  0.00004500234210954  0.00004776953881971  0.00005047119965159
  0.00005312521257155  0.00005612015653723  0.00005946731036132  0.00006317416926026
  0.00006774535474301  0.00007275499152875  0.00007890498372867  0.00008590583695004
  0.00009312607429521  0.00010054835635768  0.00010912156207286  0.00011952805715370
  0.00013133150782874  0.00014259417981122  0.00015248368908991  0.00016337746020243
  0.00017525986256576  0.00019134886790887  0.00021012267186892  0.00022824789895262
  0.00024552985481862  0.00026380095220934  0.00028424953388302  0.00030738237240091
  0.00033355131245629  0.00036126033921283  0.00039094612687131  0.00042397709155728
  0.00046246323288054  0.00050435251544864  0.00055349399687877  0.00061067275652992
  0.00067213283085569  0.00074485793924966  0.00083130556981508  0.00094384071004628
  0.00103053085351446  0.00113873213291063  0.00128898975842558  1.00000000000000000
  0.00000253665274415  0.00000551635592619  0.00000882609719422  0.00001328444262568
  0.00001807878912112  0.00002281751646969  0.00002798554506444  0.00003349933737215
  0.00003914546531202  0.00004476295076114  0.00005032893293022  0.00005650390906175
  0.00006323932856590  0.00007001360110421  0.00007647002752669  0.00008317043606080
  0.00008942428582405  0.00009553738092717  0.00010092438397426  0.00010604924537725
  0.00011170491127400  0.00011776614211954  0.00012481515009037  0.00013165918620190
  0.00013887671021849  0.00014696657540965  0.00015525851578406  0.00016399973762756
  0.00017350615190344  0.00018341150960288  0.00019404301997605  0.00020458312688014
  0.00021465221511682  0.00022526371825267  0.00023612233416995  0.00024755206716617
  0.00025986567467332  0.00027300258724383  0.00028676097059053  0.00030103945824722
  0.00031599101050859  0.00033110966702204  0.00034437745168809  0.00035830681593901
  0.00037296057491077  0.00038805338829910  0.00040429898603553  0.00041832063903665
  0.00043142938080641  0.00044377120756053  0.00045615156205781  0.00046788633379052
  0.00047828294343237  0.00048879129731344  0.00049977445887751  0.00051182958631057
  0.00052519474148789  0.00053920965009925  0.00055444355944721  0.00056987350005540
  0.00058578300798948  0.00060103722501360  0.00061348558941061  0.00062784684819252
  0.00064364818379656  0.00066084589679225  0.00068044033012777  0.00069869014015580
  0.00071656524424407  0.00073514170658140  0.00075847955209379  0.00078366681264399
  0.00080749356601849  0.00082960976761616  0.00085172182066157  0.00087909574291500
  0.00090796133272491  0.00093917927191248  0.00097235118125629  0.00099968210325980
  0.00102485455766403  0.00104909534196940  0.00107325193233244  0.00109912571393189
  0.00112903968054900  0.00116211081231199  0.00120379233196275  0.00123404502416126
  0.00125878335105033  0.00128436539072015  0.00131502894113526  0.00135994767528978
  0.00140649836328925  0.00144949752832276  0.00149145862336228  1.00000000000000000
 -0.00349055530698300  0.02156342068937612  0.04349642609143917  0.06264370370142308
  0.07973737507608883  0.09661416678517462  0.11354901001518897  0.13012757675173134
  0.14666139751395796  0.16453630713529560  0.18245619846475616  0.19802439295095806
  0.21297736805063805  0.22852562066564486  0.24263957106223163  0.25792183123413881
  0.27382273080509162  0.28916985703037468  0.30507080760456368  0.32151504793007385
  0.33841454522501380  0.35590883632774040  0.36943354034497372  0.38261195120960351
  0.39530878660688923  0.40920814701198244  0.42195816475831033  0.43189268299452632
  0.44148516861367626  0.45071265828284196  0.45981434515539299  0.46852934173339311
  0.47779965118550088  0.48894977151003421  0.50129043420800978  0.51347738507900331
  0.52459897258629595  0.53520094928790463  0.54604080548522316  0.55681697045470169
  0.56778965477285048  0.57841264666898484  0.58983679770219832  0.60080897359503327
  0.61027914745604195  0.61941737819643672  0.62840215039959402  0.63788912271649822
  0.64769154751121183  0.65810937679413617  0.66818525710298704  0.67865034762032161
  0.68859193502822102  0.69909764681148190  0.70906327449104223  0.71958918191263410
  0.72881055802356864  0.73677761665362518  0.74399412422004207  0.75134772258010463
  0.75893885865436406  0.76639520949597983  0.77363459658057654  0.78106128673911390
  0.78825778293108462  0.79618471482903774  0.80430924849743757  0.81330422502021804
  0.82307872435340890  0.83248025466283138  0.84101377168430569  0.84919574076546911
  0.85732076573110072  0.86614164961159912  0.87474388377787982  0.88348984807898334
  0.89169288784532430  0.89814187790439437  0.90316806884686551  0.90755135642536822
  0.91223103042852272  0.91674640022863418  0.92111868788415163  0.92698734101398472
  0.93320424090189369  0.93915635564964040  0.94480210056890701  0.95031200266233451
  0.95582654531818600  0.96194083541444098  0.96813895870455591  0.97431802184686167
  0.98034799792017224  0.98640719946836941  0.99290724435075228  1.00000000000000000
 -0.00341791084348723  0.01010523564760007  0.02185177233521025  0.03341295736569899
  0.04459338569417496  0.05480061365608305  0.06463146476379794  0.07390295403722198
  0.08431288992854909  0.09488708861836467  0.10546036406339250  0.11546496098120257
  0.12540706265172924  0.13671351532975579  0.14894524351063901  0.16055440771864599
  0.17161683566621039  0.18322544794418416  0.19597850103122416  0.20955301232617393
  0.22067443778504484  0.23079207009118041  0.24074414373436212  0.25121504028171499
  0.26136417883668994  0.27181068104392336  0.28161396569957142  0.29090092515289767
  0.29882345761157669  0.30723519930472026  0.31566971418429074  0.32371948148832513
  0.33247096733389947  0.34155498854065369  0.34997091261986119  0.35815262271092019
  0.36690711835198664  0.37671236344676295  0.38909042527015175  0.40234850631195695
  0.41608839268595615  0.43061276137233939  0.44691332422767616  0.46086429473037011
  0.47070902965383149  0.47913107705635627  0.48733699086301763  0.49662159417026636
  0.50652818611337669  0.51583208217974286  0.52535050882385559  0.53476764046697634
  0.54508154269967213  0.55660316337399129  0.56872836338592936  0.58082188093386922
  0.59276296703911635  0.60486500759126904  0.61739892378670691  0.63039952696288448
  0.64243455998417254  0.65488718304902482  0.66735878147745509  0.67953877885264014
  0.69159492787304688  0.70321967321640388  0.71464730606351246  0.72629609831349662
  0.73799082433177787  0.74990596032595469  0.76073538262470575  0.76927922860839049
  0.77708920512324375  0.78478219647021585  0.79238902756413698  0.80162956952340358
  0.81186481713461411  0.82239166394620267  0.83257374465241807  0.84191348959706036
  0.85071755888160683  0.85979638627127064  0.86944445236448620  0.87917256759676110
  0.88912785404856609  0.89912269924271382  0.90859308953449969  0.91784655088436329
  0.92733501021177300  0.93743123343768209  0.94798970052778408  0.95885758196791271
  0.96994854636392180  0.98059102046644164  0.99058259999906761  1.00000000000000000
 -0.00009029964254390  0.00076775166289894  0.00178413739531210  0.00385811182368866
  0.00620186032168091  0.00826980058212024  0.01379675214895311  0.02268098657391473
  0.03310711599632560  0.04440645016547934  0.05956941856202316  0.07479815112140896
  0.09062796934416967  0.10766607769014895  0.12323126161694654  0.13782505264810707
  0.15150317286368201  0.16383661877600267  0.17512533015367418  0.18572068422138605
  0.19635647440411902  0.20735676259722241  0.21805502893532658  0.22761490689643193
  0.23712613520640230  0.24653873286290043  0.25662577034033879  0.26696675574189882
  0.27809989483044795  0.29092937399163626  0.30511321130547009  0.31856568769018073
  0.33112478804307538  0.34461537112828416  0.35840019596639755  0.37240208810407721
  0.38420164129604251  0.39505490555749595  0.40504899661518723  0.41445891591142642
  0.42361774071526631  0.43274001650028687  0.44170279158136544  0.45086147112062691
  0.46133138832135212  0.47169149371370056  0.48127140061956758  0.49011034522878766
  0.49915275262434228  0.50879250484605820  0.51835471908636210  0.52779779455873654
  0.53720970486087305  0.54671844765855604  0.55644596692549386  0.56640225860479398
  0.57699130909732743  0.58719748637005043  0.59688048482903144  0.60644258116311756
  0.61583132350692305  0.62549829165179194  0.63621813545862549  0.64695594519436006
  0.65738213634735077  0.66773363913964545  0.67847046319682414  0.68967375191144442
  0.70075616693931830  0.71180267150044108  0.72371660278970729  0.73529426020275790
  0.74654338048238567  0.75719617263788030  0.76731652021985020  0.77705190878555463
  0.78761860288978169  0.79926885534244918  0.81181224713066369  0.82430263347836141
  0.83442647227252498  0.84296831003733497  0.85130747655191563  0.86074850201789255
  0.87153189361550931  0.88224437349663620  0.89253990156178387  0.90262140870716134
  0.91437788225909267  0.92628114923117000  0.93866796400358132  0.95097221307886248
  0.96347916973049763  0.97633435015097414  0.98841064047956817  1.00000000000000000
 -0.00020736777914123  0.00024560018938114  0.00087073946646385  0.00124626934080600
  0.00157783083785907  0.00185269464317109  0.00211060130036130  0.00237475386702197
  0.00265176523747800  0.00293011894839793  0.00321277652841073  0.00351740960924158
  0.00382743609590845  0.00413263010963967  0.00442038388763184  0.00471270044410695
  0.00502836202610665  0.00536675714807712  0.00566284184595710  0.00594717559307449
  0.00622223646811393  0.00649993621103234  0.00677880236444375  0.00702343783391579
  0.00724046978530890  0.00743934495275120  0.00764093959005233  0.00781576497727406
  0.00798966171072212  0.00814900863025362  0.00828543947661850  0.00842637505429435
  0.00858054913544264  0.00876786813006828  0.00901080057307213  0.00926624261085584
  0.00948795127134007  0.00972629832341040  0.00995612171048684  0.01014498450752446
  0.01033243649227038  0.01052127124117404  0.01072193387317137  0.01100315971933059
  0.01133927943284384  0.01157570753002183  0.01177516075689838  0.01197436396350190
  0.01215410507434107  0.01236378712938991  0.01261232672532951  0.01287262352052821
  0.01324019778173330  0.01362366792766544  0.01390886583327546  0.01410925083654113
  0.01427662863024266  0.01444885658182565  0.01458705625013201  0.01477273163891176
  0.01495539811368335  0.01514373227311424  0.01533074059544011  0.01549481163104317
  0.01568832797761468  0.01577511384170972  0.01586043116289142  0.01648373808490279
  0.01728828945579413  0.01853054102345407  0.02007253811306195  0.02123952045796588
  0.02169919986202195  0.02251764558545690  0.02295449735656082  0.02400067569124608
  0.02475859488494758  0.02531135905563044  0.02546028800941332  0.02559860768708975
  0.02574465227191533  0.02589290288880697  0.02604115350569861  0.02618940412259026
  0.02776526378993510  0.02876435803386097  0.03100980139532602  0.03145361802934005
  0.03187614037064432  0.03251785632536813  0.03477800534939537  0.03565557973753099
  0.03687914080674973  0.03891459418850684  0.04138263275819534  1.00000000000000000
 -0.00277462580252155  0.00989285232123083  0.02139062289820010  0.03302022793707218
  0.04452062926751388  0.05549857475409653  0.06551202622343767  0.07502301436611851
  0.08508880624072296  0.09520139660314936  0.10545232206809288  0.11504790395171922
  0.12487614231242108  0.13548061994638683  0.14597687022117542  0.15582478228782615
  0.16593592488968922  0.17651222367497219  0.18735367932669156  0.19762864219749307
  0.20703374186421661  0.21585113702022238  0.22476403254581431  0.23421479946277973
  0.24327906188449752  0.25207002127712302  0.26103724597477224  0.27017722277865619
  0.28207626662673824  0.29379702368256583  0.30297578869217062  0.31129631474746211
  0.31915701894369014  0.32835634862563329  0.33746177485161688  0.34766712012483492
  0.35847029716185352  0.36949534234686571  0.38114290776881177  0.39255264997637607
  0.40406412524471091  0.41539021593180747  0.42674266803324068  0.43869153015751039
  0.45027883087868392  0.46114561385900804  0.47044066090980097  0.47666891444487686
  0.48259700021407903  0.48897529740790552  0.49560364718433608  0.50529813253804601
  0.51640683000604659  0.52841690685079579  0.54217187263784450  0.55757312786922830
  0.57158681297201319  0.58386416908588024  0.59490600977608810  0.60570981506188604
  0.61701621656293248  0.62855930824973483  0.63989974451673470  0.65069377975257980
  0.66096866115227704  0.67058011961892272  0.68078570075567113  0.69226409272176181
  0.70432807454307933  0.71584732785732652  0.72632470342576916  0.73703818423480738
  0.74778574072387627  0.75827264938638872  0.76874982484020460  0.77851611069396465
  0.78826311329616994  0.79809782426010822  0.80894833209090711  0.81940338634681642
  0.83058996859425638  0.84222077570373399  0.85501318659345893  0.86848840040589459
  0.88175865587909008  0.89446743389323013  0.90698099288828282  0.91968592721330500
  0.93189148674671474  0.94262344951461241  0.95210245998769472  0.96141258003437802
  0.97087282920819529  0.98041907871561762  0.99001948809436435  1.00000000000000000
  0.48470736457777042  0.52545053802173081  0.54929739027978941  0.57304196876228619
  0.59671581605269186  0.61478680320492651  0.63000045799059812  0.64668398241015901
  0.66306786245966154  0.67787620136311266  0.69106943957755285  0.70422353588513653
  0.71694375800020016  0.72932363101091657  0.74030784283751527  0.75062127005483870
  0.76037961822698497  0.76965243103492176  0.77802587442631299  0.78645886652809049
  0.79489864834541413  0.80198659658977278  0.80841667506344150  0.81457928638706012
  0.82067898278068774  0.82681729598401832  0.83258702563689124  0.83761920331751238
  0.84216095505822741  0.84651679576588634  0.85074657689041810  0.85488476478027919
  0.85902825846249153  0.86307767059905571  0.86702236957497325  0.87083442582506065
  0.87475229275012756  0.87805428706236743  0.88128739209364559  0.88450448274190052
  0.88779298527127581  0.89108834802870351  0.89435311330977352  0.89756492625108319
  0.90076742649464070  0.90385160125685793  0.90692189923373778  0.91008825038542396
  0.91315431091891008  0.91610471666487658  0.91894315198316068  0.92163408090365939
  0.92439387241292836  0.92710306125549435  0.92977226536397595  0.93237686621331317
  0.93503363288232544  0.93767935359195009  0.94050547327984746  0.94310504891066793
  0.94562190571029381  0.94805698673392902  0.95042860171406307  0.95274456428316090
  0.95502963530635854  0.95747085815352218  0.95952093263531535  0.96147674979506192
  0.96341408822156804  0.96534594124139683  0.96737416477525240  0.96915938905263566
  0.97066560162438464  0.97215094017314718  0.97362102731956623  0.97507385650559375
  0.97663705532190226  0.97835047149176091  0.98004043703874977  0.98156478618368381
  0.98308403163484770  0.98451357456258126  0.98587464545142811  0.98713786700032857
  0.98832174402931261  0.98946470451886348  0.99055580169440349  0.99162330517904840
  0.99268259513698209  0.99375296547892789  0.99476525570165775  0.99575700174343174
  0.99673250994538165  0.99776799191768473  0.99885518738501977  1.00000000000000000
  0.00104795494550979  0.08174963632599530  0.11608559796122231  0.13645505107019829
  0.15210817917318661  0.16500584577974658  0.17818344429993566  0.19024606637580421
  0.20126209841013848  0.21052832564850799  0.21760684237671257  0.22374277353835559
  0.22914875044693175  0.23465539751739037  0.24071094934049772  0.24714574900978722
  0.25329948915088568  0.25947184664193573  0.26544675728035622  0.27162159858904955
  0.27950788899317858  0.28743816403509642  0.29459839204943555  0.30122939592806058
  0.30793409738301447  0.31540846525188782  0.32305056923077807  0.33118775090569896
  0.33947882232244436  0.34706894341919819  0.35457545530618045  0.36119823232193932
  0.36690423928601995  0.37240850800278386  0.37807347403084163  0.38377666444491570
  0.39047627892384490  0.39815483345212943  0.40601927397105581  0.41376540591911176
  0.42090560841835617  0.42766190566345219  0.43479972962671187  0.44219304049346375
  0.45003811348042283  0.45732588247752998  0.46431561194850718  0.47080734985723044
  0.47736898057466437  0.48502575673043147  0.49328079242702350  0.50125835008366637
  0.50910072709815979  0.51671161504049690  0.52449040667280467  0.53289181832697929
  0.54164603487770913  0.55077924857109573  0.56018680842381474  0.56962836585120014
  0.57884927118744067  0.58787802633862585  0.59566060504690344  0.60317384340269165
  0.61044450340309364  0.61741086559866010  0.62422751300584489  0.63086326275455151
  0.63822123895964766  0.64546013852210826  0.65357140641877731  0.66156823561857936
  0.66940017392575379  0.67751385633690397  0.68578846220114009  0.69415460466757051
  0.70281191316398217  0.71312719624722665  0.72437487737796058  0.73249741538490998
  0.74002007487346211  0.74816728226615736  0.75820950412903021  0.76556359315931333
  0.77192132092452981  0.77821019280704573  0.78463402025299267  0.79144400750822508
  0.79964364954416067  0.80772815881085347  0.81812114154037852  0.83138473231649002
  0.84715174766755907  0.86347053221175829  0.97405969328533148  1.00000000000000000
   4.6851018699533323E-011  -1.0000000000000000     
 F F F F F F F F F F F F T T T T F F F F F F F F T T T T F F F F F F F F T T T T F F F F F F F F T T T T F F F F F F F F F F F F F F F F F F F F F F F F F F F F F F F F F F F F F F F F F F F F F F F F F F F F F F F F F F F F F F F F F F F F F F F F F F F F
  <DiscreteSampler_grid>
  grouped_processes
  1 # 1 for a reference and 2 for a running grid.
  10 # Attribute 'min_bin_probing_points' of the grid.
  1 # Attribute 'grid_mode' of the grid. 1=='default',2=='initialization'
  0.0000000000000000 # Attribute 'small_contrib_threshold' of the grid.
  0.5000000000000000 # Attribute 'damping_power' of the grid.
 # binID   n_entries weight   weight_sqr   abs_weight
    10   10   1.112977603351601E-002   1.043781603703348E-003   1.112977603351601E-002
    16   10   1.112977603351601E-002   1.043781603703348E-003   1.112977603351601E-002
  </DiscreteSampler_grid>
