  0.00000054355632298  0.00000063498290002  0.00000072273159893  0.00000081739423566
  0.00000091453805183  0.00000101064106596  0.00000113174081400  0.00000126701520819
  0.00000140596356476  0.00000153170072770  0.00000164152053595  0.00000174605760334
  0.00000184789120166  0.00000197229200055  0.00000211677793881  0.00000225124943322
  0.00000239219671761  0.00000254252573013  0.00000269974527801  0.00000286023765410
  0.00000303830819228  0.00000322710509190  0.00000343580055420  0.00000365468122777
  0.00000387914416935  0.00000414038522640  0.00000443165677722  0.00000477750774675
  0.00000514281932093  0.00000552738261904  0.00000592860167095  0.00000635407274881
  0.00000682043773700  0.00000729406178488  0.00000779869621759  0.00000828941698144
  0.00000887425308761  0.00000947105000839  0.00001013253058299  0.00001083752886596
  0.00001155193274313  0.00001232155149498  0.00001321066930662  0.00001422526464506
  0.00001534326212090  0.00001644813480080  0.00001751235315671  0.00001867408013298
  0.00002001597114798  0.00002158790765103  0.00002326165172359  0.00002483947609086
  0.00002645521697839  0.00002817966237473  0.00003013701736807  0.00003238300032651
  0.00003475544203995  0.00003749977981572  0.00004082611915048  0.00004401619013032
  0.00004660044838793  0.00004952169672502  0.00005279874998703  0.00005626720519356
  0.00005980807035000  0.00006391920467434  0.00006850257417139  0.00007292271385949
  0.00007978528860405  0.00008909577362375  0.00009943929314778  0.00011084618751990
  0.00012402393369202  0.00014041750381026  0.00016017764898614  0.00018029815300722
  0.00020165904364667  0.00022475768376368  0.00025302478650512  0.00029309896751963
  0.00034401990096023  0.00040313140730895  0.00046918326335701  0.00054553071953426
  0.00065334711768232  0.00080043387938328  0.00103864619891068  0.00134353880119052
  0.00166157653524288  0.00203473152290072  0.00255705484672595  0.00348425311796607
  0.00455501299335507  0.00729471954602683  0.01532516041897057  1.00000000000000000
  0.00000091833967218  0.00000104248589431  0.00000118077691844  0.00000130142657796
  0.00000141584770434  0.00000154340158018  0.00000169754122490  0.00000188614616040
  0.00000209283584286  0.00000230915897468  0.00000251483502534  0.00000271394115656
  0.00000291221521738  0.00000311529038047  0.00000334543157246  0.00000357284868863
  0.00000380678446009  0.00000404974772849  0.00000430610087735  0.00000457830105011
  0.00000486504176741  0.00000516477429298  0.00000546369345189  0.00000577607177035
  0.00000610296619646  0.00000648375145357  0.00000692589784924  0.00000741079643593
  0.00000793107541549  0.00000845600199361  0.00000897585199206  0.00000955194092538
  0.00001019574852476  0.00001094803530153  0.00001173124237031  0.00001258743066399
  0.00001351388302857  0.00001442644552554  0.00001538546207357  0.00001640996607108
  0.00001748238405150  0.00001866842215534  0.00002001081354246  0.00002142038581095
  0.00002288584338981  0.00002444894172798  0.00002626117787529  0.00002793841818987
  0.00002990196291444  0.00003197810264720  0.00003431400492517  0.00003702073241274
  0.00003993020677590  0.00004301144731090  0.00004640075738627  0.00005030011216549
  0.00005470117356141  0.00005936020809526  0.00006429880319741  0.00006971569009620
  0.00007579043594831  0.00008325400274436  0.00009198847761338  0.00010275378994731
  0.00011540086164933  0.00012840193370701  0.00014122221219397  0.00015659799381874
  0.00017372864700843  0.00019428418308912  0.00021964962510931  0.00024223278851735
  0.00026617899581900  0.00029296769357934  0.00032521250888296  0.00036893206925618
  0.00042327884175031  0.00048246526974636  0.00054463435069763  0.00060586873919244
  0.00066325800757259  0.00071116882262198  0.00076970374303992  0.00083062800067994
  0.00088142362482266  0.00093442840986735  0.00099605162725668  0.00106666782324081
  0.00118043028350464  0.00126716307847203  0.00132009349221271  0.00160606531210672
  0.00194454560147207  0.00243096803335496  0.00342298968072805  1.00000000000000000
 -0.00000030166087797  0.00000937428974330  0.00001553450056496  0.00002215037601508
  0.00002889549271979  0.00003621600855269  0.00004361303118543  0.00005141718612116
  0.00005984411980944  0.00006841871705141  0.00007704943996283  0.00008653775145636
  0.00009735537521626  0.00010930606503159  0.00012238917136204  0.00013576849178625
  0.00014926731522230  0.00016249711265238  0.00017650382516825  0.00019086584270088
  0.00020550865913610  0.00022186229406090  0.00023976977822693  0.00025777735945255
  0.00027652333571370  0.00029536536653976  0.00031528613533753  0.00033587346418539
  0.00035712235411731  0.00037965841477443  0.00040426100222767  0.00043112513247950
  0.00045925226002362  0.00048750005038722  0.00051652163727296  0.00054821937563829
  0.00058414126132566  0.00062330232032246  0.00066186713112993  0.00069470214975381
  0.00072706657355527  0.00077381088457161  0.00082627243999051  0.00088484878536454
  0.00094163987466255  0.00099862257821315  0.00105168650273710  0.00110195720404077
  0.00115243334852744  0.00120584184951882  0.00126345387199909  0.00132329719991320
  0.00138148022781974  0.00143611825626036  0.00149213867831128  0.00155669673422885
  0.00163582815726243  0.00173076972664439  0.00183873186870613  0.00196119711654919
  0.00209020343067824  0.00220261852461696  0.00229851149521874  0.00239118779987525
  0.00249545381356112  0.00260693691183105  0.00272330120927764  0.00283178803039898
  0.00291394712058845  0.00300646647347519  0.00315144077630758  0.00331943944040092
  0.00348855516338850  0.00366623869644918  0.00390165151519637  0.00461136767071643
  0.00543418408493495  0.00601061366125773  0.00658704323758050  0.00720843780932905
  0.00789766662873771  0.00858689544814636  0.00926425041897569  0.00988179330977208
  0.01049933620056847  0.01113391821927009  0.01189543860198482  0.01286599264921153
  0.01411549066474271  0.01453368599304457  0.01511196322244769  0.01574667722491507
  0.01635014338141893  0.01704326312262155  0.01809827704895166  1.00000000000000000
 -0.00155981092753104  0.00452687939281036  0.01096134308199682  0.01710880691734518
  0.02331315532342679  0.02992271905902332  0.03695543888992388  0.04445121154730630
  0.05195810293657940  0.05920622533019288  0.06684669071288274  0.07445002182986203
  0.08232449634348660  0.08976107989426972  0.09531107303408858  0.10137524241060804
  0.10756503488200968  0.11426657990922945  0.12165869035510954  0.12907261227485292
  0.13604194761555002  0.14261148305283378  0.15064673010297122  0.15843278383199394
  0.16622323378716738  0.17431228411571453  0.18377621610602835  0.19315129419949287
  0.20220007947128976  0.21139875873164457  0.22041656139899016  0.22881072716466572
  0.23573472646028978  0.24250469334786545  0.24977242181692871  0.25700653969382103
  0.26354780144348222  0.27005228774763534  0.27624127552360556  0.28246754438743665
  0.28887030692506088  0.29746227515894702  0.30800965791028340  0.31859089005179891
  0.32869143990488209  0.33871352983515823  0.34847896775436693  0.35819542738104410
  0.36850150515306007  0.37960013100995732  0.39065318724390474  0.40084719955411469
  0.41107193967385419  0.42203894347280518  0.43340173858370917  0.44649341425667505
  0.45883491988812736  0.46834296805328374  0.47837555189931619  0.48850001738706783
  0.49777760015510553  0.50671244435959595  0.51599738613379798  0.52849614472370487
  0.54159631720578927  0.55389811633118868  0.56620923142094515  0.57865629338165436
  0.59120618712594941  0.60368857605909942  0.61597996902358021  0.62796893406926013
  0.63901672589689829  0.64957826336378888  0.66085811886753831  0.67267297935522108
  0.68518649891890404  0.69846616728459276  0.71225016922322648  0.72614046638214480
  0.74034963751437788  0.75551666489868230  0.77082924900699690  0.78562104381399078
  0.80180997696261014  0.81955006306637945  0.83626320926688513  0.85126498880259738
  0.86655752235090766  0.88301466168284914  0.90042004949779486  0.91794712152198754
  0.93684260975871669  0.95691073905148571  0.97664347386936157  1.00000000000000000
  0.00469368882541291  0.00589714243054714  0.00707490171395758  0.01023934007426137
  0.01315755627472345  0.02178734632923857  0.03099718818070315  0.04088656893821484
  0.05386981957217328  0.06787552072101816  0.08385289524983559  0.09711130900655116
  0.10950146190365186  0.12130733147497580  0.13254522576451286  0.14360329238294817
  0.15560539962263045  0.16854769845399220  0.18163741513780662  0.19438839136972502
  0.20649599675911898  0.21796894800604932  0.23032656191993026  0.24259589769330214
  0.25501923668907334  0.26660756711363121  0.27749398087868576  0.28779106223756590
  0.29736907904787319  0.30726384525108208  0.31819544724125365  0.32936415229372235
  0.33835146215375789  0.34618060426663322  0.35392925794295083  0.36255293764805341
  0.37106986992877622  0.37825046058331935  0.38515265371345803  0.39200251106719836
  0.40292441343778579  0.41464528447921900  0.42579376162751303  0.43677267755046156
  0.44783379203125373  0.45868962847903233  0.46917655710018230  0.48056315815595790
  0.49366233362180961  0.50621757714643401  0.51779445074712016  0.52861402838171445
  0.53942923410285226  0.55079687306554992  0.56217077659671255  0.57323562729751165
  0.58389652312928664  0.59388130029188513  0.60345382520847923  0.61333117712343910
  0.62307943099628105  0.63262912214722711  0.64358394477099790  0.65422810042381718
  0.66439467512397399  0.67445698649964803  0.68456204588664915  0.69474175517851910
  0.70569961970569550  0.71799030454569013  0.73067491284678399  0.74183178463264254
  0.75253533864070188  0.76166710404034865  0.77042404015288923  0.77949027925791958
  0.78884402504818329  0.80016477887846238  0.81302132918453718  0.82637400809879369
  0.83964348747256945  0.85231141889908268  0.86431867974973164  0.87530398341738946
  0.88594240726821627  0.89639156051993951  0.90539322587393800  0.91324266300534807
  0.92203355390995234  0.93269418156268802  0.94428681617884225  0.95573999758888806
  0.96722525043636720  0.97886953715697889  0.98945527098717956  1.00000000000000000
 -0.00225629392282417  0.00879464462915758  0.01899611849348361  0.02988301624411813
  0.04074175389499820  0.05092817314612483  0.06158930075824101  0.07327367623876350
  0.08549195272841942  0.09698754039539167  0.10645597288849720  0.11326762665754622
  0.12033026174767349  0.12730189813412143  0.13499749851724996  0.14371204784071778
  0.15198297391965432  0.15853072084977229  0.16431492067790215  0.17311684433106359
  0.18424474975416624  0.19512551134589401  0.20541213190752816  0.21449893494413758
  0.22357974336607481  0.23332819018749909  0.24434297513054001  0.25536520018800452
  0.26584251784613849  0.27747918713097286  0.28863754950123416  0.29949736528540244
  0.30995552859691849  0.32096641376892127  0.33375697604286420  0.34544244102193100
  0.35704718052128270  0.36820534471262983  0.37868320382900039  0.38941285485034399
  0.40044715499992922  0.41172295742303039  0.42378793965237166  0.43596134398614200
  0.44710130972149548  0.45730837425045739  0.46725154748977982  0.47769983561531448
  0.48872991342605554  0.50023851817118303  0.51121683769716475  0.52185239861151900
  0.53181164491922206  0.54120970932812440  0.55127289890180253  0.56201067259917725
  0.57432146554325669  0.58563680615602576  0.59793606157024359  0.60988259179619175
  0.62172361005617738  0.63325586390098287  0.64447350947171433  0.65483250691598471
  0.66565148750344738  0.67644849648140049  0.68629504386761053  0.69596833263946867
  0.70648207183851452  0.71743002356135532  0.72768860085189846  0.73793659529503586
  0.74927363052132168  0.76109897522906644  0.77244816990895160  0.78372382822069497
  0.79538755253086724  0.80745069502670119  0.81971018804699514  0.83189199184523455
  0.84343629043859702  0.85364162384052666  0.86303387191053560  0.87199558889899176
  0.88237153246123601  0.89262590960710242  0.90308774667016811  0.91371175688130724
  0.92465859287204222  0.93618535042257145  0.94734690454001802  0.95938552922591092
  0.97138021504732697  0.98126020272815973  0.99079901909084811  1.00000000000000000
 -0.00015406478700006  0.00069017342854885  0.00102171360250336  0.00130843228747374
  0.00157174071259319  0.00181803797250733  0.00205074170952594  0.00226876374867920
  0.00247048899584179  0.00266333407315098  0.00284825736252029  0.00302576477037860
  0.00319963008302036  0.00337201812640047  0.00354653231314902  0.00374786451070896
  0.00396278626606281  0.00415659228655846  0.00431800736627342  0.00447607298786942
  0.00463646303103501  0.00482015613766002  0.00505976100443249  0.00528400481492444
  0.00551915575174794  0.00575717034222741  0.00598318655113768  0.00618372126758038
  0.00637202793092549  0.00656716265242923  0.00679645179670555  0.00700904528214579
  0.00727215783998897  0.00748549233105208  0.00765686420891556  0.00781895682639346
  0.00797993595899709  0.00814586136588704  0.00836108731066810  0.00849245411767967
  0.00862305271993736  0.00873952099892854  0.00885551218300833  0.00896247375405970
  0.00908049183902470  0.00919166708988184  0.00929595348537396  0.00945053571852557
  0.00960349321297987  0.00979583393759949  0.01001153976605768  0.01025090282156464
  0.01049334706170578  0.01075473169186789  0.01103332446609403  0.01132680568541400
  0.01163702028706804  0.01195331647150886  0.01220901100853812  0.01242907016889497
  0.01269435400306994  0.01319992620500832  0.01360913958307882  0.01387734651311452
  0.01416786167708415  0.01440693719139220  0.01452463909570056  0.01463982121879042
  0.01475391388547675  0.01486004573673714  0.01504070905271373  0.01564299417865582
  0.01615971887459837  0.01670431738697776  0.01732075556261296  0.01764805638758334
  0.01790523612830262  0.01814206609929856  0.01834725806524704  0.01856153029599859
  0.01879377901411359  0.01904033482708529  0.01928190929140151  0.01951263248325535
  0.01958461639478425  0.01966297303942867  0.01975091465849305  0.01987792461482151
  0.02011235785925345  0.02036034333208114  0.02214687703498122  0.02244620694611077
  0.02278122931874756  0.02321942007458151  0.02400289284104336  1.00000000000000000
 -0.00384488425519576  0.01763475665468421  0.03675020562263127  0.05812515805416395
  0.07573185627303018  0.09131052679361032  0.10676752309480358  0.12169705776653894
  0.13620348836231586  0.14984339767092192  0.16349054807509714  0.17706640359641654
  0.19050358337251322  0.20491864507582050  0.21672884724261032  0.22819123873579955
  0.23878971035934238  0.24854789983929393  0.25767820578117351  0.26653569439450414
  0.27587392538544281  0.28615614424442265  0.29709123611513649  0.30776803705216238
  0.31777612769181418  0.32717498101734044  0.33648361004957189  0.34622638239724074
  0.35599176774982622  0.36542831913656870  0.37527298511676455  0.38431789624538149
  0.39309942941964937  0.40102378698069152  0.40859707669950573  0.41607984919193430
  0.42320719266932805  0.43014955233399765  0.43743093133006034  0.44478353095989248
  0.45366424203133326  0.46258619431175435  0.47135597646893135  0.47966717309387080
  0.48757854311504217  0.49505962841211082  0.50224565142381783  0.50977921661124304
  0.51742645325489256  0.52546378056850596  0.53367595436558457  0.54105683245732306
  0.54797175686400024  0.55472301635525445  0.56177185441473165  0.56937949293011958
  0.57723520086717339  0.58555485492888537  0.59382993263157557  0.60155450268158550
  0.60979294351984881  0.61720387911279750  0.62519789800994408  0.63317718833145686
  0.64151744604991734  0.65066576477273752  0.66035374496062349  0.67047265889996377
  0.68151073658150363  0.69334834630647191  0.70503410567845037  0.71357159653096347
  0.71990077852950851  0.72656992321840019  0.73315421671735281  0.73976437980769560
  0.74692083228717177  0.75397083268258347  0.76162877201666945  0.76912531426385655
  0.77911945817497796  0.79237730051739264  0.80666435133068537  0.82165652354096252
  0.83613635523045327  0.85059783810928691  0.86434775489251159  0.87653688023134269
  0.88813282821563311  0.90031306391688060  0.91557502517767120  0.93407395910715840
  0.95408180762055494  0.97115939347570046  0.98607610532722012  1.00000000000000000
  0.48147379575870369  0.53928595043614991  0.58635149051107316  0.62483422049910198
  0.65921130798204874  0.68673528949256546  0.71000687000079665  0.73103061502652078
  0.75041366046051872  0.76730816748553499  0.78271900379047810  0.79611281721980742
  0.80798080244441817  0.81860223038968027  0.82831060860783656  0.83725031706427133
  0.84522656364274207  0.85235933080642412  0.85843799733020099  0.86408898804434164
  0.86977876696544398  0.87551176591221602  0.88104603379869051  0.88668558374036655
  0.89241587720959892  0.89756456234525961  0.90252841491355684  0.90728447809488899
  0.91161030650912911  0.91574747037189619  0.91984943529162744  0.92425856666424600
  0.92872279318466822  0.93270497376547246  0.93629180145840696  0.93927675444419900
  0.94190534479625110  0.94444351059259313  0.94695979700001165  0.94945448116475095
  0.95206075453117633  0.95460966450675411  0.95698537106278603  0.95893223983475406
  0.96050188108999346  0.96193949688679248  0.96337610727469258  0.96497462652981492
  0.96647987727183382  0.96780729195627080  0.96901077525230472  0.97022572650511330
  0.97149013456004674  0.97276020822279141  0.97391976902605615  0.97509466317167237
  0.97624423162941987  0.97729152835291877  0.97837689865815358  0.97929675042418673
  0.98014747274856773  0.98095414858431496  0.98177849104714543  0.98265592192286044
  0.98349987855845622  0.98425527792523948  0.98494233168204948  0.98558445187989685
  0.98626966129770099  0.98687919677507963  0.98748358744026721  0.98805888977935008
  0.98861076035855355  0.98907338224603869  0.98954136009754923  0.98997620786011509
  0.99040225971052620  0.99085265124841027  0.99139359976628549  0.99201478747040839
  0.99257684107656230  0.99312562933113036  0.99365259570540199  0.99412094264553263
  0.99451515590787298  0.99483504350426655  0.99519071305665308  0.99555045567735978
  0.99588505547186357  0.99616767859688882  0.99640872531664204  0.99662295389232514
  0.99684007420576204  0.99733336525162231  0.99850310280274779  1.00000000000000000
 -0.01870854262139316  0.11583348393886871  0.14391289579883726  0.16609013850545479
  0.18544325517571764  0.20387400342900716  0.21961952776774846  0.23309677677016508
  0.24355503088114230  0.25323259770551143  0.26251811888781090  0.27162656593770673
  0.28085842670210054  0.29015052367188110  0.29926381346779807  0.30784784862518921
  0.31494254671593197  0.32015320123488628  0.32609070753272612  0.33173118857620776
  0.33658800293712204  0.34120814624682455  0.34616145543540655  0.35131258597507220
  0.35587092807277465  0.36058643534081813  0.36614376668023918  0.37221201099692830
  0.37974490483519724  0.38752432198058456  0.39493585683636251  0.40229331182342715
  0.40964627920612257  0.41669408663326313  0.42329420082775526  0.42978093109675664
  0.43628472542977709  0.44265471479609692  0.44888604416893052  0.45561657949049345
  0.46169150745923010  0.46840397911133363  0.47509256464709565  0.48135656917397041
  0.48764278031578773  0.49393636475304770  0.50061372149182004  0.50717819078943227
  0.51351801795100505  0.51927959739560914  0.52497570884738853  0.53090526853336539
  0.53689562741171448  0.54289319214050857  0.54878923297649662  0.55490951670382394
  0.56093442839358887  0.56720539403372239  0.57370287446771084  0.58037518020405143
  0.58710543623852207  0.59373847428945548  0.60020800219992831  0.60681439607925791
  0.61396683321500334  0.62160466284394544  0.62920630969742586  0.63621702846473249
  0.64269028151889318  0.64898257599628728  0.65534533104746817  0.66194199154619471
  0.66877478916271826  0.67578240804621015  0.68277890133704011  0.68958258951963280
  0.69671120415443522  0.70484328185466028  0.71400560189587903  0.72270337837998033
  0.73075030682875164  0.73868872419302356  0.74807490021587764  0.75864280422555785
  0.76874477262448515  0.77854179089128406  0.78840754163391025  0.79990562417316058
  0.81359029526553828  0.82823015938717892  0.83975719034863261  0.84452051375325454
  0.84966968476069238  0.87628300593210962  0.90881693687896770  1.00000000000000000
   9.3791963332970801E-012  -1.0000000000000000     
 F F F F F F F F F F F F T T T T F F F F F F F F T T T T F F F F F F F F T T T T F F F F F F F F T T T T F F F F F F F F F F F F F F F F F F F F F F F F F F F F F F F F F F F F F F F F F F F F F F F F F F F F F F F F F F F F F F F F F F F F F F F F F F F F
  <DiscreteSampler_grid>
  grouped_processes
  1 # 1 for a reference and 2 for a running grid.
  10 # Attribute 'min_bin_probing_points' of the grid.
  1 # Attribute 'grid_mode' of the grid. 1=='default',2=='initialization'
  0.0000000000000000 # Attribute 'small_contrib_threshold' of the grid.
  0.5000000000000000 # Attribute 'damping_power' of the grid.
 # binID   n_entries weight   weight_sqr   abs_weight
    10   10   5.852680519295913E-003   2.754502181309845E-004   5.852680519295913E-003
    16   10   5.852680519295916E-003   2.754502181309846E-004   5.852680519295916E-003
  </DiscreteSampler_grid>
