  0.00000074410285765  0.00000082017846393  0.00000087416169941  0.00000092053098048
  0.00000097001108056  0.00000103966240172  0.00000115952065960  0.00000130670824656
  0.00000142117935151  0.00000148670665930  0.00000153341595082  0.00000156998905876
  0.00000160300765907  0.00000163178867974  0.00000165461545190  0.00000168717202963
  0.00000173585476657  0.00000177099179570  0.00000179666020228  0.00000182189289680
  0.00000185038141918  0.00000189320893270  0.00000193865096264  0.00000197698657421
  0.00000202342983049  0.00000207944045421  0.00000212948522364  0.00000218230375044
  0.00000227274753162  0.00000237500101631  0.00000249196353481  0.00000264128856256
  0.00000285757139955  0.00000309772780722  0.00000329628253672  0.00000350247425175
  0.00000372014769045  0.00000391607707246  0.00000409908153407  0.00000426738257158
  0.00000443692891370  0.00000460541136885  0.00000476763047874  0.00000499921892783
  0.00000525722974832  0.00000547864515297  0.00000570419283876  0.00000595586697231
  0.00000626444522456  0.00000660766148608  0.00000698323144237  0.00000740347506740
  0.00000793115361496  0.00000853167524638  0.00000906881442578  0.00000956878370294
  0.00001000126158664  0.00001048325087580  0.00001103522899905  0.00001165267042880
  0.00001221023198074  0.00001276091909450  0.00001333609480050  0.00001393294484246
  0.00001491190189948  0.00001627660818316  0.00001785547873074  0.00001959146812329
  0.00002158925341417  0.00002403937630700  0.00002708298505359  0.00003065182927527
  0.00003431173905435  0.00003809739247150  0.00004242025364469  0.00004795279339905
  0.00005409615222686  0.00006074269893609  0.00006975644560545  0.00008135819115491
  0.00009654237959774  0.00011186987696133  0.00012766011390625  0.00014491591958044
  0.00016838297668489  0.00020113409540308  0.00025969528195143  0.00034340805598055
  0.00048033037019831  0.00061038244684434  0.00074467797166341  0.00098965928687115
  0.00158810208075824  0.00299142442617167  0.00473350807342239  1.00000000000000000
  0.00000250193181586  0.00000309621681387  0.00000369049738576  0.00000402011671496
  0.00000431450849984  0.00000460460551778  0.00000516598690470  0.00000566769960960
  0.00000603825406532  0.00000636269711935  0.00000671973457821  0.00000710240062192
  0.00000753904315605  0.00000822605080116  0.00000903531023363  0.00000985617603376
  0.00001072308237182  0.00001156806346255  0.00001209826781494  0.00001239160271512
  0.00001263869627071  0.00001291255633232  0.00001315455176962  0.00001338249179365
  0.00001363402022667  0.00001392491442203  0.00001420599382713  0.00001447147126410
  0.00001492658096552  0.00001570689317654  0.00001663909058514  0.00001766671895595
  0.00001896850945806  0.00002033083388737  0.00002204028854946  0.00002348982639868
  0.00002504425920774  0.00002642156720907  0.00002790743091492  0.00002916844035402
  0.00003073908009032  0.00003288851409693  0.00003512167893098  0.00003750719047858
  0.00004040015321145  0.00004400282483747  0.00004866894943116  0.00005514052053233
  0.00006383677384220  0.00007502526504592  0.00008726107933460  0.00010078758756285
  0.00011682131325532  0.00013321843491448  0.00014862386615063  0.00016293438486481
  0.00017805736305354  0.00019963400355841  0.00022897143670200  0.00026050732503000
  0.00029536124329960  0.00033238501918222  0.00037014120627140  0.00041132699991026
  0.00045874713576530  0.00050975511410045  0.00056573738772108  0.00062029515837111
  0.00067467499613440  0.00073450098183158  0.00080025447577552  0.00086927568264898
  0.00093706502088880  0.00100636342052614  0.00107238824817921  0.00112384268998456
  0.00117532076774332  0.00123479529800432  0.00131175897555221  0.00140534086307930
  0.00151672891812519  0.00164146333142140  0.00177339252710710  0.00191746627687560
  0.00204447045059821  0.00219523993974892  0.00238837382039562  0.00250626578364813
  0.00255893320984740  0.00261070853245177  0.00265772313953750  0.00271312092565707
  0.00278288951030492  0.00293712761818558  0.00316507428392145  1.00000000000000000
  0.00000066748772521  0.00000080950471647  0.00000091007259351  0.00000100072504381
  0.00000109422090863  0.00000119090945490  0.00000130346987166  0.00000143584124768
  0.00000158638710725  0.00000173531502740  0.00000186811665068  0.00000197454480217
  0.00000208304574514  0.00000219505443215  0.00000229976936763  0.00000236657362044
  0.00000243247740897  0.00000249750306664  0.00000255472820909  0.00000263708155434
  0.00000276501872119  0.00000287499086375  0.00000295924748183  0.00000303238046696
  0.00000309079232942  0.00000323034511442  0.00000341606768269  0.00000364245389275
  0.00000389239794922  0.00000411787018254  0.00000438365758545  0.00000463420144074
  0.00000484728829051  0.00000498340121604  0.00000510188926105  0.00000524905786014
  0.00000541615849999  0.00000560187718626  0.00000580649758415  0.00000600332820320
  0.00000615295510480  0.00000656269139448  0.00000712301736811  0.00000764585537547
  0.00000819790753159  0.00000873502369284  0.00000927196049699  0.00000977186567950
  0.00001010120095280  0.00001056030369350  0.00001100873300048  0.00001146566092134
  0.00001212580346143  0.00001283936497837  0.00001349501135134  0.00001418999401068
  0.00001514777165647  0.00001644186652100  0.00001790767111917  0.00001955170868065
  0.00002142285037211  0.00002361198262742  0.00002608625829339  0.00002887882550934
  0.00003181283400120  0.00003513699605771  0.00003884070257535  0.00004288180765398
  0.00004723280881993  0.00005243027550937  0.00005773089901228  0.00006351841540869
  0.00006880622080601  0.00007449461344685  0.00008130105127690  0.00008898495162021
  0.00010234229874633  0.00011921377223730  0.00013717497729124  0.00015510218212574
  0.00017627194356868  0.00020834424614855  0.00025812388981190  0.00031960118492677
  0.00038076063227473  0.00045223652868118  0.00052496928820546  0.00060131799955158
  0.00067776554538124  0.00077022396467708  0.00089934592564503  0.00108392585303858
  0.00141268711546575  0.00212958026705953  0.00338773250006396  1.00000000000000000
 -0.00539931878150591  0.02474887988694874  0.04280287981950215  0.05428678450295717
  0.06467836554058050  0.07530941666649373  0.08696619496627643  0.09911376954348779
  0.10558489947934190  0.11106112711358200  0.11495742558366800  0.11821173593372726
  0.12076197736072074  0.12682282825844698  0.13316506072172016  0.13881714015986873
  0.14398122666672278  0.14938933634266741  0.15566500818438245  0.16436661043954731
  0.17511724229589021  0.18602225845295259  0.19722554468793474  0.20902787992432417
  0.22136010566591066  0.23802597035503414  0.25939311764546163  0.27859992466246242
  0.29583372798365021  0.31208620546027732  0.32516886605876089  0.33988571161339726
  0.35491217367117067  0.36817618282542408  0.38073402177772453  0.39254041804964984
  0.40377777527479697  0.41605032761133348  0.43283279241132011  0.45183429232043609
  0.46816245656352518  0.48335631015985048  0.49902065305296683  0.51493801810748741
  0.52731066264053539  0.53883798827020268  0.54864794093569569  0.56046945873149490
  0.57188561248178338  0.58316602711125198  0.59407094530564863  0.60634427605876018
  0.62001811565557963  0.63231244956946475  0.63890643238397282  0.64355709147965412
  0.64740666675053915  0.65085109340976344  0.65389886106939232  0.65621251497289490
  0.65920067470583565  0.66315306713376265  0.66773664643417052  0.67500537112011350
  0.68382400769036045  0.69197537563159150  0.70171227103449385  0.71189294973423711
  0.72283728647366730  0.73643662691565304  0.74891836791839306  0.76140437541581019
  0.77276643204092943  0.78518264561919737  0.79783357465533244  0.81041451354099858
  0.82295271151536975  0.83410192494804913  0.84343035160266677  0.85196339483633166
  0.85995703446129479  0.86955170559567674  0.88036612071884601  0.89015612549536760
  0.90045527999963737  0.90971531397524319  0.92061600759251339  0.93134533688516319
  0.94204372933492586  0.95179028706384361  0.96061121383421866  0.96942097715461850
  0.97803017924195224  0.98600146799169119  0.99321634978783380  1.00000000000000000
 -0.00305820255154065  0.01240094118791423  0.02606821453584313  0.04083381249823874
  0.05402367561816201  0.06723836905257556  0.08173582591077784  0.09740208299861204
  0.10986576421481142  0.11797807216781721  0.12449111954369105  0.13249801796241201
  0.14182550499163635  0.15005946683098623  0.15732596590252798  0.16446287032722051
  0.17345911712573392  0.18690483659135976  0.20082449371725303  0.21313165915558127
  0.22646765128771590  0.23885225438924068  0.25027462652934040  0.26094666552313273
  0.27055963886511969  0.28184855915309248  0.29419801187443301  0.30650049797498696
  0.31843003847594192  0.33009737182038679  0.34153831316856759  0.35309124181271001
  0.36435954409031923  0.37586994235393006  0.38924494635243090  0.40423571320896884
  0.42011498168535943  0.43382681643232834  0.44710988665749191  0.45847997039613020
  0.47050638645858645  0.48291046124845388  0.49512457705288287  0.51003718017908861
  0.52742484930158939  0.55119932382802517  0.57171072043129678  0.58678585619934442
  0.59710287609514778  0.60675362694750767  0.61527464598035086  0.62271950581911628
  0.62989599909544314  0.63687015166418637  0.64499560165215863  0.65490230054664722
  0.66539703829900776  0.67518768527419537  0.68451022626565317  0.69534223515883109
  0.70441657530936375  0.70845132444019743  0.71288950100115756  0.71778479462237554
  0.72357010493093721  0.72931713128727771  0.73482159784869172  0.73953900371264281
  0.74385332524962100  0.74722766494758408  0.75944121000519815  0.77077857044454068
  0.77969698030405232  0.78851142408366537  0.79749025448698974  0.80489655904094759
  0.81280472579785346  0.82114117941735087  0.83024837548857389  0.84247991025724156
  0.85680444853012827  0.87000249546233110  0.87954532654617534  0.88620342388220030
  0.89349384733731485  0.90071282572903677  0.90670543548988136  0.91246071598022926
  0.91888371617588338  0.92572660700975029  0.93326940826336446  0.94409696593202819
  0.95923595419348218  0.97254231053920481  0.98614390777752270  1.00000000000000000
 -0.00394647859430282  0.00782738394775378  0.01827582794611279  0.02641388429897621
  0.03769981419261159  0.05083793276556781  0.06457548354934613  0.07902414291208167
  0.09359225634862209  0.10552581448472861  0.11493690347174636  0.12313961046513559
  0.12994749722514665  0.13623167657583563  0.14201141521493574  0.15189839731936913
  0.16252677552350450  0.17375642255055984  0.18365163115416894  0.18851633730038839
  0.19386972557090698  0.19835199554933045  0.20261796445406829  0.20702619131358554
  0.21045891785807599  0.21371909520018284  0.22188554997629470  0.23149404856128525
  0.24153206052761483  0.25029754721359582  0.25831044097791706  0.26671316363450431
  0.27446305031251789  0.28147876141787420  0.28842197878653353  0.29614495235670840
  0.30326936740973243  0.31052765663596388  0.31799116303601527  0.32606399816484549
  0.33418785198792655  0.34471069493755868  0.35720582249570298  0.36885839512939506
  0.37831582476420927  0.38717962214948815  0.39712360639724631  0.40862574700738330
  0.42014579394694895  0.43146963351150031  0.44223749143995045  0.45261690535422533
  0.46360516235804738  0.47410269916233011  0.48649419231502056  0.49790873038772948
  0.51014463696513501  0.52354966905900535  0.53672151021769676  0.54857894386696215
  0.55983858603083259  0.57011682630088367  0.57829317441166206  0.58566453100811589
  0.59267457266889023  0.59923277789592944  0.60623406637687371  0.61652118296756075
  0.63326087876221016  0.65514418281003639  0.67510910337704222  0.69019712686054102
  0.70307280047676834  0.71649785385425768  0.73098730309043269  0.74477805997805879
  0.75864422576398227  0.77337058644156131  0.78815483369102601  0.80194267931450303
  0.81609450719783427  0.82938969435955212  0.84238533844946095  0.85500160406259151
  0.86688242221708334  0.87954385281452807  0.89349858391828940  0.90918287252091323
  0.92398874765322958  0.93589729041285630  0.94677252982728832  0.95873751728674161
  0.96994100542273720  0.98150038168164089  0.99076464427274491  1.00000000000000000
 -0.00000804769162933  0.00000449767733355  0.00001704304629643  0.00003553803205541
  0.00005608147128771  0.00008667937126774  0.00012205409019981  0.00015648933669996
  0.00017434863287723  0.00018687542660981  0.00020081498749830  0.00021516524774383
  0.00023091469520011  0.00024817433894660  0.00026653723846010  0.00028330737308861
  0.00029940586852024  0.00031334893068303  0.00033290711821024  0.00035495903389931
  0.00037692030689248  0.00039880686502615  0.00042035932180805  0.00044165673651998
  0.00046392566755718  0.00049105295017225  0.00051624035788471  0.00054074130356511
  0.00056101586940468  0.00057354102254901  0.00058931251479909  0.00060451118884658
  0.00061858139437864  0.00063253994465860  0.00064763079302109  0.00066209927443210
  0.00067361541416809  0.00068504930891028  0.00069898493672200  0.00072504492390310
  0.00074924546722136  0.00077230845841169  0.00079372130111416  0.00081674842469062
  0.00085381392907152  0.00089625011845890  0.00093596524764161  0.00097481718917742
  0.00100423070886741  0.00102694561885944  0.00104960553173961  0.00107229840737485
  0.00109564605116301  0.00112871604160659  0.00118139089435463  0.00124306575639225
  0.00129960695042925  0.00134660431869195  0.00139128109711191  0.00143302903052927
  0.00148519900109800  0.00154433001479512  0.00161319144462357  0.00167576291409233
  0.00173622258824222  0.00179792697868279  0.00186951073496618  0.00195870951674305
  0.00204868177430279  0.00212339851755194  0.00219274450181070  0.00226103724696792
  0.00233790215158485  0.00243356778907432  0.00254488355701681  0.00268925476092880
  0.00280291097339063  0.00289182294658069  0.00296867561599055  0.00306139809117394
  0.00317743301105371  0.00330242551242777  0.00345090965204505  0.00359396207905871
  0.00369264105152693  0.00378957652512406  0.00392068466615066  0.00411271923482674
  0.00428944890793298  0.00449717932708675  0.00503098068093877  0.00576219290907174
  0.00605581232328522  0.00696037412969673  0.01114816795712002  1.00000000000000000
 -0.00455076752319840  0.01819806624116373  0.03727505760079051  0.05556344966489778
  0.07259300494028559  0.08889397816999872  0.10417419195528956  0.11694935241126740
  0.12860292255964942  0.13977623458889191  0.14942811654082769  0.15835607863889856
  0.16661606854964173  0.17520228552829534  0.18412922146137040  0.19684344849175953
  0.20942632860081811  0.22273176116541374  0.23551610753970006  0.24776084468424123
  0.25859011402528692  0.26925425024239408  0.28124407491415376  0.29458913365869149
  0.30850220122425120  0.32081745705689596  0.32789328166832798  0.33673685118732449
  0.34542872686386783  0.35446320667453524  0.36731829673869620  0.38138711832446137
  0.39610094381766647  0.41060666374185800  0.42306780636750663  0.43423783692828510
  0.44497734882405959  0.45555739500918296  0.46478763312002902  0.47274727193574001
  0.47955313522881954  0.48721152158987846  0.49501593471431071  0.50426404513740464
  0.51412268465168498  0.52452586580539728  0.53427942914236504  0.53930690519161728
  0.54358198945202585  0.54876608547324690  0.55490785687078903  0.56120531013661645
  0.56675963493791293  0.57200032689770874  0.57991853356427359  0.59040687364663069
  0.60125041989354810  0.61145582147078215  0.62284671839647354  0.63480126543915583
  0.64772877686930386  0.65855935455135184  0.66892523928841441  0.68076455101163846
  0.69079348077033609  0.69870894504828207  0.70751117874439684  0.71294292771794909
  0.71829279512313871  0.72457754526222795  0.73053584020547613  0.73556966653422473
  0.74108792724895112  0.74683809072602025  0.75374860683568368  0.76128899148025120
  0.76756071441668605  0.77470881564542993  0.78356073236218371  0.79373030670992473
  0.80693468664076284  0.82307113698318501  0.83532418275670295  0.84469835253681258
  0.85291024981679342  0.86103698342754253  0.87035104776699379  0.88368654459897400
  0.90246010669302823  0.91866942603907320  0.93049310523537010  0.94140004452191206
  0.95375977327923356  0.96859311512941937  0.98488213954617587  1.00000000000000000
  0.44537925022601443  0.49774743141081906  0.51968625740103136  0.53743928465195623
  0.55280205628596468  0.56626692080422525  0.57906981257910739  0.59111607808346966
  0.60480478750868194  0.61844787806093915  0.63120642825874740  0.64379720397896356
  0.65565873954566678  0.66804695254471291  0.67648608176548741  0.68384967815483877
  0.68701253193936762  0.69006945474466186  0.69270287909650274  0.69506225241164177
  0.69801534861381209  0.70133091832136518  0.70413632076925659  0.70992558598956557
  0.71733100605064370  0.72609163693299517  0.73468896412826112  0.74380873105060330
  0.75271396241077093  0.76114726995563553  0.76986945177323107  0.77891240474043655
  0.78761760987116769  0.79603833038581806  0.80463183146909234  0.81259061413493427
  0.81826440349666674  0.82329808155331485  0.82887310288551319  0.83525963496424815
  0.84265817498430984  0.85022966248610365  0.85648799911695039  0.86132891867947103
  0.86575366040030122  0.87083439537102303  0.87751863081862991  0.88648925432796011
  0.89531664425236934  0.90188898781489646  0.90806234945700759  0.91321187985211949
  0.91826118193388218  0.92306264192764209  0.92755667181740498  0.93229740401265782
  0.93671437289262738  0.94026367713092629  0.94390203577651843  0.94825782013167570
  0.95283230618530657  0.95685336753603678  0.96010613907890741  0.96319072119400218
  0.96614005517433255  0.96876906416606479  0.97103091918963447  0.97298565533117931
  0.97479722194887231  0.97654715333424791  0.97801817242544331  0.97957890284668903
  0.98116854715576041  0.98257166548488428  0.98420392007127311  0.98597016653913783
  0.98845493180031951  0.99042718674218289  0.99159072700064832  0.99199365146364726
  0.99238893854836374  0.99279828804724679  0.99314268034962250  0.99351376763075994
  0.99392229528649756  0.99433459395424095  0.99493945020911245  0.99598333354456015
  0.99678493001679569  0.99723689264855109  0.99768885528030649  0.99809940257807539
  0.99846651164958633  0.99871037289355424  0.99886269326292010  1.00000000000000000
  0.08600870662897349  0.15971780242749925  0.19038600701660602  0.20941649358584402
  0.22745796496260881  0.24104934398723316  0.25166327530198068  0.26265419522266820
  0.27336829982930461  0.28341089041277417  0.29293728744823327  0.30257933125890180
  0.31108021217920079  0.31741350290134873  0.32349454951832302  0.33016736451058970
  0.33791302393085509  0.34536603268393878  0.35180068952369165  0.35783661297025926
  0.36471663689842682  0.37203802736105790  0.37830766899712631  0.38471142977777883
  0.39145135100520884  0.39883900136335437  0.40694248694260177  0.41523838135848073
  0.42452557818018849  0.43089777853542388  0.43515745115311261  0.43906623941834366
  0.44225044376655304  0.44548366761632896  0.44908534432612957  0.45265873462149209
  0.45554213404181920  0.45792588574572024  0.46075549079510014  0.46405041810006237
  0.46795221630428790  0.47194887406797315  0.47651674694419099  0.48272726657129700
  0.48962304521036376  0.49755193561607503  0.50443774452096968  0.51061381837105113
  0.51666335948993114  0.52174244647905810  0.52674132935303153  0.53172278130638262
  0.53687384487175627  0.54258860679339227  0.54817315205101735  0.55470802963251764
  0.56185293981439954  0.57061433769692083  0.57870496103633950  0.58661266310469662
  0.59423427861034384  0.60192215828643392  0.60955280623480701  0.61713418763601746
  0.62651689758779627  0.63588993177012987  0.64426763470239123  0.65211852471151743
  0.65999447831334934  0.66787635563237180  0.67519666744462548  0.68184345532194179
  0.68810555745072521  0.69484085098977411  0.70246182912210020  0.70963617464926365
  0.71542579093783076  0.72095667808712660  0.72710321250242393  0.73388627147891605
  0.74040410969963277  0.74806510151733197  0.75478515504157528  0.76085230259692105
  0.76636830071920525  0.77417527230663541  0.78373086052308216  0.79445484554570289
  0.80796194181962722  0.82176440693535902  0.83528355285142564  0.84898592188917976
  0.86350658377207401  0.87926882373506698  0.89949274683940117  1.00000000000000000
   3.9258111221120233E-012  -1.0000000000000000     
 F F F F F F F F F F F F T T T T F F F F F F F F T T T T F F F F F F F F T T T T F F F F F F F F T T T T F F F F F F F F F F F F F F F F F F F F F F F F F F F F F F F F F F F F F F F F F F F F F F F F F F F F F F F F F F F F F F F F F F F F F F F F F F F F
  <DiscreteSampler_grid>
  grouped_processes
  1 # 1 for a reference and 2 for a running grid.
  10 # Attribute 'min_bin_probing_points' of the grid.
  1 # Attribute 'grid_mode' of the grid. 1=='default',2=='initialization'
  0.0000000000000000 # Attribute 'small_contrib_threshold' of the grid.
  0.5000000000000000 # Attribute 'damping_power' of the grid.
 # binID   n_entries weight   weight_sqr   abs_weight
    10   10   6.703609563243407E-004   1.880819925927605E-006   6.703609563243407E-004
    16   10   6.703609563243408E-004   1.880819925927606E-006   6.703609563243408E-004
  </DiscreteSampler_grid>
