  0.00000041546517458  0.00000048204405087  0.00000055042752652  0.00000062147794851
  0.00000066695539495  0.00000074123498757  0.00000082603371306  0.00000093895439179
  0.00000103409938417  0.00000110662643799  0.00000117296313284  0.00000141471427691
  0.00000174869388580  0.00000212391948398  0.00000258352809736  0.00000305624648301
  0.00000343834512916  0.00000378927616817  0.00000410814456496  0.00000441778659997
  0.00000481111494025  0.00000524449958945  0.00000571285443216  0.00000612642202893
  0.00000647985448024  0.00000678054984103  0.00000706935062146  0.00000740749845433
  0.00000786496755658  0.00000836551204907  0.00000893093948053  0.00000956802655678
  0.00001023588851860  0.00001102494349204  0.00001192484702213  0.00001286647506938
  0.00001385617320214  0.00001476459134074  0.00001535980031360  0.00001590758703294
  0.00001643262845361  0.00001703167483227  0.00001756349498067  0.00001831778864612
  0.00001927584173921  0.00002048889714091  0.00002184778363145  0.00002309302437149
  0.00002447930962118  0.00002630176707571  0.00002855973179643  0.00003103800380724
  0.00003378860238964  0.00003768489812796  0.00004148004339077  0.00004376334256163
  0.00004522238083790  0.00004660147232363  0.00004823548542549  0.00004993520261700
  0.00005132179085012  0.00005265600375935  0.00005407296983720  0.00005697208015409
  0.00006108624164980  0.00006550895726985  0.00007038128738127  0.00007550661364715
  0.00008048582225384  0.00008432689684387  0.00008719607395247  0.00009066594878141
  0.00009573579081393  0.00010113905349539  0.00010926937226433  0.00012023822098714
  0.00013021268979223  0.00014097682055913  0.00015467621693272  0.00017435949518755
  0.00020166422031242  0.00023982416049225  0.00029011695941874  0.00034871984049457
  0.00041372144222998  0.00048272471121195  0.00054991486731205  0.00062596440209371
  0.00075202298267162  0.00096223659822798  0.00136535893270414  0.00203219984745460
  0.00339775784127883  0.01566214911268140  0.05275777744328350  1.00000000000000000
  0.00000125350137284  0.00000190816212311  0.00000241770953708  0.00000286614535678
  0.00000329720877374  0.00000356175231960  0.00000376490183499  0.00000390441240441
  0.00000410076089644  0.00000431806827052  0.00000456499870087  0.00000485787906327
  0.00000524468075224  0.00000563641418342  0.00000588765015138  0.00000606368127464
  0.00000620515550913  0.00000636390137155  0.00000652245682595  0.00000668122728825
  0.00000685686196152  0.00000702827237391  0.00000721580263644  0.00000739515707095
  0.00000761549969889  0.00000793036965850  0.00000832436956896  0.00000875928229423
  0.00000918408687103  0.00000958396937484  0.00000998469420631  0.00001039445974013
  0.00001082857181215  0.00001124467192440  0.00001174842749281  0.00001235924420922
  0.00001302885311640  0.00001386645047959  0.00001469965266850  0.00001538930626744
  0.00001596376146473  0.00001660079050946  0.00001736559030620  0.00001819479063052
  0.00001899112245573  0.00001972592874665  0.00002034448002315  0.00002085849076214
  0.00002138216365503  0.00002205811611960  0.00002302956724926  0.00002434488580516
  0.00002555666383342  0.00002697561972025  0.00002818653912133  0.00002989842908899
  0.00003193524132722  0.00003393009887763  0.00003549079854802  0.00003711047757880
  0.00003882827301308  0.00004040153108907  0.00004181702873252  0.00004320253737595
  0.00004465215214875  0.00004631671100583  0.00004791185704246  0.00004963382655341
  0.00005197084052779  0.00005378207135417  0.00005553420183270  0.00005845389302852
  0.00006404716233182  0.00007191742176446  0.00008190753474411  0.00009333322010505
  0.00010467086124383  0.00011669861109093  0.00013354393685267  0.00015981193786744
  0.00019067605056206  0.00022648827531095  0.00028131256647767  0.00034805309809553
  0.00044253257638890  0.00062935267300650  0.00087386782140102  0.00122309765261698
  0.00164040279979915  0.00200175534802999  0.00238883991116758  0.00272222693149432
  0.00298105896786814  0.00338477600446860  0.01811886434237234  1.00000000000000000
  0.00000059280143548  0.00000132929066951  0.00000197052972271  0.00000253516847433
  0.00000288626832716  0.00000310980080984  0.00000324922478425  0.00000342801105183
  0.00000382006104286  0.00000428426903950  0.00000509142720064  0.00000583506435677
  0.00000662441835832  0.00000738757069546  0.00000811619035726  0.00000911097941130
  0.00001033908926788  0.00001163345093233  0.00001309990472641  0.00001386582446740
  0.00001439031861068  0.00001476976965870  0.00001526692556425  0.00001577299405136
  0.00001631563620713  0.00001687122158826  0.00001747603131345  0.00001821737720895
  0.00001917266550781  0.00002112703839735  0.00002272318584973  0.00002418189828620
  0.00002546841846940  0.00002672885768423  0.00002821527770308  0.00002988494453996
  0.00003205945667967  0.00003431518543376  0.00003649826000270  0.00003852619868565
  0.00004106908068557  0.00004384574031354  0.00004677698359698  0.00004985524798458
  0.00005354819644006  0.00005756626670985  0.00006156585794860  0.00006573047876657
  0.00007013838582834  0.00007428162805368  0.00007845326882863  0.00008389682355355
  0.00008996810826011  0.00009607028275033  0.00010287308208056  0.00011183523100010
  0.00012046698504811  0.00012632492045388  0.00013111534292125  0.00013730844865124
  0.00014298935183200  0.00014799155761507  0.00015373699548905  0.00016163170271239
  0.00016713990329771  0.00017397100366825  0.00018313540253736  0.00019478422360122
  0.00020789984067004  0.00022280951743898  0.00024143166145454  0.00026219605388567
  0.00028264942987405  0.00030700438181729  0.00033860306142341  0.00036907507953464
  0.00039356468041854  0.00041975339210453  0.00044871443984428  0.00047564526828612
  0.00051013511749656  0.00054017075129583  0.00058333692690210  0.00064642894831369
  0.00072133509907086  0.00083261369043967  0.00094252610075858  0.00107848940993579
  0.00124291624507208  0.00142866770438786  0.00168143330114663  0.00213331166154651
  0.00279729497576652  0.00331379244964625  0.00372906576903168  1.00000000000000000
 -0.00083759483706189  0.00291643848240995  0.00687850729048435  0.01108158838698100
  0.01530343449901438  0.01885851936089196  0.02147802790029984  0.02341556272866464
  0.02526830788813626  0.02713045244239250  0.02886784010758389  0.03055632678635143
  0.03363421121381700  0.03704993956893000  0.04075796722962826  0.04477448452949025
  0.04851328728638610  0.05218464153908853  0.05580830419224759  0.05843496400992745
  0.06119965942267760  0.06411760946596561  0.06716046049573510  0.07024827734631402
  0.07326990319515202  0.07622747252927471  0.08055757016837958  0.08551201009695227
  0.09075236707446367  0.09587638067401577  0.10077531210994367  0.10542629082540030
  0.10973688212715586  0.11470534915948088  0.11974425475130270  0.12482452261076421
  0.13030966667522328  0.13639314792841281  0.14294877463226446  0.14820103196719012
  0.15263535922227900  0.15721698457699756  0.16141878565288825  0.16600173579148239
  0.17084345432631881  0.17381787207255470  0.17606417073488792  0.17893722811350030
  0.18199783916200105  0.18466950550837777  0.18696704935339303  0.18960410268701391
  0.19487329595924716  0.20006399983815099  0.20462908076128647  0.20875641661162656
  0.21378923016164664  0.21891539704972890  0.22369343710190109  0.22845392611076359
  0.23451807640300273  0.24150300250952855  0.24850362502580711  0.25805112613384495
  0.26842444060310067  0.27866221539336422  0.28888968324931141  0.29953414702984665
  0.31110160104144580  0.32125163063585938  0.32690629131492360  0.33221677524707371
  0.33757899593647611  0.34277135886805127  0.34747733578010603  0.35156909955158605
  0.35579605194901182  0.36348954979247922  0.38110238573324051  0.39792671920285094
  0.41520934309949598  0.43415262512888259  0.45481784928496216  0.47607022510402619
  0.49565588292071089  0.51492830532807143  0.54188125732185877  0.57486474235164409
  0.60541716186505823  0.63594738651351235  0.67033864864355330  0.70881506086178225
  0.75313400987515577  0.80565151673691915  0.88862478644260434  1.00000000000000000
 -0.00759125724895394  0.02920059909653470  0.04546796883545873  0.05744506845932221
  0.06720373835692299  0.07568656674111823  0.08430499711606951  0.09334086938562167
  0.10258030085923985  0.11719133871823127  0.12971952616408913  0.14059885707276162
  0.14937433032328076  0.15606490654214997  0.16270309723195539  0.16968851909859781
  0.17695599812710869  0.18472099902097469  0.19346517362448160  0.20387177401103260
  0.21628666248898659  0.23007150886457994  0.23599208305841513  0.24027055256961133
  0.24253201842910607  0.24552329637452922  0.25001746115077167  0.25428300582411795
  0.25808389273530291  0.26232871000923907  0.26648800885548701  0.27266988510005358
  0.28088213484668378  0.28983412625519167  0.30106737463201966  0.31459703855673338
  0.32769168056910181  0.33879986092859371  0.35101310176266604  0.36385754091039785
  0.37597761193288171  0.38738226619274901  0.39856226806939732  0.40952496428945867
  0.42117404333282560  0.43301313925574608  0.44578340693680413  0.45892001267601135
  0.47181696025346309  0.48766602328717684  0.50668283862219032  0.52630415404919140
  0.54502685719300870  0.56159316271997617  0.57589450092951633  0.58842767969978205
  0.59944852699204798  0.60896593828750856  0.61875971044060529  0.63131011096202883
  0.64646344489209839  0.66205325790575154  0.67486105065789936  0.68596354839620877
  0.69597535791564480  0.70526722076261150  0.71701801257874187  0.73470690658539983
  0.75007550487325092  0.76049441445994836  0.76872659767803186  0.77658024544716375
  0.78476755217141980  0.79655817896456738  0.81279954603084825  0.82605669234482570
  0.83548547302816134  0.84461602665867741  0.85387164370335311  0.86373279853211438
  0.87070016559911190  0.87554078693437021  0.88254395369006156  0.89101262209565435
  0.89634826993370442  0.90009243836811859  0.90395894856114323  0.90850873516968567
  0.91563655564048518  0.92596885727888034  0.94161027406745879  0.95595149511973199
  0.96627350051440053  0.97555350302392996  0.98693756687183176  1.00000000000000000
 -0.00293156715576940  0.01014182605709376  0.01586082247561935  0.02002158188492073
  0.02412847025859149  0.02811519503686122  0.03303455720518994  0.03683972802903469
  0.04019206552260066  0.04859585934384094  0.05659513677402591  0.06355748971789681
  0.07007495668214207  0.07884381214051286  0.08897917967500002  0.09922359389861761
  0.11021292982905499  0.12578421692061667  0.14282742130925474  0.15662334074249401
  0.16728194868169141  0.17679691557422691  0.18538366513357324  0.19611571890505661
  0.20482110057894543  0.21150956952770705  0.21811803417510878  0.22409684341013331
  0.22976223616562183  0.23672923454901884  0.24298127901377309  0.24915448200720619
  0.25855296906207631  0.27094151577517422  0.28243779553675102  0.29267443093528378
  0.30094967354531516  0.30667612304814923  0.31341229362788459  0.31993028975792209
  0.32838018579738082  0.33951217938187750  0.35231663302686023  0.36544112361703107
  0.37889355815644410  0.39268535078764627  0.40601573354883996  0.41900142432472631
  0.43176680160890646  0.44027515167557746  0.44777533238949641  0.45608777058324818
  0.46480310717830242  0.47347437709552354  0.48531826977832465  0.50260897358638068
  0.51977959028198706  0.53550162420640268  0.55077331490106640  0.56632086227705702
  0.57975997431499626  0.59288077903652014  0.60393982024634862  0.61386775975510322
  0.62275350374571847  0.63208310103088805  0.64222415597336258  0.65357193286922965
  0.66609639148528998  0.68181728600822733  0.70241033527565999  0.72318750662915110
  0.73878024926058383  0.75434167597308210  0.77099137629299608  0.79277066852758216
  0.81241729681926367  0.82827986151697730  0.83834934224961866  0.84462075014113702
  0.85102514512483574  0.85678046279626774  0.86187674321218499  0.86896080735645798
  0.87833004795121417  0.88677527192331018  0.89440625599543411  0.90557901572580712
  0.91624903521107215  0.92810134782961728  0.93915851311258736  0.94877467693666218
  0.95878557225399330  0.97046131516956269  0.98401709721407804  1.00000000000000000
 -0.00000195381330733 -0.00000013074595095  0.00000169232140544  0.00000668570969012
  0.00001228111195281  0.00001778610088739  0.00002322491332260  0.00002863272324938
  0.00003394713279374  0.00003927661536372  0.00004475199814853  0.00005031141900237
  0.00005627731642984  0.00006285593625096  0.00007032704370412  0.00007883376201002
  0.00008782837147591  0.00009729556240131  0.00010704392521608  0.00011728016135561
  0.00012897157415977  0.00014160861916627  0.00015503448757164  0.00016879245583189
  0.00018219992087782  0.00019566199914893  0.00020952338923005  0.00022525963604121
  0.00024100570064319  0.00025814730408332  0.00027690644661629  0.00029515365154840
  0.00031624024865800  0.00033391338340550  0.00035142037407310  0.00036752326366186
  0.00038321267969101  0.00040189392182914  0.00041958580229337  0.00043699875284429
  0.00045904278293130  0.00048506292398697  0.00051017973304089  0.00053739961197133
  0.00056622562586722  0.00059930789302626  0.00064028627434712  0.00068688918683177
  0.00072961118404578  0.00077911926331544  0.00082281874053147  0.00086723140318270
  0.00091710655176797  0.00098265805076522  0.00109440911388714  0.00115562769975376
  0.00120008204580048  0.00124300614559825  0.00129146088432002  0.00135897695897902
  0.00142317105674561  0.00149628728859798  0.00156042631438263  0.00162735020276264
  0.00173185344894215  0.00183434106034451  0.00194172549690444  0.00204597018824017
  0.00213358124691045  0.00222035295309966  0.00231569762034446  0.00243276874406508
  0.00259512660037562  0.00267956828772638  0.00273929924754968  0.00278992194376558
  0.00283485410976571  0.00287786340538988  0.00292061989291357  0.00298224895309583
  0.00309949597527283  0.00320246761504429  0.00328704151640605  0.00338957829761780
  0.00353788723888650  0.00365821725508103  0.00369815643801363  0.00374306382344715
  0.00381345584769774  0.00389412307079582  0.00408078755101415  0.00448840457528602
  0.00521003101968269  0.00673312741083615  0.01650925062351294  1.00000000000000000
 -0.00361098476292668  0.00762787259700740  0.01821712648731214  0.02823516442129334
  0.03612995763562291  0.04311966778000316  0.04824942117348751  0.05340812253626665
  0.05839231861282729  0.06251444904572812  0.06557148858512440  0.06886748698450558
  0.07179131387768428  0.07331697904486038  0.07466738498930556  0.07675067376554752
  0.07882908080748648  0.08057535187505689  0.08236174218708846  0.08454790166601084
  0.08893160684432688  0.09548609513973186  0.10364453159720567  0.11258374261698638
  0.12167033902294476  0.13019514316746061  0.13686203820155265  0.14273342878237913
  0.14831488250254671  0.15448933063954981  0.16232600584487786  0.17033171146219109
  0.17739280544865779  0.18346164769882722  0.19097186415303549  0.20159488451162955
  0.21288288091246205  0.22566007436412772  0.24205650140018689  0.26061276284551227
  0.27313461079400292  0.28936977229186617  0.30394457157622073  0.32207934429534230
  0.34998575300857804  0.38869590354724198  0.45705259815534921  0.55492740100244398
  0.62904031121081239  0.66881988547247972  0.69723874027449373  0.73003890822514905
  0.75401425462569738  0.76942066166236123  0.78396079092761639  0.79929591572500547
  0.81158152201552225  0.82159772571031708  0.83031703013153613  0.83846657160921034
  0.84534660936838302  0.85089813874448150  0.85584093569925634  0.86164881049160547
  0.86873259864569841  0.87453291556296286  0.87770078405844487  0.88115907473712074
  0.88418516570127659  0.88649482155578241  0.88896625016571706  0.89223658506957693
  0.89559476724261289  0.90137014336349452  0.90741595998326585  0.91339047446060984
  0.91959601451984541  0.92335306743053291  0.92595668608854609  0.92844858012109677
  0.93108655954567021  0.93418978700753252  0.93667773016147593  0.93882675494655810
  0.94098548576028995  0.94341196839838937  0.94672877490063523  0.95097984297435190
  0.95493488880512789  0.95996331306475502  0.96637222806349676  0.97247336135513829
  0.97882282763956130  0.98559860617779871  0.99275694572592021  1.00000000000000000
  0.48925853635797784  0.68505909917948948  0.75685007238296831  0.79799199741381321
  0.82849402066839128  0.85276987129817106  0.87173712856110031  0.88755033619949364
  0.90088572494595365  0.91316017577811937  0.92413367134962343  0.93105585228709997
  0.93622101415448800  0.93853729579473266  0.94094265121253751  0.94461855676127870
  0.94879897201713270  0.95304211623105961  0.95667853208096076  0.95852215093708826
  0.95982948077009667  0.96113799950050527  0.96260289026415768  0.96393620382525069
  0.96544937971299183  0.96804192905201791  0.97051447340965435  0.97255039265480403
  0.97447572602613186  0.97664149991641069  0.97844376447513093  0.98020910194297506
  0.98209241706809303  0.98387125501279804  0.98540801043498061  0.98672346549172107
  0.98783979053109927  0.98868726288358744  0.98926643525730584  0.98980711156378687
  0.99030405192105597  0.99078055898224082  0.99117751990940961  0.99152772984227289
  0.99180090301876955  0.99192704349389837  0.99209316864337171  0.99227097614115045
  0.99241492595730652  0.99255320860488672  0.99269393798112471  0.99286954219395318
  0.99302627833200774  0.99317961221585382  0.99334749001363609  0.99352856794950006
  0.99371003603254815  0.99388525926752858  0.99406216453568397  0.99424784209385353
  0.99443415239080157  0.99461929658435067  0.99479822338348189  0.99498251243301428
  0.99518062095258497  0.99542296932641960  0.99566916183892162  0.99588482090866348
  0.99609730054200363  0.99630643854227552  0.99649499848723433  0.99664651279927341
  0.99675468899000097  0.99686900969256154  0.99698361748984954  0.99709158379685014
  0.99717996616600213  0.99727171801053927  0.99736545770919816  0.99744963733525593
  0.99754059090254921  0.99764683260821663  0.99774002188741751  0.99783069085556142
  0.99791858634010155  0.99800813729762372  0.99809427178547716  0.99815390113147262
  0.99821353047746808  0.99827634694705736  0.99833950297104934  0.99839267234565532
  0.99844473693191071  0.99879441616291220  0.99930967045297625  1.00000000000000000
  0.04460896966831429  0.07473386619754453  0.09195651266929297  0.10284792547958851
  0.11631397988283483  0.12987184445503008  0.14288059062883526  0.15504195973197790
  0.16189921374765295  0.16797540346709228  0.17245318968785248  0.18420849099631242
  0.19724355055174295  0.20851800099550793  0.21713217664808576  0.22534272502585906
  0.23481384903332009  0.24570522309516982  0.25678666696477687  0.26594669933306525
  0.27090257213120683  0.27653758070336892  0.28309738663639578  0.29160865969994476
  0.30324592671012318  0.31592977143933521  0.32778477994594635  0.33793861425109001
  0.34632198844263085  0.35484119932010372  0.36275385426906837  0.37010947518711884
  0.37698069906954190  0.38167322595464453  0.38692629450594468  0.39328996588548670
  0.40067904713487512  0.40830183954970467  0.41525895269031338  0.42143669291692437
  0.42713772262120342  0.43261875391948845  0.43942336963314926  0.44798832948461276
  0.45602500619489844  0.46125606518483331  0.46748849771088319  0.47402898186258630
  0.48033332270597512  0.48512224497737011  0.48999678971781818  0.49616543878969621
  0.50467799357478293  0.51402527054958835  0.52218593746807940  0.52875237857898372
  0.53402859205675046  0.53893066236298259  0.54375081885148857  0.54963480886983840
  0.55692793138515106  0.56639498131171262  0.57737446598067077  0.58833085054493917
  0.59456172826821196  0.59818210893655110  0.60276547635132138  0.60698509795688360
  0.61051569215691803  0.61386684001093295  0.61768315663119999  0.62130213439921855
  0.62499844488684420  0.63051450475203996  0.63777716080332680  0.64449951829949215
  0.65044234466395612  0.65662011725596325  0.66148825733734939  0.66667443219125255
  0.66998776532608273  0.67312619656021933  0.67675747304504286  0.68164954520874899
  0.68902797317934061  0.69922104295045395  0.71003631197457695  0.72072384082943008
  0.73152407759204130  0.74572998926919709  0.75970509839461609  0.77403810365493464
  0.79184348572679164  0.81617384145392513  0.86320478052735483  1.00000000000000000
   2.6967150110125577E-010  -1.0000000000000000     
 F F F F F F F F F F F F T T T T F F F F F F F F T T T T F F F F F F F F T T T T F F F F F F F F T T T T F F F F F F F F F F F F F F F F F F F F F F F F F F F F F F F F F F F F F F F F F F F F F F F F F F F F F F F F F F F F F F F F F F F F F F F F F F F F
  <DiscreteSampler_grid>
  grouped_processes
  1 # 1 for a reference and 2 for a running grid.
  10 # Attribute 'min_bin_probing_points' of the grid.
  1 # Attribute 'grid_mode' of the grid. 1=='default',2=='initialization'
  0.0000000000000000 # Attribute 'small_contrib_threshold' of the grid.
  0.5000000000000000 # Attribute 'damping_power' of the grid.
 # binID   n_entries weight   weight_sqr   abs_weight
    10   10   1.510789636437962E-002   1.051144904265035E-003   1.510789636437962E-002
    16   10   1.510789636437962E-002   1.051144904265035E-003   1.510789636437962E-002
  </DiscreteSampler_grid>
