  0.00000041560689105  0.00000043013658886  0.00000044199987140  0.00000045491284752
  0.00000047011621796  0.00000048759217034  0.00000050780922797  0.00000053532424107
  0.00000057145678836  0.00000061601112709  0.00000066282411834  0.00000068926829124
  0.00000071719704427  0.00000074723803238  0.00000077943168231  0.00000081180747083
  0.00000084552559331  0.00000088326131817  0.00000092522182516  0.00000096956971281
  0.00000102490024809  0.00000107979645500  0.00000114753764496  0.00000123881893110
  0.00000132792438022  0.00000141236018807  0.00000149486614388  0.00000158083761090
  0.00000167231897196  0.00000176756349317  0.00000186446934653  0.00000196065832230
  0.00000205683163560  0.00000215595815880  0.00000226215371465  0.00000238139488984
  0.00000251670057240  0.00000263317371857  0.00000273779457087  0.00000285347458155
  0.00000301012459843  0.00000318320484745  0.00000338254436079  0.00000360728596160
  0.00000384349656195  0.00000409463771090  0.00000436270952501  0.00000464365752110
  0.00000495433474331  0.00000531198568311  0.00000566497828877  0.00000604891862158
  0.00000642135300420  0.00000682588085637  0.00000727068731576  0.00000778937576716
  0.00000837675413956  0.00000901226437522  0.00000973319224333  0.00001045043109960
  0.00001128710834577  0.00001209679774770  0.00001295518797335  0.00001385262160803
  0.00001477950022984  0.00001588928086080  0.00001711122842322  0.00001867072853281
  0.00002027382841560  0.00002210375056044  0.00002410570174588  0.00002662790259639
  0.00002973655410570  0.00003315342067887  0.00003715561969682  0.00004175831329534
  0.00004729163387130  0.00005401725881611  0.00006225152011863  0.00007177509313641
  0.00008391527747042  0.00009874553530230  0.00011697134037698  0.00013831733838973
  0.00016347641030153  0.00019374176135615  0.00023704236032921  0.00029875554435470
  0.00036962427213154  0.00046217695296077  0.00063401336485230  0.00083691251288918
  0.00114537738266917  0.00175151509974892  0.00505681233899445  1.00000000000000000
  0.00000087135121937  0.00000098141087920  0.00000106030040515  0.00000112502385346
  0.00000117837852708  0.00000124950015643  0.00000131667030246  0.00000137605184865
  0.00000143070987385  0.00000148096653459  0.00000153850875702  0.00000159074656652
  0.00000164782816442  0.00000170341129011  0.00000176073741156  0.00000182710714025
  0.00000190138019732  0.00000198427416306  0.00000207072931502  0.00000214682102002
  0.00000221658030424  0.00000229392665935  0.00000240888442769  0.00000252330396061
  0.00000264687288559  0.00000278473318024  0.00000290748419124  0.00000304017625789
  0.00000318748030314  0.00000335892773208  0.00000354145014741  0.00000372979407476
  0.00000392867422443  0.00000413941876289  0.00000436738344684  0.00000459246383420
  0.00000482777871844  0.00000507914520714  0.00000536581234275  0.00000567316422173
  0.00000597873892240  0.00000627421861948  0.00000656958418428  0.00000687088784847
  0.00000717844073969  0.00000749001492224  0.00000780483568756  0.00000812731078613
  0.00000847786978224  0.00000887736606087  0.00000930044898114  0.00000974270279045
  0.00001026901374365  0.00001090273946146  0.00001152651939568  0.00001220081602780
  0.00001294616274385  0.00001375674347146  0.00001466450613435  0.00001563860997689
  0.00001668111934072  0.00001781962418214  0.00001899495124121  0.00002029990147837
  0.00002165414759306  0.00002305441014697  0.00002465784621656  0.00002640635186834
  0.00002850519357631  0.00003073765960080  0.00003347563030011  0.00003677147318538
  0.00004066958122118  0.00004488732210133  0.00005025606518683  0.00005612329637103
  0.00006326001805932  0.00007254248389478  0.00008297686658003  0.00009513530329993
  0.00011032448566611  0.00012993405739269  0.00015112363502518  0.00017279325596367
  0.00019809441608541  0.00023377128489457  0.00028408004114138  0.00035217867013428
  0.00042731380255405  0.00050986380370860  0.00067762976225169  0.00108919115048792
  0.00165459923663382  0.00244550936682349  0.00407265244722370  1.00000000000000000
  0.00000063255052655  0.00000090126777537  0.00000121569724144  0.00000161791283967
  0.00000206214054557  0.00000244864432561  0.00000279728344467  0.00000315493783850
  0.00000358664356046  0.00000402475139622  0.00000450523050131  0.00000505241332248
  0.00000559264781260  0.00000613850263829  0.00000674227656694  0.00000731800801820
  0.00000793328793515  0.00000855884115186  0.00000918417458024  0.00000985619794596
  0.00001058848111715  0.00001143094639740  0.00001233544126176  0.00001315622144618
  0.00001396520471819  0.00001478997578911  0.00001563081539745  0.00001653886209192
  0.00001753851386303  0.00001857476822293  0.00001968148817091  0.00002096316623769
  0.00002230757246624  0.00002374052331131  0.00002528779790465  0.00002700981275249
  0.00002888943892529  0.00003098026899973  0.00003331545674075  0.00003601701671440
  0.00003923084558280  0.00004276284564970  0.00004652618118714  0.00005053855480143
  0.00005479121917457  0.00005936923950739  0.00006445393071998  0.00007080648241018
  0.00007798000135998  0.00008566896799690  0.00009438057620148  0.00010395047881124
  0.00011429083094345  0.00012680579811002  0.00014085479333410  0.00015682025644385
  0.00017282496599201  0.00018904481519442  0.00020700125655507  0.00022649282823518
  0.00024756982059443  0.00026881839942668  0.00028980892748666  0.00031204695968311
  0.00033575144069319  0.00036077302198491  0.00038896534846537  0.00042319510510050
  0.00046782516895679  0.00051894053789491  0.00056786239188583  0.00061444427695932
  0.00065783261412967  0.00070114836176589  0.00074708210627514  0.00079867485562420
  0.00085527815627073  0.00091539541803648  0.00098248482138274  0.00107160136179326
  0.00115784461023065  0.00122562780953609  0.00129694799594913  0.00138349930842503
  0.00150671326783797  0.00161571269307289  0.00170914022520985  0.00178767730210078
  0.00188171783929496  0.00198745037011908  0.00211570009472800  0.00226319673430395
  0.00237568436128230  0.00323718774150883  0.00533382148805618  1.00000000000000000
 -0.00198940268459364  0.00972755543319735  0.01908294139549756  0.02760235159042033
  0.03596028112598353  0.04409263613063013  0.05181386069415824  0.05957744102679407
  0.06770426841478615  0.07671274131842434  0.08690821376369431  0.09592871569649940
  0.10439953405562027  0.11282503648904088  0.12126968088828802  0.12941732761030750
  0.13741946981785164  0.14552910765234603  0.15446061194492258  0.16452493643255905
  0.17517195504753705  0.18531734188181928  0.19613773845638477  0.20683109504101937
  0.21832398983570964  0.23003950822689309  0.24289052520249560  0.25599184075436365
  0.26897873518263982  0.28109953087212430  0.29269580404178741  0.30163781791043309
  0.31058743628734353  0.31946516838650313  0.32976715356474962  0.34115544292140243
  0.35309332027958273  0.36455168758882478  0.37592434979323580  0.38828844539748342
  0.40139421989874141  0.41427953611369661  0.42642655705927029  0.43817782586444126
  0.44949112741922498  0.45999428669682330  0.46993368694892329  0.48027716397652664
  0.49120022743223424  0.50101645699308828  0.50967885781162547  0.51880747727222309
  0.52910155421792693  0.53855009691742606  0.54800042746593669  0.55729875565327036
  0.56775881878885748  0.57951087372250121  0.58988528019157616  0.59948041766102611
  0.60844104075235661  0.61703539873179580  0.62550331463524689  0.63352160743177777
  0.64179350586750916  0.65139110590342486  0.66159491972058904  0.67189210608262062
  0.68378332322353019  0.69562902799354132  0.70678855651659545  0.71704935067541398
  0.72725939198653666  0.73779458050390256  0.74945664798481326  0.76014549546464205
  0.77061337243493366  0.78185788950231050  0.79373921373363621  0.80533592584637947
  0.81530049780707725  0.82651285914887829  0.83697397799360895  0.84731318972173852
  0.85815966805737964  0.86879463205587504  0.87909380315947705  0.88920364580542277
  0.90085667437416717  0.91380694582743782  0.92818403085865120  0.94390388844450213
  0.95696122138815642  0.97176808894167821  0.98622090698279397  1.00000000000000000
 -0.00228115493299313  0.01015400059106196  0.02120781798973165  0.03238451513084757
  0.04341294833320375  0.05467530124659701  0.06455666455738925  0.07478059847039238
  0.08479582293843238  0.09548497070376230  0.10714474695320489  0.11820716540347766
  0.12978868209519503  0.14151324173394952  0.15453571940109595  0.16825853019378501
  0.18081932902736200  0.19398460566296086  0.20791243437711937  0.22071861037958454
  0.23206947807514886  0.24237402126434257  0.25229000611073127  0.26272691569013112
  0.27336335601481709  0.28497235615243810  0.29713407129685787  0.30856290091585203
  0.31829782280046642  0.32711757338594327  0.33645961835043203  0.34705526784075730
  0.35833294841293822  0.36889368117239407  0.37869919799883189  0.38925231225170731
  0.40013963324717422  0.41187493716605378  0.42320319144423951  0.43434547478378166
  0.44525295664330838  0.45569081794177263  0.46568417730922262  0.47581810033768673
  0.48648038142045824  0.49666851813417268  0.50655595044054058  0.51627279691711192
  0.52679871349630680  0.53765465339987584  0.54842813071188079  0.55817485749706719
  0.56672956707808297  0.57505453344696378  0.58397637677747005  0.59387364911337193
  0.60392105899765347  0.61417870357645532  0.62390782582739035  0.63399198284763614
  0.64457408768146673  0.65583826209817531  0.66682024350275881  0.67670355320089803
  0.68651663084274128  0.69563341459591566  0.70572508468055928  0.71598098437819768
  0.72676983118896110  0.73665776668697569  0.74609476188200252  0.75745102119994323
  0.76996814365105581  0.78251282739664840  0.79377381157648719  0.80512064084328527
  0.81637243175656349  0.82741857983271461  0.83748118048622477  0.84728888410267056
  0.85755141528984868  0.86813561547483720  0.87881768397863835  0.88936321758108960
  0.89968414919763484  0.90960607896187129  0.91860488836268372  0.92696722758854155
  0.93532596546294910  0.94456603753497981  0.95368106519594498  0.96247729544516258
  0.97085149977088347  0.98020549335515950  0.99014778758909017  1.00000000000000000
 -0.00233522570848246  0.00990342716589392  0.02035774003507915  0.03066001186869392
  0.04145464688271221  0.05213535658992656  0.06399152825441221  0.07645029419768386
  0.08855863284697636  0.09937401822925919  0.10963245684171315  0.12030764312086099
  0.13151446370578540  0.14148640212833422  0.15119149586895780  0.16049101690142806
  0.17020420737193392  0.17985067875477884  0.18928045670858390  0.19884790773699029
  0.20868485631139375  0.21864063903143952  0.22925606048368430  0.24019650082920557
  0.25094399287169161  0.26204373463658448  0.27221890858576286  0.28192010385051669
  0.29195507832460632  0.30227377031846347  0.31251198922389778  0.32226403047960384
  0.33164857985028712  0.34130822817584855  0.35114167863686185  0.36063795725746955
  0.37028389647800353  0.37982629943463891  0.38852633990309249  0.39787918474879214
  0.40766400248642193  0.41844774926618999  0.42964985032610131  0.44128350145296685
  0.45438861807226938  0.46678340369876781  0.47830159637713671  0.48914588715473128
  0.50054357099192703  0.51168321267184658  0.52216591799297207  0.53174652436346048
  0.54172837619295700  0.55211400925525622  0.56145260845812450  0.57023122231827650
  0.57917193867847183  0.58806477222735165  0.59827592304719024  0.60822333750054824
  0.61788162385122858  0.62844415579907242  0.63902697455913560  0.64900864881870746
  0.65837770237550641  0.66834919579404728  0.68006577808049584  0.69135077053746019
  0.70138975128858960  0.71091429549869989  0.72095688223296772  0.73162471393513739
  0.74289138945670685  0.75549232573495839  0.76868959854721841  0.78074552913984152
  0.79281237426368034  0.80526647994833911  0.81810242504742858  0.83089039010149779
  0.84336434450118880  0.85579293224592345  0.86810858458344098  0.87969331032631370
  0.89063875741098841  0.90157445332752972  0.91218280232177529  0.92231978313618646
  0.93236779382084023  0.94248571701321948  0.95242987854201666  0.96158527341266586
  0.97031223351833085  0.97940190989637865  0.98963025647701097  1.00000000000000000
 -0.00009936832189568  0.00008467307854450  0.00048301824150811  0.00067492028203800
  0.00081301453506449  0.00094721822040742  0.00107309155931744  0.00117590720256174
  0.00127539030678602  0.00137036127054261  0.00146111459228964  0.00154775496614937
  0.00163022686178721  0.00170739055688461  0.00178644646141710  0.00186640179778265
  0.00194743394967098  0.00202206536810816  0.00209399577920962  0.00216088498772054
  0.00222486647150478  0.00228773493507763  0.00235668314370872  0.00242672636481029
  0.00249555014508369  0.00255889506501508  0.00261962505829738  0.00267901996148705
  0.00273525687498341  0.00279205037667364  0.00284951357403809  0.00290953807359176
  0.00296985971446857  0.00302886368789570  0.00308406650413467  0.00313810698016508
  0.00319002625488952  0.00323374030451919  0.00328051432625181  0.00333055269440426
  0.00337705100282689  0.00342054649793804  0.00346138401414321  0.00350300908190787
  0.00354550810328310  0.00359422864096090  0.00365546617497022  0.00372302060631249
  0.00378121170015678  0.00383265956911573  0.00388460742337968  0.00393535828455216
  0.00398373791668386  0.00403230126395653  0.00408270683392662  0.00413573729052359
  0.00420147601362951  0.00426627062334701  0.00431099708848135  0.00435213752485732
  0.00438956758989043  0.00442577526170679  0.00445857294743354  0.00449206247580318
  0.00453278467911363  0.00457449434250818  0.00461817046241783  0.00467382893459837
  0.00472564594852967  0.00476935921669513  0.00482627511816400  0.00488482764591371
  0.00494343242325850  0.00502303953806068  0.00510557587385054  0.00516481909439848
  0.00521117781459091  0.00525783123838322  0.00530464661237303  0.00536704816544351
  0.00543730824002539  0.00563851366586204  0.00581930615555686  0.00592351053186257
  0.00603825288771689  0.00615707548701984  0.00627568889162540  0.00639401613077935
  0.00651682624139083  0.00667443753282161  0.00701269733010734  0.01237697806858352
  0.01256707233758464  0.02028247529971895  0.02264927665781540  1.00000000000000000
 -0.00337035320178784  0.01594595584659269  0.03132721831325420  0.04707250529910476
  0.06556128717696855  0.08355375845698301  0.10129190922628845  0.11691885139643381
  0.13069407729065885  0.14372208737735448  0.15644872644249161  0.16954992190432966
  0.18293117010351309  0.19646094403334488  0.20989954194908036  0.22178529143615938
  0.23207059499224766  0.24144140238856990  0.25186680399281830  0.26269251922020043
  0.27313013616938703  0.28257973584178853  0.29214203922691434  0.30207419478981229
  0.31245046536927756  0.32278768181006312  0.33262609592619896  0.34234337228779060
  0.35147427530742642  0.36052325590302231  0.36958644908170923  0.37801470335849663
  0.38674408194545062  0.39452984038208971  0.40134291339251926  0.40815933339416960
  0.41510223075189945  0.42220710969844488  0.42948232441825879  0.43686580269327951
  0.44427613154378015  0.45152417833248004  0.45902895531396631  0.46718373794076307
  0.47492536229614912  0.48287088864393246  0.49116994603233288  0.49941834727386697
  0.50717405824416062  0.51383383156912554  0.52056444073472208  0.52669757349191904
  0.53314803154828538  0.53969126367800802  0.54633256342404946  0.55337784812611968
  0.56079151911526093  0.56963301892857243  0.57827527527346700  0.58618350154584797
  0.59377689822831892  0.60171323683052302  0.61038619606141442  0.61916746645078602
  0.62724410420812415  0.63463249636012198  0.64194325083613080  0.65001163973875786
  0.65928925178919406  0.66920131090314117  0.67873665406143402  0.68809327871377424
  0.69783606065712078  0.70787637867201436  0.71822699002472112  0.72954291515513026
  0.74130438305507085  0.75178632488084363  0.76134227241371788  0.77089688261739564
  0.78194382887983727  0.79381862701244044  0.80735909555834628  0.82065425392924052
  0.83307900933352952  0.84620215147162758  0.85993412710263706  0.87422660659257179
  0.88993024380812435  0.90634997857917576  0.92269664388449113  0.93671012169174361
  0.95003651733727323  0.96377156559235400  0.98149519768905646  1.00000000000000000
  0.46137611611972384  0.49685130587339188  0.51665284510052267  0.52854257282150530
  0.53848371232905246  0.54727030473790617  0.55802753245780357  0.56939987823516647
  0.57956712332663229  0.58970083561746178  0.60032556569949891  0.60980002584361381
  0.61821467056686485  0.62619865867495239  0.63447653826925110  0.64369660377077531
  0.65286540764217060  0.66137187543397524  0.66929010678326684  0.67700551927790420
  0.68436634964745613  0.69151712203421567  0.69868402127854701  0.70597363235830335
  0.71295299429498138  0.71967121785819077  0.72629528500239293  0.73265840765466439
  0.73883402717873281  0.74492271730799220  0.75115438629332398  0.75745311313600860
  0.76358506913814683  0.76946172921558353  0.77540095269056863  0.78157068329644441
  0.78757856521022429  0.79344871334674161  0.79911588371177289  0.80447366519943353
  0.80967882172488548  0.81496697077311597  0.82026514250738236  0.82544319285082335
  0.83027549845682658  0.83481247118201829  0.83906056952394359  0.84313446128073444
  0.84712582757929544  0.85087835291579461  0.85448068692437273  0.85775115127827006
  0.86103559170853095  0.86441013327342509  0.86769624854170457  0.87105786136017715
  0.87471667036942613  0.87887786645787647  0.88335882798112642  0.88780502615862589
  0.89210529942792460  0.89631314053635680  0.90039553099444591  0.90425427482867082
  0.90815276714105087  0.91212221050527698  0.91620030466134705  0.92030283375642707
  0.92426148725337676  0.92801978531862106  0.93167387324663087  0.93509504407937039
  0.93826041753981382  0.94139533808747078  0.94440880109061520  0.94736442337277260
  0.95032529484656914  0.95318763567900522  0.95591982343774773  0.95869617851774946
  0.96155833107095845  0.96456752813998026  0.96770056549896311  0.97045074417054300
  0.97294202246447792  0.97524785348677523  0.97722236083481084  0.97924961840414648
  0.98124708085450152  0.98307456215091815  0.98513117213843771  0.98730917947439789
  0.98944247661099161  0.99171111959728575  0.99714736418283068  1.00000000000000000
 -0.02230741702189278  0.13242520120878681  0.15277631863888955  0.16847131271301302
  0.18010060907860426  0.19094648718052670  0.20160266622486706  0.21711799003112872
  0.23015483075748583  0.24062807310069939  0.24968124678741513  0.25910339256671061
  0.26893241865154860  0.27791179502945212  0.28684830710043263  0.29517377124716887
  0.30250912603420688  0.30917328912863273  0.31647147264053604  0.32426386966903187
  0.33235165320039789  0.34010654564691806  0.34700586033527359  0.35410298405629737
  0.35942368689871262  0.36458508461181344  0.36992506636273775  0.37523987118454488
  0.38099826403556980  0.38698343875444430  0.39275017277305951  0.39881514808966961
  0.40491464514605452  0.41095089914390692  0.41731064730048523  0.42398654213025955
  0.43052637220948070  0.43683233120719372  0.44284618975092954  0.44855376421874865
  0.45424010624076228  0.45954493515736167  0.46464627524725177  0.46962723685173186
  0.47485387908105381  0.47999996432849529  0.48547833326715290  0.49107938945628038
  0.49688731809981956  0.50274583059400280  0.50856022451088545  0.51422297200083744
  0.51992317867856486  0.52564008494107295  0.53123382050298551  0.53682331120615567
  0.54259481023270451  0.54826915015357602  0.55387357228435619  0.55961150787182790
  0.56537453649396008  0.57133244844410402  0.57736157350307349  0.58335552564156334
  0.58933279843016750  0.59539768159958562  0.60136639070689002  0.60778605469316493
  0.61454304467334753  0.62123247625060130  0.62776696811948851  0.63469996883868285
  0.64194554236446189  0.64993274084532726  0.65741558019740431  0.66433462853186542
  0.67134854123258481  0.67864237310667286  0.68864341882109026  0.69644641003967755
  0.70406414800076300  0.71244227084235212  0.72203747905119997  0.73074199456344702
  0.73860039019644574  0.74604670984158428  0.75552225089921288  0.76637500803265490
  0.77534550810494707  0.78197740340852029  0.78822182917190398  0.79511508475948589
  0.80338341633939114  0.81624245187784494  0.94766105476841844  1.00000000000000000
   6.1062228052396308E-008  -1.0000000000000000     
 F F F F F F F F F F F F T T T T F F F F F F F F T T T T F F F F F F F F T T T T F F F F F F F F T T T T F F F F F F F F F F F F F F F F F F F F F F F F F F F F F F F F F F F F F F F F F F F F F F F F F F F F F F F F F F F F F F F F F F F F F F F F F F F F
  <DiscreteSampler_grid>
  grouped_processes
  1 # 1 for a reference and 2 for a running grid.
  10 # Attribute 'min_bin_probing_points' of the grid.
  1 # Attribute 'grid_mode' of the grid. 1=='default',2=='initialization'
  0.0000000000000000 # Attribute 'small_contrib_threshold' of the grid.
  0.5000000000000000 # Attribute 'damping_power' of the grid.
 # binID   n_entries weight   weight_sqr   abs_weight
    10   10   5.041553717416132E-001   1.269078829558267E+000   5.041553717416132E-001
    16   10   5.041553717416132E-001   1.269078829558268E+000   5.041553717416132E-001
  </DiscreteSampler_grid>
