  0.00000030211578524  0.00000055534919441  0.00000074121692097  0.00000079614656738
  0.00000085896489539  0.00000094254435231  0.00000104127674206  0.00000114187719112
  0.00000124700735181  0.00000137342303230  0.00000153265219363  0.00000171363488065
  0.00000190494548896  0.00000209345695059  0.00000226449893528  0.00000242937996537
  0.00000259905454690  0.00000278039104432  0.00000299193320106  0.00000319710511746
  0.00000342627934625  0.00000364345320087  0.00000386835734675  0.00000411263901526
  0.00000438609765256  0.00000470527939890  0.00000504926026251  0.00000538880139723
  0.00000571508025008  0.00000607433609461  0.00000647072345667  0.00000690721400766
  0.00000738898020302  0.00000788952241134  0.00000835245928793  0.00000897259034817
  0.00000959080960216  0.00001027647162066  0.00001103549699522  0.00001176735363173
  0.00001254267760201  0.00001343854458018  0.00001438577911717  0.00001537613566046
  0.00001646961289569  0.00001761741299532  0.00001878106636864  0.00001998423539933
  0.00002123391260900  0.00002271752257869  0.00002423662047513  0.00002572850470825
  0.00002705912993730  0.00002812388505687  0.00002923890136682  0.00003055753361068
  0.00003233684467905  0.00003446023597702  0.00003661357867011  0.00003899382743176
  0.00004153295435416  0.00004467785365668  0.00004850611571897  0.00005272204365686
  0.00005703265549695  0.00006233824011544  0.00006810246584072  0.00007468657054666
  0.00008218172182043  0.00009156125343258  0.00010305706389794  0.00011725019149864
  0.00013100537808331  0.00014442936354829  0.00015897144579949  0.00017667657003621
  0.00019860056677792  0.00022443798950362  0.00025287715440197  0.00027848796576681
  0.00030974969395557  0.00035060263594117  0.00040721308307975  0.00048113827000058
  0.00057172014048749  0.00064347982167886  0.00070971027451615  0.00078641880970648
  0.00087105359234070  0.00099288409163768  0.00119576712950526  0.00147225518024987
  0.00198310459237933  0.00270207916017928  0.00558285742626175  1.00000000000000000
  0.00000062535244686  0.00000078089510246  0.00000090125535655  0.00000101378264228
  0.00000111760219946  0.00000122966884449  0.00000134764163458  0.00000147108985413
  0.00000160227406470  0.00000175733704607  0.00000191075608402  0.00000206003673746
  0.00000220076314959  0.00000236763394152  0.00000255998903988  0.00000278354375895
  0.00000301515715373  0.00000322509597863  0.00000343103258259  0.00000363104187356
  0.00000383056557150  0.00000404688095268  0.00000429384703747  0.00000460160590964
  0.00000501097117523  0.00000542728015093  0.00000583537124121  0.00000622602478294
  0.00000659571126055  0.00000700767425621  0.00000749251631453  0.00000803699538527
  0.00000862863506794  0.00000930233471308  0.00000998995352259  0.00001072421697536
  0.00001146316262945  0.00001225270552980  0.00001311276595278  0.00001405584705328
  0.00001511977353784  0.00001626085247967  0.00001741024590981  0.00001866173632099
  0.00002003908431342  0.00002138152528313  0.00002282606016001  0.00002445094653024
  0.00002618069235514  0.00002798555772255  0.00002976942457696  0.00003176752063724
  0.00003395536398991  0.00003624413356030  0.00003877810513059  0.00004157351501087
  0.00004450359030270  0.00004850179244104  0.00005267878732477  0.00005702449115252
  0.00006148126446475  0.00006610096433688  0.00007131382007515  0.00007698337218742
  0.00008385698587492  0.00009010967235959  0.00009616952303818  0.00010262108203790
  0.00010932307175540  0.00011924507526589  0.00013038598854634  0.00013978075511432
  0.00014929315729402  0.00016072874287104  0.00017577179705064  0.00019388788466468
  0.00021300784904974  0.00023514295978060  0.00026448216114970  0.00030390000196051
  0.00035475213730621  0.00042121002833292  0.00048267658150637  0.00054563482168276
  0.00061902891280782  0.00072909600262275  0.00087867027452009  0.00101652276770861
  0.00112936192929325  0.00123985535519536  0.00138219032677848  0.00160713101223634
  0.00204512488763232  0.00306258124526823  0.00430334494871724  1.00000000000000000
  0.00000178622355075  0.00000892533318909  0.00001278743629964  0.00001646584039319
  0.00002057565926616  0.00002538410135507  0.00003100719229489  0.00003692642942405
  0.00004214708539961  0.00004745214083961  0.00005355114093849  0.00006041808509722
  0.00006738248626568  0.00007473797786333  0.00008340954384139  0.00009382237221892
  0.00010534913758228  0.00011770715107064  0.00013121676179252  0.00014497529292483
  0.00015945261293657  0.00017773391954858  0.00019802562408813  0.00021859222030794
  0.00024038485068935  0.00026260141675624  0.00028532297046027  0.00030678194304438
  0.00032711121338161  0.00034421004030444  0.00036155868357803  0.00037898060874085
  0.00040038657988765  0.00042395060968057  0.00044879461635277  0.00047510036582050
  0.00050068544409959  0.00052760793627493  0.00055428002731400  0.00057855336351878
  0.00059692300319410  0.00061312358779171  0.00062867041968809  0.00064636073070950
  0.00066900882346753  0.00069252921733230  0.00071451675941555  0.00073632067304330
  0.00075596894577610  0.00077702659024160  0.00079693630367327  0.00081658275668505
  0.00083549373456528  0.00085202779560941  0.00088100937831044  0.00091620459593579
  0.00095963242035582  0.00100323633094151  0.00104878820350464  0.00108777416121721
  0.00113333287052284  0.00118364902239115  0.00123345637506544  0.00128265395688183
  0.00134500891245743  0.00141830615426070  0.00149136044211412  0.00155476750428797
  0.00161131852144530  0.00166173317962527  0.00170847676170380  0.00175483283234466
  0.00180143270797673  0.00184831286924532  0.00189169088843221  0.00193273893719584
  0.00199519510108581  0.00207737226047827  0.00212089064995282  0.00215986911330871
  0.00219667506680771  0.00223882470401269  0.00231985613502460  0.00252738151438714
  0.00274003501719881  0.00283882655101238  0.00290441396123166  0.00298190112970904
  0.00308292773115476  0.00316951482084084  0.00329120450805900  0.00351917735772405
  0.00359593672449222  0.00372931202941152  0.00394004166533897  1.00000000000000000
 -0.00189637757409701 -0.00118369510918008 -0.00047101264426316  0.00024166982065377
  0.00095435228557069  0.00166703475048761  0.00237971721540454  0.00450716708810540
  0.00704881287180710  0.00959045865550879  0.01213210443921047  0.01467375022291217
  0.02685580124869884  0.04253999321448661  0.05707060324704000  0.07114225790359217
  0.08515059284607951  0.09954364434904527  0.11243419164751191  0.12171181479241922
  0.13127819804322674  0.14103792218575478  0.15302588676300929  0.16659435615669721
  0.18317608183070272  0.19930259673247042  0.21372744390651746  0.22656966382126331
  0.23949307717226340  0.25249165844532662  0.26606440213274446  0.28033980782844231
  0.29618062695090941  0.31094539106937374  0.32428401503482202  0.33800970979613731
  0.35295508548500493  0.36839448384485296  0.38329587728036230  0.39780091652607352
  0.41297787677759445  0.42742966516879982  0.44160946989326860  0.45528583330083733
  0.46750558704810430  0.48000041990002218  0.49214101161209445  0.50447016875247075
  0.51713377970744590  0.53139976847119397  0.54567209411681294  0.55935598289677158
  0.57315437085516319  0.58715173152408151  0.60123231450982395  0.61490094044680854
  0.62768921365121777  0.63830271468382527  0.64800459309226122  0.65658959773436387
  0.66582482966795031  0.67493639001912920  0.68461484429700681  0.69509829656482602
  0.70511986986632547  0.71546997314624083  0.72540619241331628  0.73614100527917081
  0.74719165447793967  0.75718812401811553  0.76554248445255246  0.77379938110258162
  0.78228920425432602  0.79181909314466037  0.80130339068689915  0.81014518870659880
  0.81946238301253604  0.82929101163601637  0.83902131361158461  0.84838349946789693
  0.85872096025990363  0.86928018518663530  0.87991227802162619  0.88895470343515137
  0.89814404236880996  0.90682426945268491  0.91577991042081874  0.92500880892453052
  0.93383716569405750  0.94300300129844328  0.95136539221637462  0.96033121171324654
  0.96966085336839924  0.97954704222757949  0.98992972931914702  1.00000000000000000
 -0.00161358923298907  0.01331734548555598  0.02456598745971811  0.03599525783959962
  0.04822863592972628  0.06323638628340318  0.07673177796903027  0.08873652481179246
  0.09895492549856989  0.10847781516142942  0.11763156257939122  0.12703277163770704
  0.13741102719325254  0.14869127642873808  0.16030983473752822  0.17048049823427619
  0.17964187917911681  0.18895521456481451  0.19875431972263835  0.20831270056038745
  0.21766605696742242  0.22728008864422536  0.23820238630250859  0.25019053302952970
  0.26139871510158952  0.27196114233446855  0.28250297595004420  0.29303862163893557
  0.30478813175522812  0.31722286939635280  0.32871238302505285  0.33897879451081914
  0.34953431889773251  0.36019667868179239  0.37184545006685854  0.38249369340368999
  0.39356453548709658  0.40457211597041060  0.41622943093402565  0.42646769720478650
  0.43531767909718111  0.44316852608077417  0.45100520032694597  0.45980931207380149
  0.47039362894019121  0.48029436589473368  0.48967059002318492  0.49914859261142813
  0.51026206461868262  0.52319074769733320  0.53720824074147122  0.55206279980192041
  0.56569153484754120  0.57817683214695859  0.58977689183643212  0.60144473364893569
  0.61233727370134705  0.62300111353890852  0.63342664672913951  0.64356221026420268
  0.65339616878853390  0.66227346790326513  0.67172923838055654  0.68225790859091051
  0.69562838199045418  0.70872908929891421  0.72080513338572683  0.73113177159144926
  0.73995467233625944  0.74856361055405185  0.75725919565845912  0.76612148054288209
  0.77545130652765193  0.78496343875452745  0.79489250272592005  0.80540990215310471
  0.81465845749095611  0.82278921045109976  0.83151107313099326  0.84197514368970883
  0.85299143562839563  0.86259076565641668  0.87194276067584875  0.88294323642929640
  0.89450763714823422  0.90538548396801388  0.91533017124350369  0.92575385736070592
  0.93379257535076332  0.94177111966432736  0.95017539330033030  0.95872912657209419
  0.97088289487172375  0.98164889164539249  0.99121040556790685  1.00000000000000000
  0.00332941699875209  0.01147793852220384  0.01761391350548544  0.02431440748639093
  0.03140170084273561  0.03814405622077500  0.04480965503176034  0.05173719663659814
  0.05882755249674158  0.06604220251408939  0.07436084225394353  0.08309585787612400
  0.09177085130067827  0.10115090201382293  0.11036532507320439  0.11985533000477849
  0.12865962326629390  0.13762629612906394  0.14668098735354235  0.15622293787595273
  0.16557497881390082  0.17392640459876582  0.18167239318869813  0.18989092551539435
  0.19896618388292742  0.20834935079737274  0.21756983903140398  0.22652922472870993
  0.23761229879822174  0.24851433283166480  0.25998748145717732  0.27073868979878579
  0.28108807649714751  0.29079838065530522  0.29953145716624902  0.30774733257409548
  0.31618132783354341  0.32494971870474093  0.33229777114537223  0.33882804052737298
  0.34555050105699625  0.35243007268703463  0.36251696284102480  0.37296241005938924
  0.38116659315720991  0.38899082871260909  0.39831363406038783  0.40663331553290560
  0.41426029078990106  0.42202106696331448  0.43048126888702037  0.44055148050065090
  0.45288357048009908  0.46451688187776763  0.47636289178466584  0.48961332025852655
  0.50354663601547600  0.51667411102207195  0.52970078275021248  0.54232247983230286
  0.55468107592028359  0.56385741771596087  0.57222686224937236  0.58093737859033812
  0.59048997186070451  0.60337081794147263  0.61662048848599504  0.62877700415671189
  0.63971723499291966  0.64933632702768951  0.65816823405186486  0.66723144762857545
  0.67575348624240739  0.68479062223046216  0.69443111153015602  0.70389844609353813
  0.71298477950538086  0.72367107811239195  0.73606086663126113  0.74956766725135826
  0.76340072916327140  0.77641434379555718  0.78952702793016594  0.80243125466851428
  0.81453827784046440  0.82848617869528385  0.84390796855505790  0.86165106947142078
  0.88043609658372868  0.89551195505845027  0.91031039204066511  0.92561037476068997
  0.93953887997193553  0.95505014205839234  0.97304504420122917  1.00000000000000000
 -0.00330545526683577  0.01253376442282299  0.02765288912216780  0.04100098327874874
  0.05476278848577713  0.06741577370265306  0.08186020722960477  0.09503076069615393
  0.10773817020818865  0.11939097779726483  0.13040984162589109  0.14330528069882612
  0.15498779616770803  0.16820699004006184  0.18194463104566960  0.19462126501134677
  0.20616035446217484  0.21726566026351629  0.22854092436344428  0.23980878369011435
  0.25097046796838451  0.26269880028920090  0.27330143450035782  0.28320287169448555
  0.29271623705957844  0.30349426135158586  0.31343154619819436  0.32180897314484558
  0.32925046237806377  0.33732755600027853  0.34585575800297597  0.35515036264906774
  0.36455553280377784  0.37526057978132371  0.38600726174826483  0.39650488889260110
  0.40756886453379387  0.41936320644347197  0.43201434479696871  0.44310923251599454
  0.45333076643772263  0.46296453007588445  0.47270350129689215  0.48304739162844895
  0.49309016525522648  0.50253090103201237  0.51200470466059700  0.52271835483307161
  0.53484630249418141  0.54505575018447250  0.55384909940638805  0.56055662570603138
  0.56581214627561982  0.57073886636168292  0.57619572506012851  0.58465014029143869
  0.59450962031501486  0.60405962202171637  0.61626644051624768  0.62825698929926443
  0.64010338914964560  0.65065478162837076  0.65990336488649259  0.67114075121172145
  0.68287415147966857  0.69566154434796357  0.70895584839857040  0.72281959354376324
  0.73471518151391235  0.74563100310405162  0.75618249137681548  0.76637884657039368
  0.77669779655864057  0.78639248941347251  0.79563012950122558  0.80466652788178483
  0.81379372406994521  0.82336814521086055  0.83304658605608717  0.84288080503648677
  0.85257475733228516  0.86199724454084481  0.87160387737093870  0.88145687007268647
  0.89154098386121139  0.90124597227717818  0.91074352676405534  0.92095402461291975
  0.93193404360740384  0.94471564442783285  0.95775201296029555  0.96712372556112980
  0.97535778531696260  0.98410559815631427  0.99242432016821958  1.00000000000000000
 -0.00216604432653209  0.00978606665294083  0.02022090649289039  0.03076602324120439
  0.04190353525489175  0.05370264805289707  0.06514369024168505  0.07769785917678794
  0.08993033372146106  0.10255772744188145  0.11349193696490249  0.12460147070981370
  0.13563165415425069  0.14706283925299871  0.15686533002349984  0.16637887147356473
  0.17632205860736314  0.18649594216713225  0.19580112989891343  0.20451416079109441
  0.21311105717205781  0.22179661127292680  0.23106011297430923  0.24022308446434035
  0.25072343317939683  0.26207273211132692  0.27404834215078616  0.28557828718583311
  0.29687686392309282  0.30862068247883373  0.32190555942583937  0.33560331818242772
  0.34845868163343136  0.36091985333983673  0.37339599177656152  0.38445651465882069
  0.39284926947264265  0.40063436932953533  0.40836302023701704  0.41669946678001485
  0.42609407002589444  0.43562420981513073  0.44607259276323746  0.45819282847822423
  0.46911857766565307  0.48077485303008993  0.48940938050106292  0.49785562890338003
  0.50682986702665400  0.51645411465779800  0.52399423247343380  0.53112060436899067
  0.53809651526577718  0.54573352360483229  0.55625616023179936  0.56771824991216835
  0.57893241594331102  0.59014579914226084  0.60210688728670225  0.61438339826697219
  0.62625713275284500  0.63626471628371328  0.64640646123665346  0.65652238660089191
  0.66675365149705490  0.67651289028260264  0.68719528971935950  0.69866540120987430
  0.71072411327382701  0.72307461354633717  0.73599493759349321  0.74836241184308472
  0.75967261675103404  0.77070805721951974  0.78216828480106215  0.79195512466670492
  0.80138733869517476  0.81154601900685508  0.82319440667799137  0.83560988320890828
  0.84704981914863886  0.85698866648173444  0.86425868866099143  0.87144704980063048
  0.87998578085977430  0.88998282808450146  0.89916374973960422  0.90838395242180037
  0.91777852842514418  0.92892640019036055  0.94135526356551180  0.95349236331082876
  0.96620706459497419  0.97864850080880161  0.98956927266319261  1.00000000000000000
  0.44522142529238862  0.50750188088334491  0.52519241404669714  0.54576280270531941
  0.56515274428415430  0.58241235530054114  0.59840896765910434  0.61224242352261427
  0.62517244363513969  0.63796871402611610  0.65054306308996301  0.66279225341690640
  0.67487616968133990  0.68720418966063868  0.69928715650901052  0.71032958190782214
  0.72083489244937926  0.73155123962748192  0.74272690907727090  0.75298305571928248
  0.76222531847223796  0.77129003779305239  0.77994061561243888  0.78862675873301225
  0.79744700157872728  0.80623507453617194  0.81451362882297051  0.82227094686287161
  0.82971433581199716  0.83628661467487109  0.84281602442812920  0.84955792019200593
  0.85622176465921618  0.86195376053965245  0.86712593589839215  0.87206015435372364
  0.87676979326652693  0.88134111989263431  0.88594483778713351  0.89028870765184620
  0.89451799078390759  0.89889884322524150  0.90358280971415517  0.90830905359725311
  0.91272054281507864  0.91690555864025058  0.92068995341087501  0.92418991708293985
  0.92775101844946095  0.93125245657167510  0.93454617947094498  0.93738725147918489
  0.94019855123815455  0.94288491065018609  0.94555741921124381  0.94806506988003825
  0.95055495734358542  0.95299252128936951  0.95551072189532071  0.95787867029492835
  0.95995884692751865  0.96190228894268326  0.96381449642672434  0.96570956191040636
  0.96775887123375559  0.96975474908509551  0.97145954275044766  0.97284098145345621
  0.97412875869309312  0.97540862278185647  0.97671641296116185  0.97813145076801422
  0.97964624858369187  0.98113136432013925  0.98245551619748417  0.98366471011407175
  0.98475894283562415  0.98592264214533420  0.98706026373836420  0.98816452787878817
  0.98916690461576140  0.98998040916998598  0.99045468654030921  0.99089682264853829
  0.99134113890014752  0.99178242018382512  0.99221504474025513  0.99272080456724188
  0.99333766548214109  0.99387577662418081  0.99450027143634911  0.99521415837850902
  0.99596262188974383  0.99676539908504436  0.99761668877791254  1.00000000000000000
  0.09095587219516714  0.15797867741130017  0.18615670664809605  0.20529825485415826
  0.21897608497461934  0.23041355527059321  0.24087126383732418  0.25058417366758784
  0.25924029721973735  0.26778684245197193  0.27692267280331934  0.28574628873322871
  0.29398452033431927  0.30202355657678098  0.31039159825879087  0.31865493058422167
  0.32608389146670480  0.33354175350186727  0.34170999672322527  0.35056998075340623
  0.35914748972951355  0.36776319225127263  0.37666813186768083  0.38590878084597086
  0.39521985757957351  0.40448156226273796  0.41260216868671334  0.41940286882444888
  0.42559955334276062  0.43173145438583654  0.43846320402058886  0.44579507453480499
  0.45347236907248423  0.46104100396320946  0.46912749675883203  0.47572864138562310
  0.48252929559782587  0.48975906722030083  0.49753939913099415  0.50663641331393772
  0.51478336345842579  0.52237841266048468  0.53012971058187197  0.53833767115826658
  0.54717755232783016  0.55600071293771691  0.56431531217621378  0.57236356428683621
  0.57999315047711408  0.58684444013871662  0.59302633229379220  0.59966610704278889
  0.60568692656655998  0.61121729307901929  0.61709718173205796  0.62309963735311868
  0.62896549246519440  0.63448160782474727  0.63987542197860381  0.64590560150770560
  0.65254506292025460  0.65927496517305828  0.66615284115175255  0.67264570497475773
  0.67912008854986872  0.68562778848965333  0.69300970732241907  0.69996880369837433
  0.70647543194871099  0.71310288421739287  0.72014535666140556  0.72723565019539271
  0.73362849794752261  0.73938032022441569  0.74593958200513966  0.75266050243314286
  0.75908292896172658  0.76551636359452357  0.77158242470071337  0.77743871166016620
  0.78315391824852409  0.78708004747187599  0.79080492857563911  0.79492688237175768
  0.80049426120498757  0.80867805241218793  0.81580121559126362  0.82329941373478599
  0.83047094723408466  0.83867716740774134  0.84667436083870773  0.85571237564793223
  0.87040386288851890  0.88265006107683386  0.90506943733626799  1.00000000000000000
   3.0172289002857425E-011  -1.0000000000000000     
 F F F F F F F F F F F F T T T T F F F F F F F F T T T T F F F F F F F F T T T T F F F F F F F F T T T T F F F F F F F F F F F F F F F F F F F F F F F F F F F F F F F F F F F F F F F F F F F F F F F F F F F F F F F F F F F F F F F F F F F F F F F F F F F F
  <DiscreteSampler_grid>
  grouped_processes
  1 # 1 for a reference and 2 for a running grid.
  10 # Attribute 'min_bin_probing_points' of the grid.
  1 # Attribute 'grid_mode' of the grid. 1=='default',2=='initialization'
  0.0000000000000000 # Attribute 'small_contrib_threshold' of the grid.
  0.5000000000000000 # Attribute 'damping_power' of the grid.
 # binID   n_entries weight   weight_sqr   abs_weight
    10   10   9.954175450459879E-002   9.791869284830744E-002   9.954175450459879E-002
    16   10   9.954175450459879E-002   9.791869284830744E-002   9.954175450459879E-002
  </DiscreteSampler_grid>
