  0.00000039279252293  0.00000040805877155  0.00000042479223260  0.00000044742527755
  0.00000047309398275  0.00000049906665073  0.00000052540458967  0.00000055282299894
  0.00000057669407295  0.00000059976391425  0.00000062632275735  0.00000065177574783
  0.00000068082984200  0.00000071351137650  0.00000074975831831  0.00000080174320669
  0.00000085271284652  0.00000090058616065  0.00000094710840366  0.00000100532194316
  0.00000106693126749  0.00000112953635992  0.00000119183120772  0.00000125627723805
  0.00000132818372712  0.00000140346852251  0.00000147733267774  0.00000154895657077
  0.00000162021047753  0.00000169534873414  0.00000178128623391  0.00000187966114261
  0.00000199379891778  0.00000213840287734  0.00000228592921714  0.00000244289711664
  0.00000259802147407  0.00000275165849864  0.00000291690328997  0.00000310720175442
  0.00000330792860224  0.00000352316092886  0.00000374729951381  0.00000398245012144
  0.00000423781944079  0.00000453139226860  0.00000486237005473  0.00000519177387730
  0.00000551919076495  0.00000584737966044  0.00000617104686905  0.00000652444737994
  0.00000688455729156  0.00000730062550200  0.00000778889825237  0.00000831511575501
  0.00000888764482523  0.00000949935503196  0.00001016875025217  0.00001100298054827
  0.00001197110840389  0.00001300390894404  0.00001410530458636  0.00001526544642938
  0.00001652601316730  0.00001784974506460  0.00001933772275029  0.00002111395661465
  0.00002332557953750  0.00002568026679333  0.00002788633767914  0.00003016981846919
  0.00003263709960223  0.00003508013879473  0.00003777962412562  0.00004092021393665
  0.00004494540306448  0.00005057479339609  0.00005732740462887  0.00006532625736321
  0.00007358623098655  0.00008318940776883  0.00009676835349906  0.00011541863441473
  0.00013480097887253  0.00015585146289357  0.00017788070341556  0.00020686349457312
  0.00025076319114741  0.00032335748261310  0.00042949945294961  0.00057958956120422
  0.00087313711727218  0.00140413681896870  0.03616524009516357  1.00000000000000000
  0.00000045748637225  0.00000048356978336  0.00000050608790061  0.00000052984428176
  0.00000055392177403  0.00000057928946381  0.00000061026522525  0.00000063856889624
  0.00000066704252250  0.00000069687398669  0.00000072702436306  0.00000076122984969
  0.00000079885542997  0.00000083634942304  0.00000087544513415  0.00000091505028784
  0.00000095504116249  0.00000100256821368  0.00000105352056120  0.00000111867783094
  0.00000119776040658  0.00000128357840803  0.00000136934767319  0.00000146866010174
  0.00000157859308140  0.00000169809248605  0.00000182056891117  0.00000194462407993
  0.00000207419268006  0.00000220469626436  0.00000234457475339  0.00000248137044798
  0.00000262403027000  0.00000277014833576  0.00000293111538765  0.00000310007327761
  0.00000328762555910  0.00000350912924449  0.00000374847152182  0.00000400498406775
  0.00000424221352612  0.00000448250074420  0.00000469963912290  0.00000494739420735
  0.00000524664589438  0.00000556672787215  0.00000592045240638  0.00000634884659129
  0.00000678295605890  0.00000728857949686  0.00000782548450205  0.00000843382065976
  0.00000911288725734  0.00000986405172949  0.00001074612214033  0.00001172177166610
  0.00001281360896890  0.00001394361284306  0.00001525082260233  0.00001672347985877
  0.00001834915763687  0.00001998399457307  0.00002178974805815  0.00002378043994879
  0.00002604364727428  0.00002873732521636  0.00003201421456395  0.00003598071858319
  0.00004047335064195  0.00004544005421021  0.00005089658556333  0.00005690457597765
  0.00006426572883434  0.00007401277750865  0.00008581876923170  0.00009971769505827
  0.00011323237657792  0.00012557849268812  0.00014035848709788  0.00015856607702029
  0.00018213753149893  0.00021985343942461  0.00027399850128251  0.00033987510720291
  0.00043067662599238  0.00050793712584501  0.00056820265690155  0.00063002387172902
  0.00068087899110012  0.00076142132438775  0.00091348062757809  0.00122221599577424
  0.00161395847803492  0.00218720451673475  0.03375267328847516  1.00000000000000000
  0.00000365952852174  0.00000425248105651  0.00000469377634971  0.00000523434570918
  0.00000579189193032  0.00000641174275425  0.00000707494091217  0.00000774750521924
  0.00000845759054940  0.00000919618474813  0.00000992841722157  0.00001063421320901
  0.00001132037268908  0.00001199017944911  0.00001265465826790  0.00001336877191041
  0.00001411841635335  0.00001497030173220  0.00001592752072160  0.00001690041038903
  0.00001790189226774  0.00001898295564089  0.00002019096423131  0.00002151364454124
  0.00002293884627078  0.00002447310837550  0.00002593312831594  0.00002755471470825
  0.00002925454658305  0.00003093616150866  0.00003282437235345  0.00003496822083004
  0.00003724344330058  0.00003973378421592  0.00004230226218294  0.00004521366849616
  0.00004859953847043  0.00005237323954540  0.00005627110903832  0.00006023041316089
  0.00006450125237740  0.00006943171064399  0.00007544212639383  0.00008099239584345
  0.00008692158594429  0.00009409446948781  0.00010308845370792  0.00011321231342875
  0.00012533384925373  0.00013927939296769  0.00015507784377618  0.00017191881744718
  0.00018781733950248  0.00020247127831420  0.00021844676206370  0.00023495122866281
  0.00025233311979796  0.00027102850867057  0.00029293020981262  0.00031952809406005
  0.00034894243003774  0.00038208322056748  0.00041455831490539  0.00044949113888426
  0.00048395020501325  0.00051634009146697  0.00054646700677969  0.00058014672303357
  0.00061654109200722  0.00065749499922008  0.00070085762800575  0.00074197550049650
  0.00078866408842884  0.00082979667457601  0.00087989020082101  0.00093470907105995
  0.00099993077114075  0.00107462660167984  0.00114655606046202  0.00121757557357521
  0.00131957406877747  0.00140903170114603  0.00149048998078365  0.00157657094304501
  0.00163452649278472  0.00181351776391256  0.00262175205846709  0.00345469455560301
  0.00433723731835414  0.00552952049416543  0.00658074646720007  0.00742047550833750
  0.00840849187057359  0.00959884381098960  0.01075362661970218  1.00000000000000000
 -0.00310005190639457  0.01773164474618744  0.02992465183508166  0.03915615234749611
  0.04755083000109579  0.05655944077815213  0.06642537955214996  0.07662612671439757
  0.08824108022142470  0.10180170849820733  0.11538436992238128  0.12804476264999157
  0.13999228135092973  0.15096247384030054  0.16168847957393745  0.17248312234714569
  0.18359362252904698  0.19298748955030837  0.20110768471999121  0.20974033228356348
  0.21801827377497304  0.22624556077925481  0.23406956007932664  0.24259259929810098
  0.25120246607067837  0.26235063758593657  0.27324150397598918  0.28378821024936207
  0.29422906181687658  0.30563694079319631  0.31708685152406219  0.32998554667560087
  0.34153943138437737  0.35229948220023272  0.36177357240038582  0.37116136503990538
  0.38034906550202996  0.38992579859471738  0.40003433719881182  0.41101622112950009
  0.42195236991329887  0.43317525790773098  0.44540815753339225  0.45735991479226551
  0.46809847260355908  0.47786283178847361  0.48736100722087394  0.49728754334751646
  0.50806507803653034  0.51937297085142153  0.53266296631134469  0.54631555320190217
  0.55997711584522813  0.57391669725015126  0.58759613980573400  0.60120894661144864
  0.61559334371030017  0.62773903507083828  0.63630253718851615  0.64472551153543922
  0.65246825816439269  0.66049186726690035  0.66884525138393069  0.67697354822314570
  0.68462799443010147  0.69344218652076206  0.70352729652684109  0.71332315452518424
  0.72319373047166524  0.73396514264425894  0.74554172901297577  0.75707776659198256
  0.76757695305042617  0.77794956293114603  0.78779775594102475  0.79775279866464210
  0.80804490114534366  0.81899566494292497  0.83043737120828598  0.84166478673502498
  0.85243471531008319  0.86281680813976747  0.87306295127207045  0.88338714467625445
  0.89380243721847374  0.90479052308353203  0.91568005238268113  0.92619191688509805
  0.93549425357315186  0.94383162079285110  0.95201415549352342  0.96073343478652296
  0.97047015161830730  0.98077029015735318  0.99049749663627307  1.00000000000000000
 -0.00202829479837622  0.01074559633292596  0.02216829130345255  0.03621436718823592
  0.04896935486331815  0.06015151255539319  0.07029855118556778  0.08029743337848926
  0.08983112459110146  0.09930479014101942  0.10890397628125539  0.12014190371824029
  0.13152071993621578  0.14302746506598937  0.15318438731772213  0.16238265618275927
  0.17195726200563707  0.18206140255488076  0.19295699469669464  0.20413133928654686
  0.21540370692509495  0.22741724736917496  0.24069337726975695  0.25344803777228792
  0.26489663595952212  0.27670923524069568  0.28876695671508879  0.29959681605772281
  0.30958095161496918  0.32032136080858248  0.33188392457097532  0.34303166735063417
  0.35394009700924967  0.36472991635840302  0.37600165309910616  0.38725517832405038
  0.39866812946917923  0.41146415254292384  0.42595856930781795  0.44008955491129537
  0.45372526855654116  0.46441218998420508  0.47393093385002499  0.48303973365547193
  0.49288449186970618  0.50432778272919621  0.51648621961106000  0.52922998036793556
  0.54154209755675753  0.55320167926696562  0.56306351801057086  0.57062100667082039
  0.57800526638421335  0.58571850988199148  0.59386106919494464  0.60135114671937884
  0.60861647394009677  0.61580041754937087  0.62373953032268170  0.63356193657852156
  0.64491665307360357  0.65613351268863396  0.66743724308006713  0.67871421542156074
  0.69021710097153910  0.70234629194471021  0.71461845324274242  0.72653391607667139
  0.73720226735779737  0.74654722983233246  0.75642564352186470  0.76600370072414281
  0.77674308260795955  0.78786098704875140  0.79884460762501142  0.80960873449625070
  0.81949477102676849  0.82942381615181016  0.83886184919536166  0.84824681939926994
  0.85729565207525060  0.86614557860554420  0.87478413498988061  0.88275591155247679
  0.89015986161913641  0.89797796741925562  0.90631305211348911  0.91573278099386934
  0.92609593755556474  0.93647883596592130  0.94701904476808019  0.95736612732441684
  0.96793815219941826  0.97826358057401175  0.98874114897766840  1.00000000000000000
 -0.00220965449107917  0.00980359452038885  0.02029338333691219  0.02991084144354985
  0.03947326701309273  0.04902649598788638  0.05825694527281357  0.06715904968184679
  0.07602650033379062  0.08555732860285417  0.09558114623915351  0.10492454688192476
  0.11545391785476437  0.12598040157533461  0.13703843695189694  0.14794623155985043
  0.15879124318691618  0.16917880089208928  0.17921232657561847  0.18879491406314591
  0.19870437127030596  0.20914582106520457  0.22056802321605753  0.23243834751634015
  0.24423109016708255  0.25565283509906372  0.26829433158555543  0.27603618197276880
  0.28318452104009373  0.29026435231304271  0.29732075140216691  0.30434835736758614
  0.31181537616275801  0.31992786293749048  0.32781936730518224  0.33568777956353113
  0.34428382639060151  0.35312827347141362  0.36204486896648808  0.37063946111452856
  0.37888620007702900  0.38680142193073586  0.39592528177101061  0.40723843189229036
  0.41954794789371791  0.43176961521116231  0.44375933338779799  0.45534048002879568
  0.46593676980777576  0.47609170129496203  0.48611586746741808  0.49710838731558832
  0.50790656264410539  0.51842528918646302  0.52849316549159886  0.53901459229205739
  0.55012840630003912  0.56111399919832550  0.57060777254471795  0.57900777954790494
  0.58701749612651322  0.59583216997590704  0.60554702536695215  0.61464632388240736
  0.62316671383012012  0.63217470619631100  0.64179426849397581  0.65224574360066578
  0.66304783657012412  0.67475659673625243  0.68551314172897071  0.69603557075211053
  0.70678973629755681  0.71813852209410201  0.73018603904088486  0.74300712330681817
  0.75648037981972138  0.77010045579649911  0.78385084068616651  0.79759405870622968
  0.81093284978046032  0.82415403618002847  0.83606542663164740  0.84710518169739835
  0.85780900654356640  0.86848857390231482  0.87969305258708830  0.89042124028748737
  0.90030382047521351  0.90994295617437371  0.92012517224625667  0.93079671277963483
  0.94197988101758379  0.95405288523772025  0.97289902306212472  1.00000000000000000
 -0.00187790924623366  0.00680312342247661  0.01580019212140039  0.02400668051831650
  0.03321867492748459  0.04365942820788451  0.05448671014470471  0.06554939370126493
  0.07598579152907714  0.08729911529669954  0.09871420318374688  0.10982819641172510
  0.12119259424042857  0.13366832075724150  0.14543905275233113  0.15624992030352847
  0.16674873374077914  0.17705952223133439  0.18666099736052780  0.19683846534982313
  0.20770560017582124  0.22155325177046747  0.23543118756080850  0.24835952636460584
  0.26018718474036212  0.27034686197215818  0.27933150108708271  0.28822389224250078
  0.29803885328199314  0.30928511687938343  0.31986346700997187  0.32966834338723328
  0.34022056682378821  0.35159019738961172  0.36350967047091520  0.37514978633177704
  0.38623785157902124  0.39674054633414901  0.40687736970180899  0.41763436310830426
  0.42789976341032809  0.43844712042796902  0.45053221675298016  0.46472299990072646
  0.47944737695615430  0.49306068700667477  0.50598448611882429  0.51815062990448379
  0.52959408826151833  0.54122626416681496  0.55320685277769421  0.56467844088313102
  0.57580820729404203  0.58717264397151392  0.59820949561612524  0.60863731652545272
  0.61873598830465726  0.62968786565317891  0.64096665757306215  0.65066698948689727
  0.65947018580657901  0.66820343814946181  0.67658269100949020  0.68697298096265891
  0.69800325230741223  0.70903838968704691  0.72156238527587657  0.73259378719109092
  0.74184131720693247  0.75141594413790480  0.76063921262385437  0.76928229202034060
  0.77782811750053849  0.78657694658795707  0.79685288878382665  0.80740507907288828
  0.81829167054209073  0.83000167721064366  0.84215238323056973  0.85509079389135234
  0.86813100322306525  0.87993894704832021  0.89139405807826788  0.90334518394729002
  0.91546649523086476  0.92381069532132376  0.93075835800967588  0.93741992150056408
  0.94415802658697967  0.95151112457961518  0.95855044856040550  0.96547568049790733
  0.97196382284001137  0.97916788833349633  0.98843759049364499  1.00000000000000000
 -0.00295208614307657  0.01207315616471056  0.02597732513078738  0.03999557501837359
  0.05020785210415701  0.05875536142689149  0.06740612755475736  0.07621071517238155
  0.08555491072476465  0.09442694894720134  0.10359206554668400  0.11411532092878855
  0.12495581125779517  0.13428666552462273  0.14362955355131629  0.15372613242759403
  0.16376339221158120  0.17389083038304165  0.18429442392371659  0.19521066682560073
  0.20700511307215183  0.21663682206457482  0.22642007819383628  0.23645355717874525
  0.24743542920504780  0.25887744988647315  0.27030069589410305  0.28149164753611100
  0.29251503216473351  0.30326251551591910  0.31346333111426272  0.32356314565302235
  0.33409248822703896  0.34484834973082656  0.35515822585470896  0.36500768313746401
  0.37573642808618768  0.38834045898853969  0.40073983521860845  0.41224167876776002
  0.42318503056652335  0.43370189212563331  0.44389924498991468  0.45319377911815217
  0.46264402771937757  0.47162530606849012  0.48059656703869252  0.48988339170815165
  0.49970050866007654  0.51020921561733290  0.52009849815762788  0.52818769475947136
  0.53650832971960349  0.54628609750339929  0.55562820768095988  0.56396446846080317
  0.57216949711302578  0.58035232985979279  0.58899994184798421  0.59987962897527403
  0.60936593875710310  0.61780189797309804  0.62625916954165373  0.63495013280483870
  0.64506976449320674  0.65630195625061527  0.66822529038246714  0.68087508714104727
  0.69300986496797101  0.70463118376080525  0.71409359169278996  0.72326282862191094
  0.73219669479880345  0.74170796246545645  0.75170620096380525  0.76172838401061937
  0.77297781138177968  0.78511229483108591  0.79689172506498507  0.80762240214975756
  0.81862668759798440  0.83009889901751488  0.84173722481124624  0.85409752511861292
  0.86560976589260830  0.87730701865118843  0.88842065414269988  0.90063230455582288
  0.91313831656535394  0.92573957898726567  0.93794585941307496  0.95102906804138110
  0.96422555420376999  0.97696648302098654  0.98878082196134431  1.00000000000000000
  0.46636716424929819  0.47960950217776738  0.49384275911297199  0.50875968462332732
  0.52384047834820380  0.53720032513762517  0.55042707518660550  0.56411188792276801
  0.57630176539728317  0.58772751078498220  0.59904393223049501  0.60974432576496085
  0.62015979318398828  0.62990748404302321  0.63872584944134492  0.64780142818115660
  0.65677701141144429  0.66525428525322960  0.67382253374478429  0.68310407785686034
  0.69270674466683524  0.70271332080555893  0.71222550947432839  0.72109329154356672
  0.72975165642522599  0.73824019561979526  0.74686174562918184  0.75514338551278815
  0.76331296807023330  0.77104408838007144  0.77872389118387286  0.78644968299734674
  0.79437044112601762  0.80228354390724077  0.81047469430230801  0.81848171108412549
  0.82621528050554927  0.83316487069227518  0.83985509124545765  0.84627560827336201
  0.85261500383693112  0.85880162230071244  0.86450533344218361  0.86971600029550722
  0.87461841782930427  0.87922112674453279  0.88393290313246731  0.88889683595851443
  0.89378739772203541  0.89860445922218746  0.90353937563503983  0.90851782810599224
  0.91295069258476436  0.91705440623584911  0.92122716814374961  0.92556604566689960
  0.92988790861609216  0.93387643624028904  0.93749015366452815  0.94107592801830720
  0.94464409802274985  0.94828961412295343  0.95213539394257007  0.95612499745577073
  0.95938740147980406  0.96141184238140143  0.96340426657624778  0.96542786379814860
  0.96738917908048561  0.96926675137516394  0.97117129134739899  0.97307311863197676
  0.97513729564389939  0.97707175968164151  0.97883247326121536  0.98016985953023739
  0.98123526744311540  0.98217626980718786  0.98310561496245952  0.98416010116684827
  0.98494590120942849  0.98580876080631630  0.98677029532050275  0.98770497867152851
  0.98865093823646355  0.98989349428951368  0.99080116315322508  0.99163536982135636
  0.99241500043016162  0.99318857132326743  0.99385438058771880  0.99451256151716549
  0.99567863581906424  0.99675716340135412  0.99740878011818368  1.00000000000000000
  0.01082976773003538  0.15444423794737305  0.17581416435465388  0.19443113335918089
  0.21147032210539105  0.22760723038733793  0.24182765366518688  0.25342149224960131
  0.26405176557182364  0.27601740163222804  0.28883567085147832  0.30139115391894850
  0.31252015129231836  0.32363483530926690  0.33485199425406198  0.34552136198893424
  0.35509713378872720  0.36289917098615404  0.37085178311503536  0.37826999688932972
  0.38496285043938228  0.39159155233616344  0.39748000083584395  0.40250811667402775
  0.40727086410141322  0.41212152031754934  0.41740345527596950  0.42320565110842279
  0.42940827820736560  0.43509852968895452  0.44084617922996472  0.44623519508607734
  0.45206650154541850  0.45747262885992934  0.46298989200086488  0.46829857152368215
  0.47359275337957535  0.47859284804049851  0.48342044502347464  0.48843886512426848
  0.49362160283094042  0.49833276945434191  0.50251710727830712  0.50660012793875586
  0.51115694849259341  0.51595299604607514  0.52082373176694541  0.52542099061359637
  0.53003790499902292  0.53474202294718431  0.53935412792069570  0.54457425234347701
  0.55078968615516666  0.55686114209573878  0.56264443530974850  0.56832396391986761
  0.57394658136030663  0.58036029138378875  0.58718202227593974  0.59438526119531165
  0.60108565310428497  0.60718190507064751  0.61346431598251538  0.61993050356583934
  0.62673963163419866  0.63360452686384872  0.64026379356864505  0.64691854773997126
  0.65437529344361978  0.66163853649069870  0.66858869271705512  0.67545802210344952
  0.68269271889499550  0.69115068256491730  0.69982199159391634  0.70926702703611033
  0.71843283692438142  0.72824093670785395  0.73879993850423320  0.74931154855062143
  0.75899989943793000  0.76817096734929680  0.77770394950020105  0.78828148744488713
  0.79896317263630534  0.80822086829952511  0.81170050561411844  0.81636128444988587
  0.81810608644007299  0.81985088843026011  0.82185707721637669  0.82475027519895372
  0.82764347318153064  0.83053667116410756  0.83342986914668471  1.00000000000000000
   1.5690433917806747E-011  -1.0000000000000000     
 F F F F F F F F F F F F T T T T F F F F F F F F T T T T F F F F F F F F T T T T F F F F F F F F T T T T F F F F F F F F F F F F F F F F F F F F F F F F F F F F F F F F F F F F F F F F F F F F F F F F F F F F F F F F F F F F F F F F F F F F F F F F F F F F
  <DiscreteSampler_grid>
  grouped_processes
  1 # 1 for a reference and 2 for a running grid.
  10 # Attribute 'min_bin_probing_points' of the grid.
  1 # Attribute 'grid_mode' of the grid. 1=='default',2=='initialization'
  0.0000000000000000 # Attribute 'small_contrib_threshold' of the grid.
  0.5000000000000000 # Attribute 'damping_power' of the grid.
 # binID   n_entries weight   weight_sqr   abs_weight
    10   10   2.236269876408522E-002   2.115357063201970E-003   2.236269876408522E-002
    16   10   2.236269876408522E-002   2.115357063201970E-003   2.236269876408522E-002
  </DiscreteSampler_grid>
