  0.00000089437257671  0.00000096687795449  0.00000101036297661  0.00000104446630829
  0.00000108269547685  0.00000111986179285  0.00000116416221378  0.00000122245018209
  0.00000128105409727  0.00000133909390811  0.00000141223822580  0.00000148329946619
  0.00000155538901507  0.00000163996636536  0.00000174023535399  0.00000184993196464
  0.00000195564165170  0.00000204947357265  0.00000213485639454  0.00000222806432381
  0.00000233516423083  0.00000245251335446  0.00000256630687017  0.00000267738303062
  0.00000279363938476  0.00000292099358529  0.00000305942418115  0.00000320173903269
  0.00000334791871293  0.00000351671136561  0.00000370715545575  0.00000390656873775
  0.00000411649940201  0.00000434972312306  0.00000459127093259  0.00000483892502650
  0.00000511299480246  0.00000539083771563  0.00000567288480055  0.00000599632685144
  0.00000634351828124  0.00000670217005694  0.00000706581102429  0.00000745121020720
  0.00000785460966987  0.00000824617812242  0.00000868683081404  0.00000913806952370
  0.00000958732225165  0.00001005497321147  0.00001055282157111  0.00001107938287687
  0.00001160380333717  0.00001212289495378  0.00001268856049279  0.00001330221925580
  0.00001394327515116  0.00001462920435265  0.00001537801144639  0.00001619699777647
  0.00001703814652076  0.00001804823542718  0.00001915618763169  0.00002031646795398
  0.00002164969204506  0.00002311614776284  0.00002456172405720  0.00002580827849380
  0.00002717928041384  0.00002857935521307  0.00002996329715035  0.00003226390897381
  0.00003478160884943  0.00003792979719637  0.00004146291403853  0.00004541801280407
  0.00004975536403385  0.00005449498008934  0.00005982445963118  0.00006587409687485
  0.00007244893044170  0.00007939738340919  0.00008699443561929  0.00009617858247318
  0.00010510618379317  0.00011724306239053  0.00013167440200804  0.00015155245771955
  0.00017803375838692  0.00021170732332587  0.00026632408364291  0.00035080671821243
  0.00051557767861386  0.00094039972949888  0.04029845290186940  1.00000000000000000
  0.00011321742117304  0.00011826922007436  0.00012269823751514  0.00012752189764797
  0.00013311891413485  0.00013948477901578  0.00014586308070089  0.00015255367621903
  0.00015944890234231  0.00016648675639446  0.00017361444882804  0.00018082755271055
  0.00018787342497775  0.00019574987903225  0.00020387987213265  0.00021242671277641
  0.00022088839816421  0.00023009555340357  0.00024000210225906  0.00025024642831936
  0.00026038963444053  0.00027108790101181  0.00028226886782302  0.00029339014001617
  0.00030428991291865  0.00031542688244361  0.00032709887529749  0.00033853250436699
  0.00034989888365597  0.00036142502779425  0.00037367311305560  0.00038666891809922
  0.00040021149869702  0.00041489429310645  0.00042933986331813  0.00044320276385628
  0.00045777439633814  0.00047297757575355  0.00048862734075077  0.00050383362025984
  0.00051906421842250  0.00053404048213603  0.00055035650902134  0.00056999416341758
  0.00059170472425839  0.00061542363795065  0.00063907881526810  0.00066170178618074
  0.00068614518666900  0.00071301306392187  0.00073996444126461  0.00076844928854143
  0.00079463997437894  0.00082268736439111  0.00084642057445402  0.00086594406945728
  0.00088431295746690  0.00090364935404554  0.00092643925881329  0.00095587588721821
  0.00099156589064002  0.00102958060287363  0.00106333433949033  0.00108781036879514
  0.00111473431985537  0.00114228773437930  0.00117049731687224  0.00121138296657056
  0.00125517438155072  0.00130237161120077  0.00135748604856279  0.00139984135990952
  0.00144128562098589  0.00147612587452211  0.00152114565328400  0.00156141960820605
  0.00160125466422246  0.00164037471899969  0.00167755456006899  0.00172365134651352
  0.00176195898874988  0.00180189849180723  0.00184967392195236  0.00194345908717815
  0.00202843759382100  0.00208718050488631  0.00213343330007271  0.00218378616784393
  0.00226170665758956  0.00233832623663413  0.00241494581567870  0.00259153888935819
  0.00290909299620021  0.00322664710304224  0.04059185621157017  1.00000000000000000
  0.00000260828187652  0.00000280835155798  0.00000296631407417  0.00000313207618974
  0.00000332286614763  0.00000353329258926  0.00000377829484672  0.00000405373865932
  0.00000432945595206  0.00000473568223625  0.00000513221498752  0.00000551620152359
  0.00000594789472200  0.00000639994885647  0.00000689006580830  0.00000743376027118
  0.00000807030035914  0.00000881858353998  0.00000947191929514  0.00001014759249448
  0.00001084868605730  0.00001162816737514  0.00001263595766203  0.00001380947862580
  0.00001519624393907  0.00001678136389279  0.00001863125606405  0.00002071533820138
  0.00002299431530215  0.00002543058003671  0.00002807823428376  0.00003108107588411
  0.00003443228924362  0.00003804922715246  0.00004193587528078  0.00004596502384794
  0.00005050236896055  0.00005550577240470  0.00006132839004590  0.00006817899910357
  0.00007582477320562  0.00008330598013421  0.00009079883397995  0.00009853605185880
  0.00010631398300947  0.00011420959055826  0.00012370020535828  0.00013417186195514
  0.00014531444517199  0.00015618986664043  0.00016820487301836  0.00018194815554897
  0.00019641310237535  0.00021198412651010  0.00022820471136320  0.00024421990273259
  0.00026028523487957  0.00027524496438246  0.00028963967953419  0.00030527578878642
  0.00032212919286001  0.00034099547790444  0.00036525842823380  0.00039293531574064
  0.00042397229525933  0.00045444405380810  0.00048710373891488  0.00052136812755849
  0.00055337951766435  0.00058850909408011  0.00062565569748781  0.00067453820183286
  0.00073621457150013  0.00081399184060860  0.00090785419168058  0.00102719833284007
  0.00116044491780493  0.00126970125408721  0.00136709073444064  0.00146019867475635
  0.00156073360444523  0.00163901581098554  0.00171616743298007  0.00179719200034948
  0.00190382089328345  0.00204814498193871  0.00221647214666891  0.00242277615267977
  0.00261517868551416  0.00279317388144241  0.00297110655325229  0.00311652386915093
  0.00344544286786540  0.00511904153236987  0.00932925072139441  1.00000000000000000
 -0.00146652325213613  0.00343300022680359  0.00827803198866581  0.01304554739107176
  0.01754588283733816  0.02368641973131404  0.03090154399465369  0.03810011813140745
  0.04577929545292742  0.05403047515888680  0.06241299321638621  0.07107836487014366
  0.07978964986587829  0.08833995272177585  0.09726881788229792  0.10574769099986252
  0.11403092734390327  0.12192513435261641  0.12945526380593453  0.13693968034737292
  0.14469534207464263  0.15309228155857971  0.16203811669305004  0.17104077585051067
  0.17935196840499290  0.18714620511274344  0.19491357667599560  0.20297533607949322
  0.21135487717710860  0.21951203302677000  0.22770894497423153  0.23619471841452977
  0.24518112455258798  0.25455257626160244  0.26401865300306188  0.27328920415632729
  0.28277580796592056  0.29288316178205370  0.30310753790328815  0.31276523489138841
  0.32180227651761067  0.33072523711597918  0.34007880745771391  0.34975076835485636
  0.35909584240235082  0.36812830515766332  0.37701675841224047  0.38603402918586205
  0.39574631557245354  0.40532967252555036  0.41468972173093294  0.42456629260168199
  0.43484819600788610  0.44527033364969798  0.45447758945714156  0.46327769397426510
  0.47255545702037338  0.48355086368893485  0.49547305303633127  0.50728169165592152
  0.51923568280943122  0.53175881275044068  0.54277688309712047  0.55276203398258583
  0.56271833991525899  0.57345984353529322  0.58447312648540339  0.59507957297305847
  0.60586493750963455  0.61837507784636425  0.63150863564423820  0.64488535532417512
  0.66009584047309355  0.67588536786185160  0.69013024704477366  0.70297585150409425
  0.71538519010361756  0.72679885438159531  0.73817499263816810  0.75010502111603106
  0.76246241736763831  0.77611198616338573  0.79121187779681013  0.80534808976966288
  0.82019025461644957  0.83550826240818377  0.85189547524909515  0.86908826110366544
  0.88780844876363074  0.90778086288880178  0.92418031404594025  0.93923717665242246
  0.95403266687451982  0.96851463621603473  0.98378462291644797  1.00000000000000000
 -0.00201608715806585  0.00882616590812086  0.01811210204132155  0.02765984132040265
  0.03736106938705452  0.04711150527735333  0.05748882271176520  0.06821466569232926
  0.07930910316682242  0.09085632931780478  0.10316678237050016  0.11587200685684540
  0.12765996134949603  0.13819250169875125  0.14834536962437947  0.15843718453668279
  0.16804748837602973  0.17696095240648546  0.18578306910438255  0.19546014080124727
  0.20636113662555977  0.21677697205117807  0.22674025746114557  0.23582057770585271
  0.24492242284447965  0.25354535597299288  0.26204019654940058  0.27087447763386652
  0.28067464423255772  0.29105264926277619  0.30090546055750006  0.31112810561700754
  0.32166072128794115  0.33140356990491521  0.34036039985410010  0.34950336789538150
  0.35947561459370686  0.36979828064308556  0.37976762984870049  0.38936228588442573
  0.39876859699975853  0.40681516353256836  0.41398112709583829  0.42128273414662054
  0.42834545964634957  0.43612904055568591  0.44606286188044547  0.45552322968852144
  0.46516076484383451  0.47418950492491058  0.48358295213556413  0.49314472539250703
  0.50292961910014755  0.51380521980518934  0.52603187581905797  0.53919437539275272
  0.55093126851188057  0.56187279312777649  0.57242337658628029  0.58315866113258996
  0.59442453989029420  0.60617887341289933  0.61839885059549160  0.63000913101579414
  0.64238285817828000  0.65403446993565839  0.66524487289244205  0.67603971200192459
  0.68757425425253160  0.69906046508977826  0.70965675294870945  0.71933357516669116
  0.72867503090630936  0.73941373730712190  0.75032980845140751  0.76102488132116841
  0.77201985485023095  0.78452169795341553  0.79770875256417173  0.81107035578089570
  0.82336188908878383  0.83483193282336754  0.84545887072459003  0.85635828128369940
  0.86726874167515466  0.87846513094653234  0.88932370425731744  0.90018953865300233
  0.91073636736204577  0.92123105728929378  0.93268943317034614  0.94556096883733654
  0.95906325330552555  0.97239386293071817  0.98572295301911272  1.00000000000000000
  0.00140270090320227  0.00976703837559259  0.01719979443393208  0.02344196898784043
  0.02761742610015858  0.03189954475757208  0.03638107786282117  0.04094246342630548
  0.04558213805193728  0.05180752058018878  0.05894860609479033  0.06610998782044973
  0.07346192138812513  0.08098613274467378  0.08935283045225004  0.09781616725911982
  0.10715194214302950  0.11675462542547714  0.12666511140495268  0.13693188311947163
  0.14742434022748241  0.15764491119640162  0.16703987193316983  0.17557704466673377
  0.18387069193936820  0.19296593512160889  0.20339474789541220  0.21477841170616530
  0.22626061947248549  0.23666403582893700  0.24676677757904955  0.25707780637692190
  0.26727724046780788  0.27762426492744458  0.28843807412363143  0.30000208759310854
  0.31188628651303740  0.32357948857056701  0.33434835265552321  0.34414198803281654
  0.35379259711466909  0.36385534345042692  0.37427153594525547  0.38507256339009277
  0.39587325006891627  0.40641458823883203  0.41725985393107090  0.42885028230697242
  0.44132026201406632  0.45327427266400133  0.46563225629852734  0.47727915996954462
  0.48881851470133514  0.49998714759130530  0.51218856566905169  0.52456026367340691
  0.53629323526051298  0.54780378745562031  0.55913398586732510  0.57074213000739982
  0.58306595358841518  0.59663175029917781  0.60900704840889319  0.62002145537452569
  0.63112299771533509  0.64325350469928155  0.65512624116240770  0.66653066614290124
  0.67811865967501583  0.68955901069959902  0.70048450991190503  0.71112920945476310
  0.72180857458283221  0.73219845520783966  0.74161205181120560  0.75042056657603828
  0.76005287184053061  0.76855956744053688  0.77779343827465042  0.78762941741780734
  0.79755311933745288  0.80814646203955065  0.81985041601946573  0.83384647668166334
  0.84777799787335417  0.85954746298544482  0.87050980905597819  0.88173314874321052
  0.89325246191886720  0.90456529203771152  0.91743375397363802  0.93236658587273435
  0.94871767444816757  0.96400496188696783  0.97954874685316273  1.00000000000000000
 -0.00225393287102949  0.00961284682095599  0.01883006541789674  0.02865837955998845
  0.03871278961502581  0.04853207656911281  0.05877365320806389  0.06914840034641773
  0.08098605063183781  0.09314157430383076  0.10546626356744981  0.11829233120282807
  0.13148972417172988  0.14511540383449431  0.15626477842988210  0.16714222126642547
  0.17871956142267112  0.19014446722625170  0.20110321459979202  0.21091018190422761
  0.22024981552268383  0.22975069662238740  0.23834571671551200  0.24643036084229539
  0.25454813837347040  0.26274742715439003  0.27130574336347801  0.28111174100148922
  0.29205514453441322  0.30406564897392385  0.31490219792497864  0.32255712569797163
  0.33040548027453154  0.33811997564454083  0.34593227497945289  0.35433640424298529
  0.36277198059177646  0.37110495230108081  0.38124729695572085  0.39252347034636431
  0.40379611013829653  0.41538982002792013  0.42751268784278718  0.43952276094876186
  0.45107921665594330  0.46229086535419989  0.47332776794530645  0.48423691869748597
  0.49530720115399307  0.50625443904985268  0.51635906896934158  0.52695115303338691
  0.53717649227025710  0.54767980234993308  0.55749364498538778  0.56852589923221630
  0.58042080628219872  0.59088752177408943  0.60027659308325831  0.60873270926736789
  0.61702566845140105  0.62603284416282989  0.63559296986108027  0.64509187809601254
  0.65525996707363199  0.66540469015158477  0.67606528387353992  0.68638163609790193
  0.69878107506935683  0.71067238083842166  0.72171930984466015  0.73266059294706687
  0.74397728162391774  0.75541116041549350  0.76637847086969879  0.77800155083326472
  0.78968545523088962  0.80136902475659466  0.81225450802803567  0.82275655846284990
  0.83333885369729865  0.84416502071943122  0.85619574485445860  0.86871561372452244
  0.88105214644422536  0.89177134055531504  0.90279252432427692  0.91332994028313697
  0.92398130583366811  0.93515225030581339  0.94619545499326296  0.95747304707276049
  0.96786171932479470  0.97877044874074148  0.98936957462965780  1.00000000000000000
 -0.00194616753456325  0.01036512747141206  0.02047821742406281  0.03114455164339183
  0.04210292655306395  0.05296771424356608  0.06394163152970700  0.07412526493513759
  0.08521914232183730  0.09603333627845768  0.10794092661594085  0.11849022796270411
  0.12868967198474901  0.13823861962615008  0.14794211603540117  0.15742126500049641
  0.16638125808558027  0.17597470086319192  0.18649666961315101  0.19819835381762055
  0.20969933761787887  0.22091514184747729  0.23177720698368140  0.24243768931346016
  0.25309934237131926  0.26317469443077007  0.27241429711863191  0.28132190701645965
  0.29047258967981343  0.29962782934182214  0.30852864580680373  0.31734773836785390
  0.32693067804817222  0.33535623204757781  0.34340736596364474  0.35163534867970486
  0.36132593162845489  0.37113152009319245  0.38072181300673558  0.39085302662671473
  0.40174891016437764  0.41317539411121246  0.42443118462664298  0.43657878158401031
  0.44786262478908900  0.45645613130409918  0.46431841552936609  0.47208646756725836
  0.48123145787307509  0.48938800917801062  0.49645522576000400  0.50376822581972702
  0.51144087589250953  0.52057913089990993  0.53265214613284262  0.54475427215458760
  0.55679012964982855  0.56861679055147729  0.58053079833026056  0.59280949281475037
  0.60558200576246601  0.61811837946549442  0.63076959156843981  0.64262775170148057
  0.65454050668334252  0.66716020340698423  0.68112284062385087  0.69490977652402486
  0.70758694226657570  0.71924980387369797  0.73010391479937597  0.74053831754668276
  0.75172350051602821  0.76403485278014194  0.77610515101040045  0.78721345958414268
  0.79832083095462125  0.80981725687761630  0.82180706353804533  0.83406836771142201
  0.84587816801414895  0.85784584982332601  0.86948694909787805  0.88029027355453893
  0.89040641906715579  0.90018219202830707  0.90999809198900328  0.92043053700776023
  0.93052387616142929  0.94188512342468267  0.95353724675972240  0.96384271405606259
  0.97327912975193820  0.98191852294950011  0.99092373503201936  1.00000000000000000
  0.50777464087504309  0.52470729313580855  0.54383810641925234  0.56130924154215311
  0.57786818917186722  0.59368782957800881  0.60893774410225199  0.62491326474253273
  0.64049440092192145  0.65552443341818467  0.66888083504048979  0.68095019317469541
  0.69300948041807531  0.70435119934548540  0.71466342482879552  0.72456283929815291
  0.73366545162269137  0.74209828553930401  0.75048622936656284  0.75858319304224087
  0.76651774427001684  0.77453715239299348  0.78253655873107719  0.79022130309000571
  0.79774009329882778  0.80514591520683876  0.81218915945931447  0.81882477893883310
  0.82527429873196922  0.83168890330720058  0.83800705460763314  0.84417575474809492
  0.85001306957423794  0.85543348574219757  0.86032713972919983  0.86509085471023994
  0.86975579583898199  0.87444043668578952  0.87940826512963632  0.88436831196448062
  0.88922200152451547  0.89353353881944153  0.89756121216130247  0.90135589258933613
  0.90506572159533349  0.90870851983488965  0.91228596536506301  0.91584365036584880
  0.91918362923068275  0.92241212967909325  0.92559942828555075  0.92879586417841054
  0.93197678227992808  0.93509046286972997  0.93798927683903999  0.94056800667866503
  0.94299976402986463  0.94530302130651989  0.94754027054116863  0.94974585878536588
  0.95194686786288163  0.95416138807415374  0.95638082915575340  0.95846394714942773
  0.96034292348302686  0.96212644401741276  0.96386340824358374  0.96555477492858088
  0.96716595650144432  0.96875194609840765  0.97028173850952404  0.97181825693940016
  0.97336320683578570  0.97488364992715193  0.97640480678013919  0.97788129797687495
  0.97931496441448040  0.98064032543419710  0.98164109583329928  0.98263132796189778
  0.98361330801443125  0.98454297472797481  0.98555389544407968  0.98673138792143611
  0.98789532515988099  0.98909019008146770  0.99025623165058507  0.99135785890192851
  0.99241504510388945  0.99347351279282703  0.99444523730146339  0.99544003320803665
  0.99645272946170338  0.99749601887865569  0.99870349315773788  1.00000000000000000
  0.04366712268742805  0.13888376108025496  0.18473170932754462  0.20572030680626135
  0.22337581801140602  0.23974958202888799  0.25499073527552857  0.26838222716937887
  0.28051579367831564  0.29233876571048462  0.30446153567484757  0.31574027990636760
  0.32682103427983067  0.33792972026948931  0.35018901203739961  0.36078085883972655
  0.37084553601700027  0.38106956788504193  0.39111005016982026  0.40126319855458881
  0.40861169296412941  0.41629866653940739  0.42380301097778939  0.43179683257901152
  0.44099471189179179  0.44962379015947002  0.45886807370868571  0.46720375150791393
  0.47455204090985986  0.48173695989087323  0.48889025237420664  0.49578566619495906
  0.50273552402672084  0.50961385325890640  0.51696897625364258  0.52449981350305586
  0.53158944456926926  0.53849422718299411  0.54509572359576497  0.55206611547602413
  0.55880031675554409  0.56494675732755995  0.57146400906456885  0.57807963486402614
  0.58530153912978700  0.59225362770547163  0.59917890719996514  0.60655804849115136
  0.61229433164511560  0.61785813393720035  0.62338904139206730  0.62874701560685886
  0.63554314745649343  0.64245648242357700  0.64887171378744690  0.65551394463628954
  0.66193648756622769  0.66801511054785090  0.67436200367488552  0.68034955851201617
  0.68624549948151670  0.69252858810927997  0.69901795450953086  0.70531490121440599
  0.71148626532413728  0.71727596113098524  0.72299996542700484  0.72863347085455599
  0.73416604399827401  0.73971229901812996  0.74531986334403144  0.75062345251042717
  0.75574189113864332  0.76055983519062376  0.76554267443658464  0.77054115739519247
  0.77612324455685011  0.78187830002507674  0.78764034804688177  0.79319172646826530
  0.79826799013754235  0.80339377153734459  0.80827247053738815  0.81314598734156462
  0.81849113814254659  0.82392211435762119  0.82941210745007821  0.83530703580471866
  0.84186066937499149  0.84884988049642918  0.85716051271640203  0.87034708294560947
  0.88773419630149930  0.91092855973790399  0.94515349586181630  1.00000000000000000
   8.7028313391526630E-013  -1.0000000000000000     
 F F F F F F F F F F F F T T T T F F F F F F F F T T T T F F F F F F F F T T T T F F F F F F F F T T T T F F F F F F F F F F F F F F F F F F F F F F F F F F F F F F F F F F F F F F F F F F F F F F F F F F F F F F F F F F F F F F F F F F F F F F F F F F F F
  <DiscreteSampler_grid>
  grouped_processes
  1 # 1 for a reference and 2 for a running grid.
  10 # Attribute 'min_bin_probing_points' of the grid.
  1 # Attribute 'grid_mode' of the grid. 1=='default',2=='initialization'
  0.0000000000000000 # Attribute 'small_contrib_threshold' of the grid.
  0.5000000000000000 # Attribute 'damping_power' of the grid.
 # binID   n_entries weight   weight_sqr   abs_weight
    10   10   8.195287316969559E-004   2.742892916016444E-006   8.195287316969559E-004
    16   10   8.195287316969559E-004   2.742892916016445E-006   8.195287316969559E-004
  </DiscreteSampler_grid>
