  0.00000052417150558  0.00000060416330034  0.00000065549232040  0.00000068458280666
  0.00000072775445898  0.00000077438212129  0.00000082634684474  0.00000088087598365
  0.00000093824924254  0.00000099949328778  0.00000106534887541  0.00000113323003222
  0.00000122011320959  0.00000130439517361  0.00000140387919470  0.00000151534023152
  0.00000163738784792  0.00000177145083482  0.00000191355237155  0.00000206646074814
  0.00000223366803080  0.00000241132726620  0.00000261426548697  0.00000282556440590
  0.00000307626663022  0.00000333115252158  0.00000361127469068  0.00000389770795625
  0.00000422221678439  0.00000456969627826  0.00000494712541063  0.00000535338633142
  0.00000578326025000  0.00000626016745569  0.00000674435567397  0.00000729630018956
  0.00000789991754142  0.00000857741030722  0.00000931989472568  0.00001011395135423
  0.00001095109627597  0.00001183183703519  0.00001278596166484  0.00001382259013173
  0.00001495507160908  0.00001620087291504  0.00001755990685049  0.00001907188209039
  0.00002076013230835  0.00002267935514484  0.00002480014797765  0.00002724865850557
  0.00002992571221411  0.00003286757076256  0.00003602188269700  0.00003938976331849
  0.00004305604375209  0.00004714593147747  0.00005170872185211  0.00005685205273678
  0.00006272761073128  0.00006934526898157  0.00007686032377391  0.00008523903815360
  0.00009457055060865  0.00010507558877425  0.00011720293983453  0.00013102988815161
  0.00014675143768632  0.00016394518199038  0.00018231563050403  0.00020259424391145
  0.00022550710611310  0.00025078880445884  0.00028159627060635  0.00031929182941825
  0.00036542668133637  0.00041996963367575  0.00048209846486245  0.00054831897086498
  0.00062115260525729  0.00071000974707492  0.00082524045155168  0.00098430740401558
  0.00117624633059468  0.00143441798433415  0.00174205814445111  0.00207384480726773
  0.00244254943833570  0.00285247102945973  0.00347406010305267  0.00434545643191601
  0.00543959423035987  0.00713002405790496  0.01494147924911741  1.00000000000000000
  0.00000077148119740  0.00000085943166710  0.00000091873069949  0.00000097490431213
  0.00000103542766970  0.00000110420360069  0.00000117959829173  0.00000126468631638
  0.00000135606765888  0.00000145809989722  0.00000157235326874  0.00000169827875124
  0.00000183490021599  0.00000198133267359  0.00000214185696068  0.00000230857511277
  0.00000248598603852  0.00000267320053904  0.00000287419081594  0.00000309219845322
  0.00000333152300044  0.00000359491505599  0.00000388535276201  0.00000420201269345
  0.00000454463380601  0.00000492047472363  0.00000530770647302  0.00000574084249347
  0.00000620488866172  0.00000669892108213  0.00000723462446894  0.00000780762250256
  0.00000843059133243  0.00000912225983061  0.00000987528280339  0.00001069150054408
  0.00001155804257338  0.00001245322997600  0.00001345628346066  0.00001451801067707
  0.00001567876732814  0.00001691402140196  0.00001825497093329  0.00001967585358835
  0.00002117484665675  0.00002278215348681  0.00002457271374567  0.00002643968278564
  0.00002849776347717  0.00003062718192363  0.00003306108442668  0.00003571206699855
  0.00003871939361040  0.00004197824480045  0.00004553519640420  0.00004944154131380
  0.00005361780685516  0.00005811241689643  0.00006299504416503  0.00006838152747251
  0.00007418639422970  0.00008048365000986  0.00008743452201776  0.00009548921083243
  0.00010469354607858  0.00011507833328107  0.00012669884794339  0.00013967916070863
  0.00015439487353889  0.00017082323565918  0.00018864355728726  0.00020811217834962
  0.00022914156431265  0.00025353432250068  0.00027865960097838  0.00030890311671026
  0.00034243889885309  0.00038347218179011  0.00042233168850758  0.00046218696406295
  0.00050795045912577  0.00055820138226056  0.00060775042370787  0.00065865925772515
  0.00072812561553241  0.00080806848712566  0.00089884256504459  0.00100891216956731
  0.00114373052197074  0.00132197543488443  0.00159633587727235  0.00187626688331584
  0.00207747624888420  0.00227273395489887  0.00249442987157537  1.00000000000000000
  0.00000248139183534  0.00000258065748749  0.00000273621354330  0.00000293516436439
  0.00000317186486116  0.00000344424361107  0.00000374548601365  0.00000410285043137
  0.00000448914463001  0.00000491098507474  0.00000539588927596  0.00000593589149216
  0.00000656405722298  0.00000730218407926  0.00000820323308282  0.00000921282596194
  0.00001033266961786  0.00001160463318779  0.00001310004873713  0.00001487158656132
  0.00001690717207290  0.00001921176832422  0.00002179453386956  0.00002469534814583
  0.00002791613852231  0.00003151992784983  0.00003560934033653  0.00004045216840354
  0.00004560784095563  0.00005134306917374  0.00005795508101036  0.00006538942123746
  0.00007343098411405  0.00008219074099645  0.00009170076709396  0.00010206998179794
  0.00011380709182852  0.00012646713649002  0.00014057088207019  0.00015610657257832
  0.00017283378162507  0.00019058319184676  0.00020962935458543  0.00023019354655997
  0.00025276646596822  0.00027779356038252  0.00030500926297550  0.00033482454820480
  0.00036689972195277  0.00040094938333607  0.00043689069347271  0.00047542843024500
  0.00051630696905004  0.00055911983244387  0.00060373287759617  0.00065104942961607
  0.00070203500386030  0.00075737441683690  0.00081663677773819  0.00087927402490034
  0.00094669254243824  0.00101941583550923  0.00109812557766832  0.00118250125751415
  0.00127162149274474  0.00136227110724810  0.00144838468025325  0.00153104235788658
  0.00160464888885931  0.00167980847841840  0.00175941822073443  0.00184410936776452
  0.00193448821248469  0.00202802900632162  0.00212056487488932  0.00220929153071561
  0.00229855297980809  0.00239283532111652  0.00250676364829189  0.00262652238982271
  0.00274183235172369  0.00286136282577312  0.00298718502094340  0.00309418502857335
  0.00327670536522859  0.00357592362553178  0.00383925153380712  0.00412337277780385
  0.00441625118477334  0.00471947340794521  0.00496002434776864  0.00518479796361294
  0.00542834227130585  0.00568187185964083  0.00592282465103191  1.00000000000000000
 -0.00336162687212559  0.01615264452888280  0.03401058674076841  0.05353091654843900
  0.07257274950894541  0.09063759443485278  0.10843558881027557  0.12584003217254661
  0.14219272606050820  0.15774005930472890  0.17329090201304384  0.18937678575185216
  0.20578991621865139  0.22184144043805348  0.23710977506667016  0.25115596800021622
  0.26415423211582995  0.27695442538094461  0.28973000918362812  0.30239767032547454
  0.31537690339619845  0.32900381633003356  0.34209926356814813  0.35460217404778699
  0.36681035700225678  0.37861351372072183  0.39001720227628250  0.40158497354292988
  0.41337086483238039  0.42497467043945125  0.43627057246543510  0.44768225508262555
  0.45908871985938249  0.47011421575897472  0.48128387471414241  0.49250987643354649
  0.50365333783106947  0.51474597010618184  0.52604118291410806  0.53739476091909755
  0.54857778881875063  0.55939389746576307  0.56995801685781122  0.58037388902617004
  0.59092925025851395  0.60153003444242448  0.61189912010253533  0.62181670065443662
  0.63157603243406191  0.64126275248207665  0.65085906307907260  0.66029780166023533
  0.66962560883792743  0.67909621789409247  0.68856401989568994  0.69794175485320464
  0.70711809296995032  0.71649516867669905  0.72594756686185546  0.73538335023386969
  0.74466278266855634  0.75382601546740768  0.76308503614819290  0.77234938253790419
  0.78109719092562691  0.78995277778804229  0.79845177172123183  0.80682699165709171
  0.81488403142568022  0.82270891383046185  0.83054955013578580  0.83827064166457133
  0.84595025351985487  0.85363861429847410  0.86142647785356252  0.86920488963468556
  0.87676218878693990  0.88423101020625139  0.89158259520863270  0.89888846418877066
  0.90602087085295191  0.91308480498977451  0.92000070621291874  0.92672489720850937
  0.93350530066438719  0.94014682075559297  0.94671258639398193  0.95323199851623708
  0.95945983010298941  0.96537282326143314  0.97117809906163755  0.97698504212676407
  0.98274293048637618  0.98847837700996233  0.99433350932212272  1.00000000000000000
 -0.00262808426537286  0.01036937374402249  0.02120983370020148  0.03213702755403079
  0.04297308677142362  0.05348184103467137  0.06368209313516929  0.07412317390637220
  0.08460256953911711  0.09523863861242968  0.10594952768678001  0.11682098604691388
  0.12757006505925805  0.13829875833654928  0.14935944215830715  0.16068254867914522
  0.17151114054530278  0.18202708154540981  0.19234347989901551  0.20242885420410323
  0.21242392446917810  0.22237601885327171  0.23268768224220679  0.24337229456802034
  0.25403979602999294  0.26451204037570891  0.27495318342121122  0.28544817935083261
  0.29572498811961351  0.30563719466741696  0.31554790599453336  0.32557659408776984
  0.33540710992916500  0.34500192295420584  0.35479540110765861  0.36509809465291237
  0.37540605011384942  0.38578204071187266  0.39613355226596308  0.40742056452771580
  0.41865527313463924  0.42981908815671055  0.44051279998212717  0.45086365893358682
  0.46126979152180553  0.47174297411306670  0.48210054617076559  0.49267763970466349
  0.50366235834228923  0.51515431506900144  0.52588899795102706  0.53674187196159440
  0.54730619174143436  0.55815671152265189  0.56911273137959584  0.58021504977504534
  0.59124348044202968  0.60213835867863796  0.61295773267311282  0.62367570189779631
  0.63416037392261970  0.64484554320847010  0.65616300934067429  0.66782668786984201
  0.67941214281958140  0.69061507949005008  0.70167765448619790  0.71243814170601261
  0.72307649454693967  0.73371799810363625  0.74400695191487831  0.75412715027312383
  0.76426756011279440  0.77453918039797143  0.78527051560376315  0.79558683959390641
  0.80538876423409766  0.81502746067001430  0.82462059599924686  0.83421383132495286
  0.84408378285439212  0.85397216398585574  0.86424866578676929  0.87446821748416026
  0.88482071812202701  0.89563558920235042  0.90616405627087948  0.91688256384621036
  0.92784356137488055  0.93867005274384130  0.94925702107672072  0.95941553664375590
  0.96959690589370906  0.97965483301534972  0.98983918935358695  1.00000000000000000
 -0.00255648373137074  0.00957670063382434  0.01987805844690155  0.03029259546383387
  0.04086064215788016  0.05196335495687898  0.06288405121801517  0.07362415941568906
  0.08422939975786177  0.09594283147849836  0.10683744428502502  0.11715942618402728
  0.12747926212377789  0.13825132328560016  0.14925581385629103  0.16011757595296383
  0.17120399703245062  0.18246879321571879  0.19354284447785094  0.20460592245594575
  0.21495409073454325  0.22521984449446067  0.23548376089995399  0.24591917039153821
  0.25624220751194648  0.26640966947202604  0.27686544834589832  0.28763656877012761
  0.29809002565049086  0.30825384453349591  0.31848368901601209  0.32907770123221824
  0.33970037753381177  0.34974561868123599  0.35994313011269646  0.37055213300198053
  0.38103703858625071  0.39131327439845498  0.40134933647737725  0.41154923613639527
  0.42174151102531343  0.43197002067472023  0.44200592837386182  0.45219338749217425
  0.46239692539168004  0.47274370208537847  0.48325451812007353  0.49394231552169610
  0.50493443132500038  0.51617467094134173  0.52802992881258259  0.54013766472396929
  0.55103348862907908  0.56156714389341578  0.57143869073433806  0.58170220327178601
  0.59049731522092230  0.59980042878934092  0.60920096506445409  0.61887914655829024
  0.62857525071582332  0.63843676889553391  0.64865827353633987  0.65950597130821809
  0.67038715307497609  0.68103332598852939  0.69169855171453920  0.70249469429851330
  0.71333205409014122  0.72407371032259371  0.73504145337065296  0.74568062486102138
  0.75630357063561815  0.76681396472386443  0.77763582249330887  0.78872548549878130
  0.79958653328188489  0.81004529784199952  0.82019418814074707  0.83033489929104720
  0.84092704610855318  0.85154323875344795  0.86216319526866847  0.87280284382034889
  0.88322866699623304  0.89358415732472785  0.90381761997808474  0.91399420285371136
  0.92437146724359709  0.93472915312452309  0.94530048979954850  0.95549927092112663
  0.96613168573047337  0.97695762535257469  0.98835930855793130  1.00000000000000000
 -0.00041042901212325  0.00042808649621473  0.00179665950232311  0.00313649792864162
  0.00411974601314189  0.00502051171267453  0.00584806309838081  0.00662020691050449
  0.00734774093848351  0.00807517500091534  0.00880251217327316  0.00949686009734048
  0.01018510092453000  0.01086600400026713  0.01155572892063856  0.01224751022274684
  0.01293915142754221  0.01360328163081333  0.01425229664896997  0.01491759078899468
  0.01558482552039011  0.01625574295484731  0.01695347671308385  0.01767384922565259
  0.01844618580288602  0.01922792363723165  0.02001776103801621  0.02060205325866794
  0.02114794133680323  0.02170455651216665  0.02214537379913879  0.02256904836081239
  0.02302113083296171  0.02346733581010530  0.02390028998015323  0.02432867544647840
  0.02475951930229351  0.02519840983015052  0.02563404694408748  0.02614111199945653
  0.02659589944461647  0.02704494622749918  0.02749860676735941  0.02780517054840772
  0.02811173432945601  0.02844244659300496  0.02877929511902580  0.02912257383433457
  0.02946781547814264  0.02996796163690009  0.03050210951136111  0.03102103169971908
  0.03152844964080342  0.03206385766720043  0.03261013516442465  0.03309968637458951
  0.03360817546045308  0.03415228749728601  0.03471524467376811  0.03528776246754868
  0.03597721786883725  0.03669738953795801  0.03733160998273598  0.03795681125886253
  0.03865732044456801  0.03945516636010456  0.04056951783159260  0.04158767216282871
  0.04270325000439559  0.04367989380014449  0.04425950334252553  0.04455991170045395
  0.04487659123810362  0.04521682718106076  0.04554872154078182  0.04588129436177187
  0.04626255584994672  0.04659362602923774  0.04684364707794378  0.04709839071169018
  0.04742038291247853  0.04784925920722893  0.04855454122685186  0.04937216100674790
  0.05009557715844122  0.05083807029826679  0.05185732909942527  0.05268621915137144
  0.05368894120902227  0.05478411338114316  0.05582664861570694  0.06068825445333077
  0.06206373466870929  0.06306648820085525  0.14481528231662044  1.00000000000000000
 -0.00247720665813129  0.01034950922263462  0.02066209773362933  0.03166426363628573
  0.04232599410173151  0.05238751392570842  0.06206171415864048  0.07198461972603262
  0.08163452274322523  0.09127790478209051  0.10055164118851984  0.11016708337754277
  0.12012831407225530  0.13006150159693197  0.13998285143594497  0.14983021402877905
  0.15973187770424924  0.16970047463461574  0.17942269839444322  0.18910203907820933
  0.19857001164202803  0.20798035428651052  0.21722257755356350  0.22653698537785902
  0.23582581741368661  0.24525602445470326  0.25474815434235837  0.26420076888243182
  0.27388108114747306  0.28405120424515468  0.29460720187618772  0.30523333757036464
  0.31561441816453289  0.32599998273079195  0.33694276356540026  0.34824652390819877
  0.35960182379551114  0.37065000743819920  0.38158232498394745  0.39258592019366062
  0.40398390619149011  0.41572830409816791  0.42757358476668034  0.43933789637291298
  0.45115791677925210  0.46343202339770773  0.47630961967466656  0.48903528912030503
  0.50169536911430868  0.51453329374044199  0.52714629992699558  0.53930589404969276
  0.55222692595720368  0.56538529002912530  0.57836869440733585  0.59105994218397895
  0.60344399873647281  0.61477365855587673  0.62548441464695503  0.63605853468615470
  0.64667257035908832  0.65707377949305845  0.66744538307404044  0.67831421486873988
  0.68902687230934634  0.69930388065493554  0.70949264866022543  0.71961193092278775
  0.72927732905858778  0.73843123242095998  0.74770328628105698  0.75750393495720247
  0.76752280928580507  0.77725252577923098  0.78657780932019750  0.79636431669977359
  0.80660557110538456  0.81652151289765118  0.82594795015004319  0.83528471100640422
  0.84470436713470132  0.85417721428340698  0.86363977209115950  0.87325867918152600
  0.88317593607432243  0.89329271019318190  0.90353412089174201  0.91411131338854135
  0.92494825294165672  0.93559141550572222  0.94609060615160534  0.95675351961736910
  0.96768926282564138  0.97898282739454290  0.98944955345709429  1.00000000000000000
  0.45086572807408487  0.47213935985998801  0.48693468844044169  0.50163222560141874
  0.51496965332780165  0.52709941859001508  0.53819060253781248  0.54936448062328014
  0.56089477153459888  0.57205615821769318  0.58273258072878975  0.59340138140528842
  0.60407738498681063  0.61530128174258458  0.62659816288920756  0.63741482797699134
  0.64780525972844372  0.65763780985468034  0.66732264783634399  0.67675967345092236
  0.68610638985562433  0.69563733152962781  0.70513544737392320  0.71428128827554827
  0.72312401536818294  0.73187431895967292  0.74045604512884988  0.74878671626547078
  0.75692539313201446  0.76492239961113195  0.77274677072096687  0.78033898147324221
  0.78786748457465616  0.79511370650757685  0.80209398308341240  0.80888981481779321
  0.81542395537861900  0.82179277738565804  0.82807892079401468  0.83428321360075142
  0.84028955723284859  0.84619453578853865  0.85195161671220354  0.85746825601548637
  0.86272976459105055  0.86789587843417360  0.87302072378210349  0.87794743101751826
  0.88262944866766158  0.88722975274793281  0.89180393397422575  0.89632682399878216
  0.90071588966957894  0.90493977599575359  0.90904122554009048  0.91309498743608064
  0.91706616762360205  0.92083949152623157  0.92448212238114491  0.92800047548378606
  0.93144048986361916  0.93484358140129031  0.93817075350124512  0.94129236792966309
  0.94430856046444867  0.94720095042014951  0.94994836178500064  0.95260280364824301
  0.95520686665566146  0.95772939745659136  0.96007911983887029  0.96225744072764452
  0.96444957166067191  0.96651265839442324  0.96848368204506075  0.97039025017040526
  0.97224539519138453  0.97405419853695696  0.97582249801274779  0.97756590279575040
  0.97934043643887414  0.98093648153054336  0.98247349757612357  0.98395278229526517
  0.98536858674652827  0.98672628056065426  0.98805565326495115  0.98938767428425856
  0.99071485690363859  0.99202831474594588  0.99331274670088843  0.99457703459427216
  0.99582390976372603  0.99708018947391475  0.99847091358360485  1.00000000000000000
 -0.00865928933331592  0.06086844562983188  0.09953394044487492  0.12279514962280448
  0.13948602314380903  0.15356083752895550  0.16600906437476864  0.17771129456232460
  0.18855387545306576  0.19859501253050460  0.20803911992886220  0.21691137053584167
  0.22522300885542226  0.23311807544761290  0.24077092615313880  0.24846900471424760
  0.25632370009869782  0.26413091354298379  0.27168101383844573  0.27911244011781805
  0.28653140337788219  0.29373848031338812  0.30060173244865090  0.30744575225441023
  0.31425871790883053  0.32117827765601903  0.32817380610661678  0.33501763524004302
  0.34173222876652143  0.34817097664066243  0.35465463991733320  0.36127011434364897
  0.36799688919633999  0.37464321027184222  0.38116209943485002  0.38771658320525898
  0.39444445194407224  0.40148201676760953  0.40874516187667642  0.41580614959015927
  0.42271626256081063  0.42949092063335204  0.43619416008014034  0.44287000070484578
  0.44961070461002611  0.45657100200907019  0.46347974219091997  0.47035877424510436
  0.47729000471697719  0.48432892660577415  0.49147493039989287  0.49857132263221804
  0.50562253277908098  0.51269488938019703  0.51981045055711306  0.52693468426553736
  0.53392792771016984  0.54070615436976666  0.54772506551448563  0.55471669013543867
  0.56194946404081014  0.56921871406984981  0.57659608044427602  0.58410267849532926
  0.59179545851941440  0.59967550665454039  0.60765167774417461  0.61571235948257896
  0.62386771727323154  0.63209411573589791  0.64037499677668241  0.64872331902273728
  0.65745554358824287  0.66604688771775000  0.67383131137818475  0.68157700530243415
  0.68953873840850155  0.69753648354345599  0.70552867668404096  0.71361061294354300
  0.72152380697778107  0.72993717150382498  0.73938821932531207  0.74942555340163497
  0.75964893789961119  0.77053101568822424  0.78257667866975589  0.79563801062081874
  0.80966523139041202  0.82339671391395486  0.83482896693762254  0.84888141068975598
  0.86340530113981073  0.88365752907723705  0.90964583865956383  1.00000000000000000
   1.7642925615052084E-008  -1.0000000000000000     
 F F F F F F F F F F F F T T T T F F F F F F F F T T T T F F F F F F F F T T T T F F F F F F F F T T T T F F F F F F F F F F F F F F F F F F F F F F F F F F F F F F F F F F F F F F F F F F F F F F F F F F F F F F F F F F F F F F F F F F F F F F F F F F F F
  <DiscreteSampler_grid>
  grouped_processes
  1 # 1 for a reference and 2 for a running grid.
  10 # Attribute 'min_bin_probing_points' of the grid.
  1 # Attribute 'grid_mode' of the grid. 1=='default',2=='initialization'
  0.0000000000000000 # Attribute 'small_contrib_threshold' of the grid.
  0.5000000000000000 # Attribute 'damping_power' of the grid.
 # binID   n_entries weight   weight_sqr   abs_weight
    10   10   5.314172080634155E+001   2.737939739633352E+004   5.314172080634155E+001
    16   10   5.314172080634154E+001   2.737939739633351E+004   5.314172080634154E+001
  </DiscreteSampler_grid>
