  0.00000046047269046  0.00000070375771218  0.00000087302155817  0.00000099743062319
  0.00000110937959892  0.00000123508254717  0.00000140139941553  0.00000157008914710
  0.00000170634949260  0.00000181466684537  0.00000191599180571  0.00000203999057437
  0.00000218737643001  0.00000232484571907  0.00000248431651403  0.00000267222785422
  0.00000284598147205  0.00000301464380138  0.00000318252837370  0.00000335783548126
  0.00000355481591489  0.00000378313225020  0.00000407835615365  0.00000439057993872
  0.00000464802462949  0.00000484195093331  0.00000500899750856  0.00000518442203363
  0.00000535628587863  0.00000559280180490  0.00000587603353672  0.00000617432984977
  0.00000652001504111  0.00000693043283484  0.00000735802917985  0.00000776660320517
  0.00000810748121727  0.00000846006970602  0.00000884292852893  0.00000922762245430
  0.00000963324395606  0.00001013118246356  0.00001050925475750  0.00001092501032430
  0.00001140318462245  0.00001198879766675  0.00001266421413112  0.00001346588474885
  0.00001443306818699  0.00001537048344172  0.00001634112115632  0.00001738614148858
  0.00001842820986672  0.00001961577359611  0.00002103759638346  0.00002257105307146
  0.00002416743744991  0.00002590401075116  0.00002792205660464  0.00003032612730379
  0.00003309908132883  0.00003613096501974  0.00003939040168340  0.00004312551809973
  0.00004748954536494  0.00005207615455863  0.00005689427809625  0.00006261993114234
  0.00006848893187628  0.00007495995608389  0.00008203671009091  0.00009012105464957
  0.00010082807238002  0.00011349779340824  0.00012721806078609  0.00014322725542164
  0.00016216681974097  0.00018659784438856  0.00021561591079048  0.00024861418938639
  0.00028207017351780  0.00031517905839422  0.00035758610568566  0.00040413210620391
  0.00046165107924296  0.00053889886904008  0.00066353092220342  0.00080361721961111
  0.00090705941175738  0.00104272595362311  0.00120016674940693  0.00137326908903642
  0.00177301243551843  0.00272335927444954  0.00457375526780095  1.00000000000000000
  0.00000041369950876  0.00000952884382366  0.00001337072587442  0.00001743979397491
  0.00002180447183393  0.00002611731083361  0.00003163125629060  0.00004019165171653
  0.00004903430039168  0.00005789800941025  0.00006815506361774  0.00008077462392484
  0.00009493545521922  0.00010805791587810  0.00012094116651137  0.00013491654086046
  0.00015023231487010  0.00016562688073795  0.00018221786109475  0.00019885190610043
  0.00021818938372614  0.00023872753305363  0.00026169380894137  0.00028770350531670
  0.00031301644805054  0.00033762226013263  0.00036284391610785  0.00038756889286431
  0.00041112585279760  0.00043680455058999  0.00046173319640396  0.00048532804150915
  0.00051023811288414  0.00053584197329057  0.00056499139466253  0.00059948374517074
  0.00064111506520094  0.00068179050097775  0.00072114334726510  0.00076370088354157
  0.00080528636086126  0.00084951543137430  0.00089290431450918  0.00093434047615547
  0.00097174056924690  0.00100499616747649  0.00103994268807875  0.00108082405913736
  0.00111773639738157  0.00115014333477053  0.00119350508090033  0.00124894301636114
  0.00129839820940804  0.00134300975725388  0.00138639311605131  0.00143077142385498
  0.00147387731347196  0.00152058304722807  0.00159265648885217  0.00168149923905797
  0.00177708331471078  0.00188167917161286  0.00199057694183139  0.00210004877892591
  0.00221841113105372  0.00234823464530207  0.00248297699690483  0.00262817719598376
  0.00277123654543796  0.00291458617599541  0.00305632484659718  0.00324697043759413
  0.00347025566554784  0.00371444941452505  0.00398010509930397  0.00427934000682340
  0.00460658891754131  0.00496068467348545  0.00534562844266539  0.00574376745367881
  0.00616472572338032  0.00659000287866677  0.00701290333888202  0.00738483869435079
  0.00774210377302686  0.00815361320797510  0.00863629406627940  0.00923016341659155
  0.01001077005903678  0.01083080475475594  0.01194965174978680  0.01316912495413773
  0.01514788567880426  0.02251425520333229  0.03071163740171478  1.00000000000000000
  0.00000067586896109  0.00000093239312369  0.00000107669916843  0.00000120094629296
  0.00000130422788824  0.00000140985125556  0.00000151819647867  0.00000169339060479
  0.00000189449611401  0.00000214528324130  0.00000237971714088  0.00000261655128255
  0.00000287041743635  0.00000314654763959  0.00000348718325381  0.00000389118182209
  0.00000428142773835  0.00000462565663203  0.00000493215342013  0.00000524637760628
  0.00000560022735128  0.00000591738112801  0.00000624826638443  0.00000658555629903
  0.00000698040572402  0.00000732415354273  0.00000766462725054  0.00000800084359080
  0.00000834957076826  0.00000866716806225  0.00000901354599987  0.00000937179440654
  0.00000965045256146  0.00000993857938301  0.00001022841197633  0.00001054689023927
  0.00001106043176623  0.00001168931103354  0.00001237963711740  0.00001310899525836
  0.00001385187805622  0.00001456297633691  0.00001526649966593  0.00001593513555622
  0.00001667738251795  0.00001774761777865  0.00001895314496929  0.00002024284511598
  0.00002175932545884  0.00002348580792104  0.00002528435445289  0.00002712156243787
  0.00002882417898917  0.00003074047185857  0.00003259479136741  0.00003480015727175
  0.00003710661211453  0.00003980865566092  0.00004276478054005  0.00004576966643873
  0.00004884071144322  0.00005206337589142  0.00005542565760092  0.00005882718246680
  0.00006275133143902  0.00006759899286834  0.00007320863650168  0.00007944761531365
  0.00008626919885531  0.00009423177880491  0.00010264852750825  0.00010991932414173
  0.00011777520797713  0.00012725229247395  0.00013541777843945  0.00014387060750361
  0.00015517937822482  0.00016713398137076  0.00018278563636019  0.00020534523273212
  0.00023021034289924  0.00025911523713863  0.00029477123457679  0.00033201965399355
  0.00037338245838360  0.00042791279142711  0.00050727435837000  0.00060603956856846
  0.00071695381570395  0.00085194812516720  0.00105444078436478  0.00136887193128506
  0.00194384358752313  0.00303902566511154  0.00392784155129164  1.00000000000000000
 -0.00613338404561541  0.02023818364948681  0.03927872877940539  0.05492684560342140
  0.06792931427822024  0.08013520416006613  0.09440953971127296  0.10867182689488637
  0.12325649411744517  0.13815860353402851  0.15140816724188225  0.16558516801480541
  0.18036450166927648  0.19915641060374256  0.21841797620358500  0.23622717370796212
  0.25336441878960109  0.26772286619017593  0.28214324079256936  0.29748502449480052
  0.31194760341221400  0.32557158751576465  0.33676923189861696  0.34482089766535595
  0.35159995749408124  0.35714991609651225  0.36453624601518297  0.37245136126541051
  0.38397284657543856  0.39900949434268135  0.41546461707567717  0.43221843990702169
  0.44883677514746989  0.46499982281417396  0.48149868038766092  0.49628452876174262
  0.50758225432262749  0.51781125191009514  0.52764226158763849  0.53758150025012119
  0.54738146952567568  0.55827667146602145  0.57003768634127994  0.58061163988281927
  0.59082774303343499  0.60081721273955491  0.61226442243195200  0.62490684057768831
  0.63703648401548751  0.64943119640867653  0.66046087989869595  0.67170932043496567
  0.68287589699219398  0.69324015110608761  0.70241794966404769  0.71072101820109401
  0.71917178729312348  0.72772031804868054  0.73688801149963246  0.74646925185191715
  0.75672812486058338  0.76745658307692177  0.77901331625761228  0.78967074917013691
  0.79929211011211965  0.80934305157812447  0.81769688022409537  0.82372154236585660
  0.82996451008629157  0.83650574865243066  0.84383047696459546  0.85053104037359251
  0.85857656343666755  0.86793483615222145  0.87588460677679802  0.88229171659811167
  0.88860718743302591  0.89302241570301910  0.89700856104199311  0.90133590912747352
  0.90603098082066735  0.91156958972521562  0.91793384774155740  0.92433639642506105
  0.93062123625214266  0.93743423278249982  0.94534431866067237  0.95356311782407510
  0.96054427054699443  0.96734576289964458  0.97207996529637297  0.97702995438938178
  0.98208449220419058  0.98736467278711126  0.99358613759974590  1.00000000000000000
 -0.00385973509470923  0.01379434354515671  0.02677650722914894  0.03994650379805396
  0.05149934317943466  0.06247611440817118  0.07395832533963403  0.08631384386230528
  0.09988539815875946  0.11304826435571315  0.12630591458026480  0.13839314553231649
  0.14982339813342682  0.16050930301383892  0.17112396121170037  0.18196559600619919
  0.19198384729030860  0.20038436236822418  0.20674549910924722  0.21218426065545853
  0.21787245807143704  0.22615752253886354  0.23653730757569918  0.24649744773689072
  0.25722377069744290  0.26783158818073605  0.27645010340556897  0.28450918451021201
  0.29236946387359120  0.29984115619094664  0.30865560418723503  0.31785121983225056
  0.32460468717554347  0.33208047084796982  0.34097113862442019  0.35054603859443789
  0.36182974685970004  0.37434277731208715  0.38810401546917939  0.40212309234071064
  0.41503574185442371  0.42768744209453530  0.44152945853145575  0.45479469754821855
  0.46720326064853218  0.48020304499917799  0.49276177245783997  0.50409728556632138
  0.51523274305209010  0.52678533123251858  0.53851178279681000  0.55021932275292196
  0.56185438611328209  0.57319422430313549  0.58377035556673085  0.59313598282860580
  0.60214619196841701  0.61368486396661648  0.62709606298507614  0.63898121029370147
  0.65077552107337266  0.66303192691554236  0.67244185267242207  0.68025861035031721
  0.68778504856352884  0.69617375609578802  0.70493953454597802  0.71226475480795848
  0.72259157623010795  0.73506104846747067  0.74504911444243060  0.75658602003752573
  0.76763353726993822  0.77954044018904289  0.79266556391973386  0.80448277441242899
  0.81603135275960392  0.82699914769025562  0.83783661658199204  0.84947620160497561
  0.86098576643530245  0.87443977290825281  0.88315294139846945  0.89074017891102231
  0.89795564712488574  0.90420277523285564  0.91226231600773577  0.92231229216816690
  0.93248418233073627  0.94089455519633558  0.94737675951576406  0.95439474039601668
  0.96385416646313693  0.97573007416863922  0.98713292423568011  1.00000000000000000
 -0.00473698439927572  0.01399138209250075  0.02933667337276639  0.04200358356982811
  0.05276268837619247  0.06238748036412269  0.07149435357056684  0.08033303191193586
  0.08875831994343070  0.09791686793683589  0.10713175422207193  0.11548148551643588
  0.12289082662760575  0.13325219838041549  0.14516550889989585  0.15611137999604471
  0.16637942389781574  0.17565704746593683  0.18549510618481935  0.19407499373329223
  0.20329097960479567  0.21410814731972824  0.22546104868159350  0.23623579466885108
  0.24654536836602881  0.25597414659717233  0.26565102412956104  0.27452040339670808
  0.28220597395469588  0.29009361199285644  0.29822229962937069  0.30721346912521758
  0.31747428940366390  0.32772571605587641  0.33595815176698113  0.34406914042862674
  0.35241099149898814  0.35951350340253541  0.36897599299798967  0.38122025749833055
  0.39469683029250124  0.40789033160430871  0.41839832237437380  0.42804286310109463
  0.43816578518733607  0.44993631751689722  0.46389101545485556  0.47800949120385539
  0.49168128642277481  0.50498107104565804  0.51756710375022874  0.52957448679665897
  0.54088589501554840  0.55192809763750939  0.56298505074800143  0.57413149261862817
  0.58571781008981683  0.59688458202997363  0.60961271519833071  0.62171675045456587
  0.63256033078260754  0.64307926570293272  0.65452653667379979  0.66654938379666429
  0.67876260443521641  0.69042910997685591  0.70128939821714908  0.71264854162107183
  0.72409672299454952  0.73403858515856513  0.74287511740289003  0.75144987612211012
  0.76085260199864857  0.77080234566839378  0.78224055526800085  0.79463697957280344
  0.80537872311793579  0.81478055510514535  0.82314752349001519  0.83138762121472476
  0.84016955570695617  0.85115028965047790  0.86325847186818072  0.87487807205410151
  0.88629367139282500  0.89767280964665752  0.90808048846886624  0.91776836959665042
  0.92717540540085686  0.93704526010130318  0.94704752772705825  0.95783366846016549
  0.96964080221173821  0.98032147731972541  0.99027947559040463  1.00000000000000000
 -0.00000220578094800  0.00000308427711105  0.00001037609553443  0.00002016374029942
  0.00003830310667811  0.00005944525481278  0.00008223768062958  0.00010700135104298
  0.00013722921845034  0.00016479640492608  0.00019072113009703  0.00021521329204311
  0.00023585330307413  0.00025930508079265  0.00028348639099257  0.00030838509713609
  0.00033454508871656  0.00036229511328091  0.00039244800059580  0.00042205424011903
  0.00045103311423748  0.00047891102012610  0.00050689591867966  0.00053574622629412
  0.00056548551689472  0.00059621279318707  0.00062716724234348  0.00065693878147279
  0.00068664432673660  0.00071631592221468  0.00074725192033559  0.00077923409877249
  0.00081282580897040  0.00084758576558784  0.00088315137028505  0.00091847349058099
  0.00095364422508513  0.00099042026354358  0.00102882657639958  0.00107163239175830
  0.00111748729153175  0.00116406742290219  0.00121097317193702  0.00125619620755332
  0.00129934097800225  0.00134093931388209  0.00138594726806056  0.00143452819433253
  0.00148820715050674  0.00154841621078881  0.00161255417660326  0.00167848501358603
  0.00174559478646339  0.00180741272755516  0.00184969415073625  0.00188295827104209
  0.00191819026545220  0.00195301620323399  0.00198755793355462  0.00201952206854074
  0.00207057284253461  0.00214229307157443  0.00221457616339065  0.00228289559619757
  0.00234581788646070  0.00240997146154142  0.00248343881743613  0.00256544328328925
  0.00265664538577779  0.00275385333725569  0.00287654002473848  0.00299569005679614
  0.00311447379876157  0.00321499066235657  0.00329813015495981  0.00339427204249994
  0.00349782392422994  0.00367013299973831  0.00382702791618128  0.00395747040000167
  0.00410613383663258  0.00423328338761958  0.00442875673718261  0.00463519302024668
  0.00484681787865509  0.00511858833506049  0.00536836123536345  0.00562002095387581
  0.00584442157881557  0.00612048068344431  0.00658342853185655  0.00703466082283036
  0.00758317352127005  0.00836983046452643  0.01127137472371864  1.00000000000000000
 -0.00536341519673322  0.02330885642611210  0.03415334506488117  0.04689939245872640
  0.05998627937479100  0.07218839751117241  0.08088856528432146  0.08977687747140313
  0.10057758162455192  0.11119659765192341  0.12346324668025904  0.13703210763906920
  0.14837838059861583  0.15752394782073981  0.16492029197477764  0.17153249171746840
  0.17804063146269181  0.18498106182911153  0.19397725710084088  0.20239421102044894
  0.21248579852070371  0.22217046133158552  0.23168569390737995  0.24041770040692453
  0.24985789839125569  0.25980643986397783  0.26832201342929268  0.27776524345548403
  0.28878271593284677  0.30124826953757766  0.31330965388371684  0.32376106831175777
  0.33419477371642670  0.34364395456784280  0.35271754998697902  0.36175013225558567
  0.36971589008395622  0.37748688190540580  0.38540358456429924  0.39433356909674139
  0.40455325386830682  0.41443139378242438  0.42358433398158934  0.43242218527011383
  0.44161702930724339  0.45128557497918736  0.46057844813936843  0.46920511627310318
  0.47863239592539475  0.49055900269168395  0.50302029167131979  0.51329047075484779
  0.52233204865785021  0.53119934368916977  0.54089254168727019  0.55248868916048499
  0.56348273091423262  0.57255149844275544  0.58132627750948407  0.59055430231911721
  0.60070717159949827  0.61153127147536857  0.62311212579195840  0.63401717063014418
  0.64435694805428645  0.65438130752339152  0.66433300131761419  0.67540240118571726
  0.68693935389313521  0.69784417165736545  0.70829159891998605  0.71802566511559840
  0.72763567597531664  0.73768392176128716  0.74718944557645062  0.75474693806386650
  0.76234631842815326  0.77098929901566771  0.77973775545953405  0.78881963405089039
  0.79861132989793593  0.80927721661045948  0.82055326456809241  0.83173026007872708
  0.84209034992452292  0.85195071654130849  0.86211197227152292  0.87238116165605673
  0.88321224615887362  0.89543986771922479  0.90860302567689111  0.92433742779509720
  0.94320620760717422  0.96370945378481399  0.98275583266408617  1.00000000000000000
  0.47770084257465212  0.49395735369608562  0.54024201517851300  0.58651154755252921
  0.62078698319251413  0.65751240844771064  0.68883409651616179  0.70599517143514379
  0.72207779936175276  0.73915355142289374  0.75364786816697404  0.76639925415439758
  0.78158935010827923  0.79644560244086438  0.81138848969708544  0.82677948378432020
  0.83959822508369397  0.85071484381822060  0.86066297683055459  0.86984497532266680
  0.87786559926475161  0.88544903561423394  0.89303169360274526  0.90015132569523515
  0.90680114675183099  0.91259596115113117  0.91795137894963319  0.92263194006448124
  0.92755321889309417  0.93193364239070109  0.93603022518712109  0.93961524006064046
  0.94307006306280172  0.94646567598578057  0.94979094853980384  0.95290769201132097
  0.95587987343872916  0.95851739762445953  0.96076400348741053  0.96282884692637172
  0.96476172195013066  0.96656201492348892  0.96816241292602212  0.96968886398701915
  0.97113778088883207  0.97250362650923317  0.97379263297529961  0.97492508122269816
  0.97593158453778051  0.97687812504208726  0.97791873140334329  0.97905299159426140
  0.98011710879872682  0.98079247518857993  0.98134357877152589  0.98175728788410566
  0.98216920827652143  0.98259187409874704  0.98303606152684941  0.98355964300889642
  0.98405535164010893  0.98443154390908094  0.98485736107171307  0.98531614438183102
  0.98578765473042118  0.98626640746902472  0.98688728386650526  0.98746042004357093
  0.98799808814959089  0.98850257121696727  0.98896614656514381  0.98945947615214846
  0.98994103023703617  0.99040440790077622  0.99078609827792963  0.99113430946693604
  0.99145382569026719  0.99173377525485840  0.99208590194837842  0.99247814076687146
  0.99281679451820026  0.99307858551749273  0.99336040428088723  0.99367353389313107
  0.99397015573859504  0.99424130717097059  0.99449841301363484  0.99472997133400676
  0.99494875912529890  0.99516518290049139  0.99544255100082890  0.99594725164464026
  0.99661490555064636  0.99747201079587888  0.99829659825656802  1.00000000000000000
  0.09490349565612773  0.10882279400401922  0.14949028741025286  0.18242799557861297
  0.20409600507739328  0.21861805618594565  0.23309525997508404  0.24606725353599060
  0.25747706090928274  0.26725667605593684  0.27666199038103406  0.28709531005829786
  0.29887310197066835  0.31122179838756464  0.32245947189526453  0.33244206907185392
  0.34096502865038136  0.34831256135758260  0.35553909324150101  0.36249734317071158
  0.36983285627958834  0.37677866138842298  0.38343607540467262  0.39068032103244249
  0.39748530283444056  0.40383146196345471  0.41031669147034805  0.41727421418664062
  0.42474809581940642  0.43246177651644518  0.43960064005376981  0.44567797697199601
  0.45166746133908309  0.45735664058590692  0.46247317798286575  0.46953899991800463
  0.47489552866391277  0.47947448711234508  0.48428024338899145  0.48915669791652916
  0.49472283193282834  0.49988307737412252  0.50460418230794024  0.51111275585074822
  0.51923098999612294  0.52770075879171074  0.53528982993430152  0.54132190045788731
  0.54556704895942432  0.54949064917495793  0.55483516104526165  0.56093660467028827
  0.56666069185737700  0.57171074444936421  0.57659012300149803  0.58055076748359424
  0.58477852331806734  0.58954903068287046  0.59439111309692938  0.59914530438848346
  0.60446517649678577  0.61048171983605792  0.61535411210555224  0.61921749668983139
  0.62293783466769292  0.62687737873995775  0.63224954081676288  0.63900155796052316
  0.64565025954464828  0.65163263507416624  0.65761647024305392  0.66414520384793230
  0.67132919523352674  0.67834941733006193  0.68466048066112006  0.69076761276678889
  0.69691167631713857  0.70300930238939852  0.70998045356710993  0.71809784355120776
  0.72768490745915193  0.73772329414417237  0.74653904959466300  0.75420440489242202
  0.76092788284694490  0.76787763009503840  0.77578944408569250  0.78529320998223573
  0.79636410355344678  0.80651881130549774  0.81720104014779904  0.82958652983781866
  0.84416056554902807  0.86601984201150617  0.90293049125255787  1.00000000000000000
   4.9643155688431516E-012  -1.0000000000000000     
 F F F F F F F F F F F F T T T T F F F F F F F F T T T T F F F F F F F F T T T T F F F F F F F F T T T T F F F F F F F F F F F F F F F F F F F F F F F F F F F F F F F F F F F F F F F F F F F F F F F F F F F F F F F F F F F F F F F F F F F F F F F F F F F F
  <DiscreteSampler_grid>
  grouped_processes
  1 # 1 for a reference and 2 for a running grid.
  10 # Attribute 'min_bin_probing_points' of the grid.
  1 # Attribute 'grid_mode' of the grid. 1=='default',2=='initialization'
  0.0000000000000000 # Attribute 'small_contrib_threshold' of the grid.
  0.5000000000000000 # Attribute 'damping_power' of the grid.
 # binID   n_entries weight   weight_sqr   abs_weight
    10   10   3.065710388594294E-003   8.572086660410536E-005   3.065710388594294E-003
    16   10   3.065710388594294E-003   8.572086660410536E-005   3.065710388594294E-003
  </DiscreteSampler_grid>
