  0.00000032690817565  0.00000038179499164  0.00000043431511050  0.00000048344899736
  0.00000051211519632  0.00000053973912730  0.00000056850675911  0.00000060028675683
  0.00000063662106803  0.00000067122094778  0.00000070191123126  0.00000072599115977
  0.00000074544838438  0.00000076460307076  0.00000078604514065  0.00000081225202471
  0.00000084401562291  0.00000087846115241  0.00000091434402103  0.00000095249527094
  0.00000099284268379  0.00000103342327330  0.00000107431615500  0.00000112646443629
  0.00000118806398297  0.00000125133052767  0.00000131478239004  0.00000137975204746
  0.00000145052325243  0.00000151756018668  0.00000158801040422  0.00000166482650977
  0.00000175047145006  0.00000184811407840  0.00000194751677009  0.00000206831435204
  0.00000220451417231  0.00000235660274351  0.00000253322715685  0.00000272049234609
  0.00000291185539579  0.00000311062220365  0.00000331978772189  0.00000353852167163
  0.00000377191220957  0.00000404297297709  0.00000430941852464  0.00000456957719669
  0.00000483023686647  0.00000511363605274  0.00000542230012121  0.00000574707481564
  0.00000610613569210  0.00000648022248428  0.00000682743247632  0.00000718116330925
  0.00000764448814137  0.00000811970455458  0.00000875847663672  0.00000949422834471
  0.00001023818977288  0.00001103979486932  0.00001186956230423  0.00001288309108742
  0.00001415588198894  0.00001552187057096  0.00001684755372235  0.00001817223983173
  0.00001961840079270  0.00002131806019412  0.00002333120405306  0.00002576165938943
  0.00002832555320526  0.00003142554674081  0.00003477705731071  0.00003905447227611
  0.00004387717323778  0.00005009018286003  0.00005735857822233  0.00006561765680399
  0.00007453699334853  0.00008507080324899  0.00009723433910221  0.00011313104807508
  0.00013415694579505  0.00016369983164702  0.00020680032651524  0.00026237044081353
  0.00032982835698563  0.00042154763728066  0.00056617366178936  0.00083909618161921
  0.00114340378891936  0.00187370300276213  0.03056708505112952  1.00000000000000000
  0.00000056840544073  0.00000059566061751  0.00000062111604450  0.00000064755543487
  0.00000067291266238  0.00000069911816872  0.00000072747735266  0.00000076396870093
  0.00000080021128941  0.00000083736562110  0.00000087281115637  0.00000090941859819
  0.00000094568184987  0.00000097745003515  0.00000101069039945  0.00000104220353143
  0.00000107212787350  0.00000110749986376  0.00000115448657883  0.00000121289010300
  0.00000127708756106  0.00000133816484032  0.00000141484611888  0.00000150236455662
  0.00000159509443472  0.00000168239752407  0.00000177588967903  0.00000188291876442
  0.00000200824580478  0.00000214920043294  0.00000230591058378  0.00000248294874012
  0.00000266866246726  0.00000285408653805  0.00000304718404151  0.00000324769203816
  0.00000346332371874  0.00000370567125508  0.00000397254776720  0.00000427985714436
  0.00000458075295026  0.00000487358444678  0.00000518180952203  0.00000551701313952
  0.00000587742611615  0.00000626357449655  0.00000663110757278  0.00000704772549275
  0.00000756772837282  0.00000814690948314  0.00000878063080917  0.00000944144107132
  0.00001009698425884  0.00001077880458618  0.00001146270197281  0.00001212774630651
  0.00001282864238854  0.00001358126189632  0.00001445164152863  0.00001548648588803
  0.00001661714010445  0.00001784444014739  0.00001914401746423  0.00002050703512976
  0.00002203682275319  0.00002377064416182  0.00002590141958083  0.00002809747411260
  0.00003070808988706  0.00003366667705155  0.00003739248114746  0.00004174274816074
  0.00004705459997619  0.00005347020664631  0.00006117905347973  0.00007040968024731
  0.00008053191394630  0.00009210823570456  0.00010560750310955  0.00012168348686973
  0.00014186743946659  0.00016614813505241  0.00019504855379750  0.00023462532716721
  0.00027969781016976  0.00032808976613210  0.00038925384725704  0.00046391007776688
  0.00055204560214455  0.00065474796136786  0.00082890278426270  0.00111664427530326
  0.00162707212602747  0.00249474363521995  0.00443425404490703  1.00000000000000000
  0.00000208689262989  0.00000316675661594  0.00000384947465002  0.00000445643999842
  0.00000509707806259  0.00000564301477637  0.00000611791962218  0.00000656957708338
  0.00000705286946632  0.00000748227671329  0.00000785191822272  0.00000821571348797
  0.00000859554454309  0.00000897340045381  0.00000936335192901  0.00000978973809979
  0.00001025949416830  0.00001072671204735  0.00001120522006887  0.00001168855732200
  0.00001221531685114  0.00001283781980246  0.00001350698332198  0.00001420059914501
  0.00001495625566866  0.00001577116511649  0.00001666098173126  0.00001767059193372
  0.00001873020623523  0.00001987682880419  0.00002108599883480  0.00002250427573021
  0.00002410572301602  0.00002584633014667  0.00002771037772219  0.00002962263262064
  0.00003153087723026  0.00003352881268609  0.00003571119045833  0.00003815791018284
  0.00004078932026615  0.00004338333119015  0.00004604241309394  0.00004897699184898
  0.00005247749256065  0.00005705885423524  0.00006280609295869  0.00006886722051544
  0.00007538005391003  0.00008223540284091  0.00008955032777338  0.00009767459482297
  0.00010675140071021  0.00011743294975584  0.00013120396163018  0.00014852282112225
  0.00016771641878861  0.00018948912684570  0.00021377128795941  0.00023772408259879
  0.00026304632297464  0.00029037263318282  0.00032068757858911  0.00035380444993868
  0.00039010902547558  0.00043029416084912  0.00047554486358057  0.00051231661849805
  0.00054972298507384  0.00058460479919502  0.00061290547025508  0.00065413007233811
  0.00069550723612315  0.00074036147202431  0.00079626173552636  0.00085525221867904
  0.00090450667069296  0.00095209144768174  0.00100095119948317  0.00106665043394339
  0.00111485518976493  0.00115664683128743  0.00119969721809062  0.00124352581434430
  0.00128408372842903  0.00133067388774566  0.00140169255329283  0.00152590284920683
  0.00163516930968105  0.00186687123594217  0.00218340981650410  0.00268865583888528
  0.00320127226513892  0.00377797001457209  0.00461549660022694  1.00000000000000000
 -0.00212023816073462  0.01173715158026344  0.02539988842890644  0.03864292552766209
  0.05501254831648561  0.07047661759036572  0.08340613695178233  0.09601000814175077
  0.10754044376447304  0.11742391974280504  0.12782053729544185  0.13794235234433963
  0.14858711724885532  0.16052314604784571  0.17400338449295075  0.18849209491929295
  0.19951342637159653  0.20981383415509602  0.22067023273750036  0.22978627397605822
  0.23809443972305896  0.24685021002403473  0.25700941374971731  0.26749829865908481
  0.27720431045635663  0.28718700043547157  0.29868222462488625  0.31081292149606266
  0.32231909581836399  0.33351813902033667  0.34517080698663771  0.35623486963016199
  0.36522990515327203  0.37419256652065425  0.38238203889080047  0.39021182556676948
  0.39828528694442861  0.40675868231668411  0.41537916954647502  0.42449545669827704
  0.43374059163370660  0.44366986524844015  0.45532775391869218  0.46682397481890975
  0.47792802383139332  0.48910658554326802  0.50093730928745162  0.51504329960656825
  0.52757267587235990  0.53934368180146386  0.54968228524490093  0.56159047008850893
  0.57101378724249585  0.58066235038689118  0.58899846769295361  0.59726568926152623
  0.60572121332389095  0.61513716929679740  0.62585688916439774  0.63750233643305221
  0.64961185462159321  0.66163578873032425  0.67291851475824793  0.68423315663205042
  0.69603961763168731  0.70756649623432710  0.71897062460256267  0.73022147938161197
  0.74074235929201571  0.75083433673118394  0.76000303185631957  0.76922395065869609
  0.77890138871507530  0.78886037829168609  0.79935329958208456  0.81025060144544581
  0.82081229934361688  0.83016262016644315  0.83882752577989472  0.84746969135734718
  0.85641259212142207  0.86602149198015521  0.87623496006779433  0.88692584659179852
  0.89806570173770206  0.90939358633520795  0.92048598053968822  0.93136058905908459
  0.94164668407338925  0.95190648664453681  0.96075111493849297  0.96901269419347802
  0.97735822189913502  0.98516954554676317  0.99268983950761247  1.00000000000000000
 -0.00165657316144609  0.00863870217382273  0.01753230916582121  0.02659605266736718
  0.03643801312664410  0.04742520295666781  0.05913960669623620  0.07074162437626280
  0.08185446969974955  0.09248655386497744  0.10423496927525054  0.11756809373227847
  0.13074403021781034  0.14290686580637749  0.15117802947646894  0.15932760429990730
  0.16800001535226528  0.17652285419438277  0.18466391263893397  0.19251513505379156
  0.20074429327932963  0.20782881152130983  0.21625078484966545  0.22535247959501201
  0.23379777405425653  0.24521306027876424  0.25487819439368770  0.26466441853440353
  0.27459019944847740  0.28423114527824578  0.29493598758633871  0.30599999503901404
  0.31686926644072327  0.32700118399999950  0.33647467102727163  0.34569191420688983
  0.35490063304806235  0.36436347975396077  0.37398233956655591  0.38371620441057508
  0.39296330724198142  0.40280823742253052  0.41300526578843366  0.42348267646263582
  0.43398060197593213  0.44338140044703023  0.45249758995113454  0.46208466723630193
  0.47123341577078603  0.48060496748295173  0.49041728458928541  0.50076869613006303
  0.51168911095137859  0.52299438554377309  0.53457465126741921  0.54626672575330415
  0.55822200352242124  0.57118384983320059  0.58475687024188705  0.59878746260433080
  0.61329950518091902  0.62746949128082330  0.64102839424239133  0.65377015177875797
  0.66419162574834478  0.67555930760427563  0.68717071407455221  0.69905934659391256
  0.71165795466676418  0.72433510502184550  0.73499466696485150  0.74316119680832537
  0.75102988032110884  0.75959415763423510  0.76948061929860045  0.78001404258646267
  0.78921554230913715  0.79999003259991963  0.81123954387127872  0.82176083364963293
  0.83204024953399236  0.84247834950012468  0.85362657050738744  0.86464515582974477
  0.87588273139815176  0.88686172745401848  0.89772405061353533  0.90852618039157174
  0.91975669262922033  0.93133759199232813  0.94311177749102482  0.95510571128921340
  0.96681769034007514  0.97817728512413449  0.98945095740781308  1.00000000000000000
 -0.00115730883583008  0.00677622690976584  0.01414945011508244  0.02144632535001121
  0.02943951179444869  0.03797794848132598  0.04640966737146368  0.05410940643151400
  0.06180040853597585  0.06968741778179782  0.07826426059355217  0.08717455699731055
  0.09592540756843188  0.10466900020599597  0.11336597106622817  0.12159407940520967
  0.12992182276962580  0.13850759122040540  0.14756999875183210  0.15704082912012535
  0.16688475177252460  0.17722390463148330  0.18811752081843602  0.19830713382055642
  0.20656220518405538  0.21367712993099031  0.22067715051912742  0.22898315568403613
  0.23872880551242120  0.24889832715315280  0.25950113905630157  0.27013990093740914
  0.28063441540990258  0.29114749069872736  0.30153693022353917  0.31162404285273249
  0.32175757645790770  0.33223552756881580  0.34308737069370454  0.35399521940600737
  0.36407878049406656  0.37373198372533789  0.38388126700718317  0.39454786637148775
  0.40573981579811241  0.41585855652125742  0.42537801429656497  0.43478034425545536
  0.44505813850213971  0.45552697283785493  0.46617226046896826  0.47679313477099144
  0.48831794348943064  0.49930046899954450  0.50893399936874006  0.51807550879306030
  0.52739025813116658  0.53753222949854496  0.54883177888015078  0.56097692513673325
  0.57338875654294752  0.58567148468484831  0.59766073246332463  0.60894479655841260
  0.61866787556663150  0.62916782356744361  0.64012678928463274  0.65246737517166853
  0.66555631113969749  0.67857810271865893  0.69227319983760349  0.70633230637558098
  0.72013616473192843  0.73432993548402659  0.74804669517542444  0.76164166975248859
  0.77553581975247132  0.78943305320933554  0.80230186537409331  0.81320395159948844
  0.82375621267090549  0.83468543490280622  0.84632825764474262  0.85686166578193679
  0.86915549399018732  0.87902614062420614  0.88820053310256597  0.89886040556611069
  0.91078063792060449  0.92210182843151411  0.93312432858018279  0.94680246092373244
  0.96046007880566520  0.97391131296667577  0.98722699556757976  1.00000000000000000
  0.00536272639266188  0.01585742398458880  0.02509352147997591  0.03522930570411861
  0.04427934095741130  0.05293323446700950  0.06201949178097616  0.07189000661556176
  0.08151310020399628  0.09054496481577455  0.09935281455245608  0.10901515164037484
  0.12003627055180430  0.13083838116649318  0.14079751954143627  0.15062453138398663
  0.16094775332834751  0.17191620573496508  0.18322561972884815  0.19261415463757395
  0.20196019273789789  0.21100050591601768  0.22005505508129100  0.22924363802593734
  0.23848317703037394  0.24688119814302492  0.25616304368300841  0.26768353091859420
  0.27880766296172144  0.29050411365509415  0.30273011816759665  0.31486741971921728
  0.32602528941401732  0.33744400774742822  0.34923340597575747  0.36165114946161919
  0.37414502749769457  0.38515361981897156  0.39486286030188300  0.40379085329052106
  0.41285403310027713  0.42243734082525303  0.43204005837798737  0.44204615306953454
  0.45328836873626577  0.46417180706685368  0.47348764785607744  0.48281872956495014
  0.49282564345989771  0.50341018319824549  0.51382572668233228  0.52393165107479656
  0.53141652178811161  0.53944670438877806  0.54738229790825743  0.55538664615545019
  0.56561000147362028  0.57558550858513768  0.58575162131660241  0.59449121107793901
  0.60308261167637178  0.61248724980625346  0.62307781723223887  0.63244853792500888
  0.64129070302805435  0.65096803691331417  0.66176995032057717  0.67453009449436885
  0.68711647223471317  0.69945015484111728  0.71248652021703951  0.72478733620231173
  0.73654802589548740  0.74816376108020111  0.75926088159339244  0.77062699179779115
  0.78177773610931156  0.79317829499621784  0.80510409226286606  0.81736254376602868
  0.83039528603422252  0.84269646593026992  0.85424125385983762  0.86562146990591959
  0.87701621231866467  0.88858326190804482  0.90037248493591515  0.91273110109342015
  0.92464041905465766  0.93533144226102216  0.94575504075958683  0.95637498372186880
  0.96855454714608946  0.98008631721795314  0.99026239052782039  1.00000000000000000
 -0.00265666482823943  0.01035124213392670  0.02202014867152627  0.03462354905942183
  0.04670285050339541  0.05833205720459817  0.06887561532671264  0.07934008793425386
  0.08963285258438090  0.09980582319329498  0.11035719851132779  0.12084381500389978
  0.13259542021400123  0.14437558154440033  0.15642259624093291  0.16903537797191859
  0.18163776005519150  0.19413544999469720  0.20630918364797948  0.21824488935100239
  0.23051352265050046  0.24287608853183104  0.25446842984037477  0.26583470246140700
  0.27748909341439321  0.28994367715737013  0.30372269776621891  0.31813495712413620
  0.33162749580682310  0.34235358352543893  0.35147843045262783  0.36009647601694322
  0.36684217530588842  0.37401538516406430  0.38166897514565190  0.39039519277131296
  0.40005902955067629  0.40980992064641003  0.41996556171712296  0.43064758665847203
  0.44064585953381741  0.45028529894599373  0.45969558182678266  0.46891314654808208
  0.48075591164291437  0.49286519388370831  0.50360302389524214  0.51431501450928785
  0.52590661143228723  0.53790440811248319  0.54894663979194147  0.55881592040050954
  0.56931192482100845  0.58122883256914870  0.59303598937582680  0.60400672551090862
  0.61462028454516304  0.62503188932272846  0.63384511419184464  0.64356549365459981
  0.65360301877620075  0.66406208478894502  0.67330929971560871  0.68262265411056111
  0.69325935697022445  0.70422473770513250  0.71464912689267579  0.72470464676700130
  0.73639079015008091  0.74691214506875736  0.75716652149515562  0.76848733797722124
  0.78230546089442021  0.79687357903248490  0.81062291906701278  0.82297259497976205
  0.83333134737752868  0.84077123580595681  0.84905834951649795  0.85794692053401567
  0.86657302775837419  0.87487245160139060  0.88251395340473537  0.88957616913233706
  0.89827394299471419  0.90951921106016953  0.92090811884009682  0.93257064276455004
  0.94216751465539661  0.95161675805745705  0.96082729904567588  0.96934742201429247
  0.97748600780535910  0.98513560739296946  0.99270746210715288  1.00000000000000000
  0.43328280764761196  0.44159964484451791  0.45696951264352276  0.47057145777232123
  0.48419588939627550  0.50044852016735697  0.51462662097092182  0.52714904721890266
  0.53932860336597366  0.55214813572823285  0.56540392860663424  0.57903005268119834
  0.59193383144394363  0.60431462745169806  0.61649879920343054  0.62813498872805251
  0.63876639914927191  0.64857459781538618  0.65793648217287892  0.66750260434013664
  0.67679791882745366  0.68588370484838546  0.69479181698024661  0.70379180696273647
  0.71350544262014692  0.72381193947277667  0.73313446994522402  0.74166371126524044
  0.75010766001040097  0.75759659484733044  0.76443106742338585  0.77119377547664980
  0.77832409091700483  0.78548536071285413  0.79226907431474491  0.79894541573148237
  0.80550292965141201  0.81189253436159114  0.81824089795166155  0.82427044568162444
  0.83015078278747811  0.83615800385912753  0.84262782391201707  0.84902794562958439
  0.85525424716193432  0.86091542271731669  0.86621931472939595  0.87149078079833853
  0.87662982044967108  0.88180240820705513  0.88688304070327151  0.89195869830521779
  0.89699291771860779  0.90176684524970085  0.90652757038316156  0.91127015139171152
  0.91615513166553741  0.92112952729831032  0.92608159523423161  0.93059999664316129
  0.93477899469422499  0.93844218593629392  0.94140707969072879  0.94425502773165693
  0.94700708284199364  0.94974801430462130  0.95267384028861912  0.95583778561338373
  0.95902040546193812  0.96205123150087624  0.96494904003966808  0.96785534607258394
  0.97070651256473883  0.97342270501629480  0.97574656107989077  0.97758292543948155
  0.97940186147164354  0.98091132313215879  0.98228533172848698  0.98352793245129178
  0.98479587019973847  0.98629143036279232  0.98804762739129792  0.98971412761792388
  0.99154485759219291  0.99277131145995812  0.99325222505241850  0.99373313864487900
  0.99421405223733939  0.99472949097102348  0.99533109875797243  0.99593270654492128
  0.99653431433187012  0.99713592211881896  0.99773752990576781  1.00000000000000000
 -0.00751255871678635  0.13622878322316428  0.17611112170184945  0.19929650207454039
  0.21790904297802113  0.23190493375086263  0.24126187480097228  0.25010090243751604
  0.25864263755087602  0.26639394495676516  0.27647084305469372  0.28909132207467475
  0.30106591451912973  0.31191539265535284  0.32124053136817454  0.32991965869184814
  0.33866168247931694  0.34756086015468207  0.35582656795634937  0.36387969712639273
  0.37201928917947252  0.38006104682492303  0.38791809544092748  0.39521367191847828
  0.40173327324317343  0.40884805394807033  0.41510410008767112  0.42125804404033701
  0.42728697791637299  0.43291716966111976  0.43884628771031919  0.44423824205546442
  0.45069386801756700  0.45703905580693321  0.46285976136709361  0.46834296878861381
  0.47406858027165749  0.48009953858731697  0.48618415669291482  0.49197580515838207
  0.49731072469332183  0.50250449139460429  0.50778030615756165  0.51318410829719885
  0.51892307099508894  0.52492317081465223  0.53075174456196084  0.53629273364547281
  0.54184124975753201  0.54744319390260276  0.55317947856827299  0.55906104326093087
  0.56466890306177675  0.57031893371318654  0.57586633240247542  0.58135180358226879
  0.58687278493898509  0.59244611569107963  0.59839274485113214  0.60447394432974733
  0.60921117947329906  0.61365159224472499  0.61798862208149419  0.62272752676060883
  0.62879604856938909  0.63543347044373344  0.64210651113158101  0.64884259061203886
  0.65556653948658028  0.66230564294163008  0.66971839505556197  0.67768802327567290
  0.68511009463513273  0.69206747309797978  0.69899780706132209  0.70622195160048762
  0.71375815311303814  0.72079241169084718  0.72800352057719431  0.73589420868945021
  0.74316514797508193  0.74999176675052603  0.75661725217017362  0.76393470285870435
  0.77193907190600963  0.77881630546119684  0.78662077550373233  0.79464601330850904
  0.80410479799963464  0.81407008670809988  0.82584635544583640  0.84056221956438826
  0.85690473348462037  0.86860904548611662  0.92872962488324384  1.00000000000000000
   8.8837005589349664E-008  -1.0000000000000000     
 F F F F F F F F F F F F T T T T F F F F F F F F T T T T F F F F F F F F T T T T F F F F F F F F T T T T F F F F F F F F F F F F F F F F F F F F F F F F F F F F F F F F F F F F F F F F F F F F F F F F F F F F F F F F F F F F F F F F F F F F F F F F F F F F
  <DiscreteSampler_grid>
  grouped_processes
  1 # 1 for a reference and 2 for a running grid.
  10 # Attribute 'min_bin_probing_points' of the grid.
  1 # Attribute 'grid_mode' of the grid. 1=='default',2=='initialization'
  0.0000000000000000 # Attribute 'small_contrib_threshold' of the grid.
  0.5000000000000000 # Attribute 'damping_power' of the grid.
 # binID   n_entries weight   weight_sqr   abs_weight
    10   10   7.708619401446126E+000   2.602723017661311E+002   7.708619401446126E+000
    16   10   7.708619401446126E+000   2.602723017661311E+002   7.708619401446126E+000
  </DiscreteSampler_grid>
