115.244965 0.25518852
115.771194 0.28813386
116.27456 0.3211547
116.778076 0.36573625
117.282036 0.44499987
117.76329 0.5358997
118.267555 0.6382847
118.77241 0.7869125
119.255005 0.98185855
119.78437 1.2575785
120.31477 1.6142232
120.754036 1.9942914
121.31119 2.6514387
121.84712 3.4358292
122.366165 4.6827226
122.867874 6.3574376
123.3763 8.552383
123.88473 10.74733
124.46756 13.392917
124.93909 14.501233
125.456055 13.817415
125.94854 11.237643
126.414276 8.357369
126.85954 5.6621423
127.33887 3.8338914
127.80131 2.468144
128.31708 1.6918406
128.79057 1.1815845
129.26645 0.8562993
129.76608 0.6003028
130.28932 0.40203425
130.79105 0.30788746
131.29321 0.24842277
131.77238 0.17747289
132.29771 0.14105405
132.73145 0.09337658
133.25723 0.09163983
133.82843 0.06663068
134.26247 0.042074583
134.69681 0.040639877