75.314186	0.88485456
75.90903	0.9602202
76.51682	1.1114421
77.09872	1.1109515
77.693565	1.2116063
78.28842	1.33755
78.935	    1.4381611
79.478134	1.5894375
80.11179	1.7659266
80.71958	1.9171485
81.32741	2.2201047
81.93519	2.3207483
82.530106	2.6995826
83.13795	3.0784056
83.694084	3.5584285
84.32786	4.2406983
84.92284	4.923001
85.51794	6.161662
86.10013	7.526779
86.72122	9.347067
87.31658	11.774312
87.937996	15.061363
88.53366	18.828928
89.14229	22.773504
89.73796	26.616936
90.33337	29.246494
90.8896     30.156431
91.522835	28.410954
92.10405	25.299911
92.72389	21.455456
93.30485	17.206408
93.89882	13.311395
94.505875	10.099175
95.10019	7.797372
95.7204     5.6219916
96.30203	4.4076276
96.93545	3.4713993
97.5172     2.813394
98.12482	2.180656
98.70664	1.876697
99.32723	1.4209712
99.92202	1.2434465
100.50391	1.1923779
101.09869	0.9642752
101.71932	0.7361507
102.27537	0.760971
102.93482	0.6339699
103.52964	0.60817945
104.1374	0.60766715
104.706345	0.5060314
