  0.00000043152463217  0.00000044133742394  0.00000045367325791  0.00000047235475803
  0.00000049296835741  0.00000051372193420  0.00000053374686033  0.00000055455882915
  0.00000057828035832  0.00000060689267941  0.00000064056607762  0.00000067392676884
  0.00000070927307005  0.00000074764224873  0.00000078901921698  0.00000083227599919
  0.00000087777262729  0.00000092139890163  0.00000096055720564  0.00000099967932356
  0.00000104055388272  0.00000108579077016  0.00000113718251968  0.00000119469706875
  0.00000125732616120  0.00000132280427117  0.00000138938356358  0.00000145817963049
  0.00000152938590213  0.00000160249151248  0.00000168242434855  0.00000176519096362
  0.00000185188662706  0.00000194703824525  0.00000205440653752  0.00000216857419566
  0.00000228465692504  0.00000240963216526  0.00000254727909596  0.00000268763184721
  0.00000282847717393  0.00000297603269800  0.00000313041689364  0.00000329276448639
  0.00000347023570210  0.00000366196027946  0.00000386211379255  0.00000407365535442
  0.00000429713902014  0.00000452780280552  0.00000476635064022  0.00000501853980847
  0.00000529203677182  0.00000558104709654  0.00000589179487566  0.00000622118069489
  0.00000656221091857  0.00000692976072095  0.00000735251566569  0.00000782115845604
  0.00000830338029076  0.00000883522821096  0.00000941960748252  0.00001003162302212
  0.00001068795022775  0.00001139207257311  0.00001216904648084  0.00001308197033038
  0.00001408754097378  0.00001519352876380  0.00001639815619887  0.00001769498550698
  0.00001907407332208  0.00002063880452851  0.00002236924138432  0.00002433325657072
  0.00002661936076987  0.00002920210754382  0.00003215280467433  0.00003545952095806
  0.00003918860071536  0.00004360392141821  0.00004847185472991  0.00005373622275995
  0.00005985594308988  0.00006724260659017  0.00007688910101290  0.00008931739382375
  0.00010538603595250  0.00012684796993964  0.00015870872690635  0.00021361478815065
  0.00033915901567315  0.00086897463493995  0.04650633416139438  1.00000000000000000
  0.00010350798570438  0.00010616481850237  0.00010818795146157  0.00011222577363535
  0.00011659787155655  0.00012112982028918  0.00012587281817978  0.00013110549105755
  0.00013786158621076  0.00014482480456688  0.00015193630289065  0.00015952558881710
  0.00016800988090483  0.00017659849356531  0.00018516223286433  0.00019405255252040
  0.00020324711693806  0.00021258890872243  0.00022203333205281  0.00023195353961301
  0.00024208480749128  0.00025226981612450  0.00026246023118524  0.00027286064286520
  0.00028397808776146  0.00029550372259014  0.00030759546930053  0.00031931266184243
  0.00033170300339825  0.00034445555855268  0.00035795476012814  0.00037192093298066
  0.00038601404823514  0.00040045202698374  0.00041507266157870  0.00042958428391778
  0.00044417303718214  0.00045960525048873  0.00047629135076065  0.00049404657501882
  0.00051230290955838  0.00053064055552158  0.00054990292907370  0.00056981624965261
  0.00059052546724654  0.00061193522589144  0.00063412603517742  0.00065710934646151
  0.00067998420384330  0.00070297863176659  0.00072642458727379  0.00074982904131692
  0.00077286066146153  0.00079606131662348  0.00082002300734446  0.00084572757719652
  0.00087263592501683  0.00090031588962739  0.00092794916616511  0.00095632164434613
  0.00098599473131848  0.00102046843794162  0.00105448251034355  0.00108818249762183
  0.00112159025848440  0.00115600324924661  0.00119433647919994  0.00123180087449533
  0.00127229912447800  0.00131561384773422  0.00136088722867090  0.00141719494075632
  0.00148024139079295  0.00153479829778141  0.00158998212837895  0.00164756912493933
  0.00170901225844498  0.00178228417840434  0.00186970541513508  0.00196613273236820
  0.00206721680676157  0.00217008314094113  0.00227279136102074  0.00237497113321484
  0.00247535568943480  0.00257105510175769  0.00265228277289003  0.00275389661648204
  0.00287826313040725  0.00303077259907367  0.00322825044215223  0.00347522474382897
  0.00372453709437160  0.00408351031633016  0.04626365470749660  1.00000000000000000
  0.00000245596949760  0.00000251585013590  0.00000257797328266  0.00000264369613005
  0.00000271209501824  0.00000279358984358  0.00000289135864720  0.00000299627704310
  0.00000310318651073  0.00000323584205166  0.00000342024429580  0.00000363017015043
  0.00000385057151724  0.00000408811215058  0.00000435660668445  0.00000466125965029
  0.00000501627093952  0.00000542588328947  0.00000587236601964  0.00000636743497470
  0.00000692834949340  0.00000754627719972  0.00000820477234826  0.00000891151409304
  0.00000969253027712  0.00001058676138110  0.00001163213848778  0.00001284160277488
  0.00001423080252410  0.00001578046165950  0.00001748948825502  0.00001934287479512
  0.00002132031979757  0.00002353448426583  0.00002604063469095  0.00002886069665900
  0.00003203805582921  0.00003571155902338  0.00003999789330386  0.00004474873243489
  0.00004993575467475  0.00005556859615993  0.00006205497543411  0.00006941100988031
  0.00007757491221580  0.00008655032349387  0.00009654445127915  0.00010776117073809
  0.00012010244286985  0.00013326938475556  0.00014782518853582  0.00016363041275543
  0.00018136919006287  0.00020131756928150  0.00022358010846774  0.00024538997700355
  0.00027183015757598  0.00030055240156367  0.00033131985959535  0.00036652716754261
  0.00040589697694900  0.00044766724763336  0.00049465629260107  0.00055187917276591
  0.00061489054709818  0.00068840425236227  0.00076804563195642  0.00085974785882024
  0.00094427026804976  0.00103329285359913  0.00112158976250348  0.00120985950116537
  0.00130492663037201  0.00142168046474063  0.00154154627738260  0.00166073626752683
  0.00181046545963693  0.00204956288808236  0.00234426046417354  0.00263928409563414
  0.00295078110641835  0.00330362702299883  0.00382736568846367  0.00454009268529811
  0.00537429386013827  0.00636476426928350  0.00738491109945162  0.00845355809048108
  0.00944769434912070  0.01075538761981215  0.01224405823948544  0.01369904938441403
  0.01591547205528142  0.01806804969701509  0.02097517828911358  1.00000000000000000
 -0.00334119602843940  0.01606787912747835  0.03293700268459193  0.05058485079815103
  0.06947340125112238  0.08937723854821336  0.10856937706204667  0.12661617598266478
  0.14353046012664167  0.15905416771937039  0.17342223651334401  0.18726444954968954
  0.20122767239653944  0.21639723442306269  0.23188568799090303  0.24690773413075767
  0.26164379862641413  0.27605592858164790  0.29089022812631876  0.30585173854337466
  0.31997662007657646  0.33314661798376799  0.34654213561163011  0.35991633961234770
  0.37303284142056031  0.38662325612262854  0.40019028711328725  0.41261305946372573
  0.42472273248922010  0.43678827730117120  0.44894476795621951  0.46100036176995063
  0.47306189310052960  0.48455465620242527  0.49525441926193359  0.50598740617830240
  0.51689347758598114  0.52764631476835722  0.53802827716632629  0.54862113762400166
  0.55993970440376051  0.57106255630878477  0.58190320620688363  0.59246389627025331
  0.60357682571262483  0.61264805616449736  0.62142301074273165  0.62983715615598479
  0.63817233563620357  0.64663770258498621  0.65529986839734589  0.66408624190491516
  0.67323920048933950  0.68307673242587719  0.69242913026518960  0.70155906168385451
  0.71029355625535484  0.71893370864287909  0.72736720471826877  0.73600367506081033
  0.74495997328650132  0.75365071792099569  0.76223800721632395  0.77057265583385903
  0.77878120673580076  0.78639792192063740  0.79413353556760236  0.80126526220655347
  0.80843479527563755  0.81585999583789781  0.82384580429851029  0.83186372189487434
  0.83989847101907589  0.84799777005494859  0.85608578219121412  0.86392900136600614
  0.87170357828596334  0.87916733949461578  0.88638110899112443  0.89355248727120928
  0.90041351739203712  0.90715839724562697  0.91411050597790366  0.92112242206377493
  0.92836872826714611  0.93551847690196632  0.94248669843413269  0.94938431820182856
  0.95625027076592439  0.96245410896643868  0.96863240356346370  0.97503198021478010
  0.98132207051479448  0.98737799281448124  0.99373075149489221  1.00000000000000000
 -0.00232230593530140  0.00871842761969616  0.01910327648438211  0.02964997156787316
  0.04116955262562259  0.05228791214672730  0.06371957142082120  0.07488500151682963
  0.08662129823473697  0.09847772140231838  0.11031835039513749  0.12218637051356085
  0.13388065267766946  0.14517110622844537  0.15620072391426645  0.16729694210164422
  0.17861925130062400  0.18998604766544711  0.20084461674150400  0.21150067322051713
  0.22241191360946266  0.23334377743871776  0.24443169774312076  0.25559693441528608
  0.26696117691915711  0.27845748102483342  0.28979717188233717  0.30072001716533031
  0.31140469970756324  0.32181274458107462  0.33173211212315062  0.34112524222147156
  0.35056904438891373  0.36027661845562736  0.37007314039796113  0.38023175014738819
  0.39076825810885196  0.40132198776295974  0.41196437050144574  0.42297034776091669
  0.43420829969971714  0.44508708730318219  0.45516268236032525  0.46486877183538455
  0.47438704402307519  0.48403891832298473  0.49380096111521565  0.50410251319705157
  0.51486966951343771  0.52567163817035056  0.53652741461837838  0.54744449826962860
  0.55821335574795372  0.56858209238262591  0.57839070526470993  0.58805281159788347
  0.59788693122270087  0.60809596226723883  0.61837420582489311  0.62852700334203182
  0.63849967474986125  0.64869622850810804  0.65948076890556839  0.67011889865940488
  0.68065390427429739  0.69076544600231038  0.70109072643701986  0.71105090487941491
  0.72022671617810241  0.72954562332254458  0.73898265068558688  0.74787470212236384
  0.75682584847034162  0.76599986839422418  0.77623341352130426  0.78727703714710751
  0.79795274053942788  0.80813050199170333  0.81807036024098168  0.82806409395856972
  0.83829943609173663  0.84891604642619900  0.85933883882475703  0.87034082066337559
  0.88197051440581731  0.89304249423238080  0.90341595932366936  0.91325927910582783
  0.92360214242162175  0.93446873283878995  0.94468695244129353  0.95516294932674217
  0.96600514698414497  0.97749820305274826  0.98867074704795099  1.00000000000000000
 -0.00395508745243217  0.02096060932528236  0.03817340051574808  0.05298227608393058
  0.06781397300168819  0.08173548557985338  0.09468998923696623  0.10755928150620438
  0.12075463437656489  0.13297235286481804  0.14412857868938722  0.15548289196783421
  0.16688651521289877  0.17869988524301283  0.19129808204793847  0.20478753883031472
  0.21835329588212846  0.23134146234026606  0.24395427171276718  0.25686342297948028
  0.27047881620507630  0.28454623165028897  0.29838043279221693  0.31168831649546069
  0.32463854478501469  0.33725500812699255  0.34963327323139665  0.36234969756638491
  0.37544353294105659  0.38845263195009538  0.40125130909376761  0.41444462860770864
  0.42775159578481492  0.44110966511327909  0.45408237274892432  0.46679362889883319
  0.47880646359107137  0.49008095190352707  0.50155786990483509  0.51373262927250862
  0.52613101248734040  0.53842548189773143  0.55086930850860760  0.56308867800358076
  0.57483997661244191  0.58682952244930708  0.59934896279384631  0.61186086611959312
  0.62421568947126804  0.63659981608033300  0.64864583298657119  0.66047980846203014
  0.67271397407107192  0.68495714502404836  0.69643727681740930  0.70727699481954354
  0.71787896891689840  0.72794506871703546  0.73751361282901584  0.74696147292118220
  0.75679409799323960  0.76678940691776099  0.77683815060533190  0.78689759052972075
  0.79624307386819848  0.80493723982284460  0.81350885387575667  0.82227097562497498
  0.83108080061357159  0.83969731886701537  0.84809398631581701  0.85632857204631885
  0.86439999432977288  0.87214448146107670  0.87938079767540644  0.88640716305157008
  0.89337264653160109  0.89997861773927768  0.90624374810298791  0.91221810190596397
  0.91811226216999586  0.92399354812358658  0.92969979859530183  0.93529821576740768
  0.94105344984806194  0.94705251695502757  0.95308230222137491  0.95896499642069255
  0.96442733562199967  0.97013034919451857  0.97534345154591362  0.98044351114897055
  0.98526272525297420  0.99010585719712940  0.99497286878290769  1.00000000000000000
 -0.00210167330521389  0.00884482217270678  0.01865287333122194  0.02892901661545100
  0.03974246491930263  0.05048382120005085  0.06128354438209922  0.07124278328583611
  0.08181977004503241  0.09322933757099862  0.10473731265342436  0.11537478535041486
  0.12503319549293249  0.13506187273261464  0.14509271852623368  0.15522618108918518
  0.16566036352461228  0.17610533233768738  0.18677325758699645  0.19688161352177774
  0.20754915508238631  0.21836519087412395  0.22917690017200143  0.23981670210906936
  0.25101478805980454  0.26279390140481595  0.27457640296496139  0.28594467745364904
  0.29704535800731280  0.30789939732169169  0.31848735971527559  0.32897676055257996
  0.33944276969068105  0.34996559067212324  0.36049677680826919  0.37110518467767273
  0.38194566860786855  0.39267570802332130  0.40362209254338133  0.41493399318181673
  0.42620183658774657  0.43743526588278869  0.44824958617201199  0.45912293483448546
  0.46978969336976184  0.48092872540088527  0.49262811707650250  0.50465616342765895
  0.51649852474253166  0.52759840838011607  0.53835833260601706  0.54864474991540291
  0.55928360667233601  0.57036288033535543  0.58140107647668060  0.59227701864343973
  0.60303820786804341  0.61405363959557613  0.62531173656791128  0.63644159992020555
  0.64732530632608520  0.65790397628366415  0.66834909123985187  0.67894416473230890
  0.68979625131537570  0.70089917478724739  0.71209185354264948  0.72335717947378364
  0.73468063962910013  0.74581512439616282  0.75598574756469594  0.76515654940770828
  0.77453122428812182  0.78434998093438624  0.79421719652413314  0.80296259155158445
  0.81131222253437818  0.82015256193449193  0.82861104094345828  0.83662180692064592
  0.84499669145284517  0.85424976628105198  0.86458951367636683  0.87517055301881375
  0.88522223396382849  0.89511064797367579  0.90474301517269107  0.91458721360141171
  0.92488364080227559  0.93570480145390345  0.94678537144156705  0.95763594552052378
  0.96849499804472150  0.97928155668063310  0.98984112502417942  1.00000000000000000
 -0.00190976959823477  0.00864775077442349  0.01642895868679771  0.02476238231234543
  0.03338475679488354  0.04248930224432314  0.05318135919629136  0.06438656365621773
  0.07553313039781855  0.08686997548358895  0.09870548999592416  0.11087758463034308
  0.12280030378951060  0.13392076292798519  0.14442892150274902  0.15470336368402432
  0.16479947472364537  0.17494378690293427  0.18484510736339693  0.19508912659062327
  0.20581978908122575  0.21682398502495698  0.22782127934228572  0.23876903491363655
  0.24961734438457583  0.26047805188814777  0.27097063299706037  0.28120930806083017
  0.29163061582119859  0.30280250226487121  0.31447651481195565  0.32604306421491269
  0.33699352391280718  0.34755269482028300  0.35812131128191416  0.36896598379754642
  0.37950688657062948  0.38990698704562171  0.40044452301813460  0.41149000513670081
  0.42257801196215089  0.43298541191356016  0.44311647108552449  0.45291794504086474
  0.46313521111556671  0.47355279092485775  0.48444461207263007  0.49526002846148315
  0.50583690019029626  0.51661021242118221  0.52737724755278792  0.53797005430838296
  0.54833593569644246  0.55870086989237377  0.56943553863023177  0.58032836533105314
  0.59129310920490419  0.60201816116601159  0.61232116220357558  0.62251514466618374
  0.63313365328394566  0.64417565073778182  0.65495497125179747  0.66516735050260711
  0.67635945551750887  0.68703446065813822  0.69755572995152049  0.70789356181878138
  0.71891291287166925  0.72988058282875479  0.74061162691600013  0.75112762442711833
  0.76179490532030869  0.77231714588989109  0.78280162773574746  0.79296030518763538
  0.80308168542743430  0.81328955403557246  0.82388135197922030  0.83466952022389784
  0.84514370368013658  0.85568277163735718  0.86630247222719892  0.87686843957237570
  0.88738877576115793  0.89788141748722594  0.90826715949087033  0.91840998089646486
  0.92794739000333282  0.93749102660099681  0.94698094066232752  0.95666739463599793
  0.96697007489839626  0.97680654653422638  0.98805065758456168  1.00000000000000000
  0.48314679724139969  0.49192403617372982  0.50495671331973402  0.52331695954655266
  0.54538006749807633  0.56495131923743835  0.58393375818725135  0.60228405224166204
  0.61870129541398855  0.63387171915284324  0.64875580297313107  0.66315622856212264
  0.67603794499408865  0.68810882360707970  0.69963049079611350  0.71049004574914909
  0.72091697091307194  0.73120568126359087  0.74093803440787132  0.75014762995693862
  0.75927221894382102  0.76829604041724187  0.77690333119605437  0.78502467015514199
  0.79280614301999053  0.80020538767624327  0.80730159212742270  0.81414038263421218
  0.82068018931843423  0.82709844639410424  0.83333634444162319  0.83938045850313436
  0.84523051057465437  0.85075205241156537  0.85606739530331222  0.86125870135497640
  0.86632618574710429  0.87126188520564707  0.87600822204531281  0.88064052332585707
  0.88511949024593473  0.88950337355116771  0.89377770869623263  0.89788963835942892
  0.90183120149338636  0.90564134647687289  0.90936954771241441  0.91302506481125878
  0.91653393272094930  0.91969028243056594  0.92266917097688661  0.92561634257237813
  0.92852022151475633  0.93139111530048790  0.93429119461337162  0.93700583627565992
  0.93952372988373634  0.94191706137838460  0.94423458231680446  0.94647279881272162
  0.94863480488114105  0.95075817728779888  0.95289233043839094  0.95502341193233997
  0.95707317383233315  0.95901678104839760  0.96090291026690866  0.96274334852060695
  0.96455523270332222  0.96634326029286433  0.96803971225223673  0.96967656357270726
  0.97131236754177996  0.97288590633218175  0.97442205037549245  0.97592004368068241
  0.97738404311197014  0.97881473536859875  0.98020489757909901  0.98155500602054591
  0.98288335839559005  0.98416889680446495  0.98536920662483762  0.98653113527827851
  0.98768397290014853  0.98882134641310304  0.98993673057848175  0.99104886448642759
  0.99199953889513781  0.99296415439469821  0.99390627623051486  0.99488052270820371
  0.99593292421070811  0.99710187502024605  0.99846776073050159  1.00000000000000000
  0.00031600680405095  0.09707546446894591  0.12762018892305416  0.14620952538500298
  0.16146667704734038  0.17439478827093022  0.18583544003977570  0.19646786343512712
  0.20679457202407253  0.21717034156162246  0.22752873791461189  0.23702474275554278
  0.24576013307636124  0.25414764247421379  0.26249054789702808  0.27062369550136994
  0.27863840855716626  0.28575390429060848  0.29275362139116651  0.29974318503329561
  0.30705140696604266  0.31449944382729850  0.32185247326130362  0.32898834268723859
  0.33591600521086440  0.34254206942653631  0.34889887877001469  0.35511161057744495
  0.36123153490911997  0.36741118877502604  0.37381804401915203  0.38023213116497423
  0.38670061856456084  0.39340880164989650  0.40050896741850134  0.40781184165393330
  0.41503394450050435  0.42208661961101351  0.42922112247770222  0.43627408755128061
  0.44322782931835980  0.45025068024370252  0.45733721743685252  0.46424594812917014
  0.47092803139925821  0.47759561141545515  0.48439314138343592  0.49136562888411101
  0.49848432412266952  0.50578081816924403  0.51305974313991431  0.52031357864217909
  0.52800059483132156  0.53603594251201825  0.54394003892633724  0.55174629648579887
  0.55965451879896255  0.56778274368151804  0.57605111845312085  0.58424200868514919
  0.59227775498844826  0.60025180427630032  0.60806363146900100  0.61562366565375259
  0.62312241772502730  0.63039743498399847  0.63752161931022111  0.64477651190979102
  0.65215609722169043  0.65960348400568436  0.66703563781259578  0.67455561801866337
  0.68235098173351416  0.69032515636036551  0.69860185758081450  0.70662220333297110
  0.71465309778288111  0.72262609573329983  0.73076206312214953  0.73891830138871095
  0.74744494747971424  0.75611088693850570  0.76521214319760444  0.77503709897108641
  0.78547542836273732  0.79530832280528652  0.80419999764328187  0.81328081567392918
  0.82364466087832133  0.83525433926488457  0.84990371222456351  0.87101980697354597
  0.89851271242128727  0.92650808586489752  0.93879426783742470  1.00000000000000000
   8.0243343868719425E-009  -1.0000000000000000     
 F F F F F F F F F F F F T T T T F F F F F F F F T T T T F F F F F F F F T T T T F F F F F F F F T T T T F F F F F F F F F F F F F F F F F F F F F F F F F F F F F F F F F F F F F F F F F F F F F F F F F F F F F F F F F F F F F F F F F F F F F F F F F F F F
  <DiscreteSampler_grid>
  grouped_processes
  1 # 1 for a reference and 2 for a running grid.
  10 # Attribute 'min_bin_probing_points' of the grid.
  1 # Attribute 'grid_mode' of the grid. 1=='default',2=='initialization'
  0.0000000000000000 # Attribute 'small_contrib_threshold' of the grid.
  0.5000000000000000 # Attribute 'damping_power' of the grid.
 # binID   n_entries weight   weight_sqr   abs_weight
    10   10   2.881764713576475E+000   4.236003555326160E+001   2.881764713576475E+000
    16   10   2.881764713576475E+000   4.236003555326160E+001   2.881764713576475E+000
  </DiscreteSampler_grid>
