  0.00000072987076540  0.00000118154662910  0.00000146383118773  0.00000165105824087
  0.00000183117363849  0.00000199824014048  0.00000214040259850  0.00000226738657933
  0.00000239663916645  0.00000251180588168  0.00000263432960480  0.00000286899448755
  0.00000309976023484  0.00000332862027618  0.00000355701637670  0.00000377817055631
  0.00000401451577713  0.00000426034397508  0.00000450531905513  0.00000470651808934
  0.00000488503877197  0.00000508697584639  0.00000540244621012  0.00000580488592545
  0.00000617714830740  0.00000657816199935  0.00000699904071103  0.00000753484460796
  0.00000810233940710  0.00000865841273390  0.00000927183548735  0.00000996533011624
  0.00001081944024048  0.00001168873893879  0.00001250899186262  0.00001305360168506
  0.00001348721858333  0.00001397705122663  0.00001450129028097  0.00001512785040506
  0.00001580418902040  0.00001691649451241  0.00001799547365624  0.00001884631245445
  0.00001973840673382  0.00002073265431952  0.00002180131133079  0.00002288294264709
  0.00002440071467273  0.00002595447832603  0.00002767697144029  0.00002957401352152
  0.00003167439866063  0.00003389498091395  0.00003650345673961  0.00003917331283857
  0.00004195738400577  0.00004487191009932  0.00004760202256453  0.00005006174245153
  0.00005237241311375  0.00005502761235346  0.00005888231310425  0.00006329069608293
  0.00006859187906347  0.00007643844601272  0.00008566348467396  0.00009606358433014
  0.00010801376308274  0.00012025615544806  0.00013213824219961  0.00014725109351247
  0.00016493341064281  0.00018470109942351  0.00020912641083320  0.00023631277977023
  0.00026035998710070  0.00027957338090437  0.00029654779102270  0.00031492500549377
  0.00033458266496660  0.00036548364967708  0.00040246167673971  0.00046148290394073
  0.00053465393665392  0.00061659192440407  0.00069290315546753  0.00077278123730449
  0.00086621600785556  0.00098988968802946  0.00111404925222607  0.00135285061892148
  0.00166619367982936  0.00290037942662642  0.00800340515560941  1.00000000000000000
  0.00000116489754007  0.00000539108286284  0.00000783252972152  0.00001042582277889
  0.00001294878851644  0.00001668864149699  0.00002215198023865  0.00002619560806277
  0.00003124435420778  0.00003788209769432  0.00004435458294630  0.00005067559327782
  0.00005605828412585  0.00006092440616190  0.00006578414348044  0.00007076318740217
  0.00007666941507701  0.00008517750028736  0.00009314958811615  0.00009939963151428
  0.00010538204168452  0.00011179711102979  0.00012150378240608  0.00013491753872725
  0.00014382989284182  0.00015243993875195  0.00016019892826828  0.00016819900774856
  0.00017829979616589  0.00018828981837862  0.00020140789415211  0.00021669624013362
  0.00023261801176181  0.00024807748608445  0.00026338723558102  0.00028039681761018
  0.00029928807530312  0.00032050043354953  0.00034262487362785  0.00036347202031474
  0.00038413650004160  0.00040681555582266  0.00043361752562368  0.00045931939893879
  0.00048764892407266  0.00051804563527913  0.00054112418948045  0.00055811533670680
  0.00057407378931963  0.00059052419520474  0.00060815050661375  0.00062663153812332
  0.00064923198029828  0.00066997033548389  0.00069031148701574  0.00070825215497461
  0.00072505944671516  0.00074168097910588  0.00076088959105403  0.00078153712805537
  0.00080179671276938  0.00082327765555745  0.00084986119969645  0.00089717672060548
  0.00093102617120636  0.00096203865818860  0.00099997174111323  0.00104318143639252
  0.00108538003106128  0.00112727241540472  0.00117943753420036  0.00125249219137229
  0.00130861825312386  0.00135550290034237  0.00139958955731525  0.00144833920475162
  0.00149923112122826  0.00155452011121682  0.00166226867103414  0.00170733569463450
  0.00175096351318962  0.00180094902816350  0.00185607240928692  0.00190576803956632
  0.00194414214937167  0.00197765384981490  0.00215148828672691  0.00232884775524749
  0.00250620722376808  0.00268356669228866  0.00344949840929378  0.00422021937748834
  0.00499094034568290  0.00576166131387746  0.00724339252850164  1.00000000000000000
  0.00000069705128768  0.00000087890018660  0.00000103108184993  0.00000117887067200
  0.00000128981746042  0.00000140008635928  0.00000152148110252  0.00000170317689641
  0.00000186640805397  0.00000199613678099  0.00000206425010600  0.00000213193061339
  0.00000221046912582  0.00000229291052473  0.00000237277472808  0.00000245471465760
  0.00000258336673067  0.00000276145890548  0.00000299935069655  0.00000321902815873
  0.00000342796279597  0.00000362991608149  0.00000383545718366  0.00000401829345826
  0.00000419658708084  0.00000439305577268  0.00000472802620949  0.00000508483431607
  0.00000547889834336  0.00000589042797359  0.00000644709472532  0.00000701670681366
  0.00000763279199184  0.00000827690707319  0.00000890346204232  0.00000947094211888
  0.00001011644797845  0.00001084424739174  0.00001164958320273  0.00001255381504579
  0.00001358876656368  0.00001473553687995  0.00001602628278532  0.00001731712843804
  0.00001856013877411  0.00001977029835486  0.00002107422640783  0.00002255250560574
  0.00002415325648103  0.00002563148868938  0.00002739588044945  0.00002942310968210
  0.00003164455891001  0.00003408465501214  0.00003685528870823  0.00004010127351691
  0.00004419168890958  0.00004702594443282  0.00004979541764177  0.00005227575490833
  0.00005461940160208  0.00005727934164623  0.00006012925898795  0.00006316545232135
  0.00006652836561686  0.00007056182264486  0.00007630264262440  0.00008683649118666
  0.00009920977318253  0.00011339115433823  0.00013100010946813  0.00015222104435223
  0.00017557238765017  0.00020059506195668  0.00022584748849758  0.00025273312195803
  0.00028112660216190  0.00031727483427484  0.00036085559880382  0.00041601137070157
  0.00048713962676985  0.00057726681024730  0.00069776399175543  0.00080676341219924
  0.00088291002528714  0.00097525188222300  0.00109791437425826  0.00126028408223162
  0.00149016335462588  0.00167024828669013  0.00200105043336174  0.00275141260195807
  0.00348393086744152  0.00419250263172967  0.00465666792593842  1.00000000000000000
 -0.00460199422263943  0.01724475023155879  0.03138644130783810  0.04349833279808186
  0.05478321351961517  0.06657555237688335  0.07846406579359025  0.08804163592473702
  0.09542006858065374  0.10251982573589777  0.10991122450545197  0.11714562904982662
  0.12300855473767296  0.12975890005153490  0.13756253760018369  0.14657788043539760
  0.15585650709302482  0.16704394127143071  0.17957697365758651  0.19059669819539385
  0.19961126631278600  0.20818155379001463  0.21745114631996351  0.22913065659102369
  0.24398069123406058  0.26018852935412706  0.27639144612671740  0.28941689844893748
  0.30095749885617590  0.31256149477146788  0.32593570682531353  0.33966785119799386
  0.35213897695498175  0.36429468798024645  0.37505094796723015  0.38746989131748910
  0.39700527008153796  0.40303697409261730  0.40945458132198054  0.41539089332701179
  0.42201182637036505  0.43256307593821436  0.44415235927869967  0.45424790286762856
  0.46500424663429196  0.47688382859300643  0.48808991705723881  0.49835350854281385
  0.51047150477016900  0.52357051504502794  0.53517032148694399  0.54451589144232782
  0.55264483134926590  0.56168220409255432  0.57217794001984912  0.58371763679901978
  0.59546856859009878  0.60789894658944110  0.62154232854641289  0.63396208446127489
  0.64282900692416278  0.64990174148258506  0.65624931943553422  0.66253246363317131
  0.66932523717384618  0.67612711488843680  0.68663890303269226  0.69498856693547595
  0.70485480773860820  0.71443607389864017  0.72400247603081980  0.73398224949681401
  0.74414767891299261  0.75420245931623375  0.76396664264182568  0.77144780684540037
  0.78033903081954226  0.78965949749694098  0.80237637604709966  0.81531723137819212
  0.82695793375130655  0.83683076962740011  0.84709768171299071  0.85795123051003197
  0.87125722487281432  0.88538795682410731  0.89758369767437096  0.90865839626049150
  0.91977188243849317  0.93194677854185104  0.94560375377847905  0.95861086921431371
  0.97082617640192193  0.98113780648113691  0.99058311373516550  1.00000000000000000
 -0.00007381634298304  0.00021506255039841  0.00031798547007872  0.00044442039474490
  0.00057971438696049  0.00070030609031631  0.00081405822538842  0.00092433518412048
  0.00102307881721892  0.00111434114624027  0.00120196978285745  0.00129351811601028
  0.00139002696260144  0.00148473084522373  0.00157574335691266  0.00165942975667671
  0.00173835281957823  0.00181776270864115  0.00189609650463856  0.00197799712086469
  0.00204717221343809  0.00211746574199878  0.00218840905793870  0.00227298464418622
  0.00235439852071921  0.00243217414380460  0.00251838853571260  0.00260368593501576
  0.00268751064746919  0.00276974096875494  0.00285750788203456  0.00293980710931301
  0.00301303420007011  0.00308193287785330  0.00315161637614926  0.00322120290200267
  0.00328345176575680  0.00334522274792613  0.00340808891775947  0.00347321602499215
  0.00353962408876927  0.00360714134135039  0.00367604789544469  0.00371272909020566
  0.00374919304653369  0.00378576030267166  0.00382253171596200  0.00385930312925234
  0.00389814582422312  0.00393842318244558  0.00397870054066804  0.00406076311272658
  0.00416410750700807  0.00427856712574354  0.00438689091239752  0.00450055474562689
  0.00461881572628665  0.00467575271885002  0.00473058716552225  0.00478386450738288
  0.00484240451054445  0.00492601951159648  0.00499134380922387  0.00504425053689428
  0.00509588623682431  0.00513727254297649  0.00516335709672316  0.00518946800899247
  0.00521564187270880  0.00524130577642669  0.00526493670134496  0.00529433656885970
  0.00536350073584370  0.00542588458225439  0.00548416478830646  0.00554715081022265
  0.00559720079789018  0.00564347808372336  0.00568988343022317  0.00574410014112527
  0.00581597055005072  0.00594275819020874  0.00607479378109072  0.00616283770341423
  0.00623721034910845  0.00631171257965077  0.00639628973805265  0.00649593990801453
  0.00663699400621486  0.00679618281871490  0.00744280717926232  0.00784693904550239
  0.00809078780958989  0.00890924518335076  0.01023194001661217  1.00000000000000000
 -0.00306091110787636  0.01181172463794978  0.02614783188601150  0.04710687226565433
  0.06872632994715532  0.08636245315094342  0.10052877123609220  0.11293346058489559
  0.12846646490500285  0.14291809750323534  0.15511036976144837  0.16587489165323221
  0.17783328539531809  0.19218700799967617  0.20690025112763052  0.22201476287063215
  0.23702515977047889  0.25020276450387968  0.26172858860197928  0.27177991028145970
  0.28002233825943701  0.28877933089990715  0.29821585860116995  0.30752996157153878
  0.31804097739845399  0.32918510916519128  0.34087219648613393  0.35119146004038709
  0.35761069460692596  0.36366743079932978  0.37008885839013195  0.37660162163018046
  0.38480584969451642  0.39392348355951329  0.40136623293653934  0.40799358298408700
  0.41467413755410731  0.42300603735899933  0.43309929251315671  0.44274979222116745
  0.45102021940230053  0.45810451386828699  0.46442297736445065  0.47014308845759323
  0.47578134185796261  0.48217141831788596  0.49002291543264770  0.49772811065084877
  0.50365338806629478  0.50666321415496829  0.50981022405763210  0.51328921977201047
  0.51745049309961433  0.52090023781082617  0.52410974245558462  0.52889935177218927
  0.53782473352495141  0.55003046486236773  0.56248686685417004  0.57567542733932198
  0.58672207246631869  0.59567727243400448  0.60427159926855833  0.61384497938817362
  0.62523498386697673  0.63641741876926206  0.64482956655098245  0.65381893883654540
  0.66354202927825334  0.67477080230034270  0.68587154045219278  0.69692560926098357
  0.70686136634018037  0.71549396532699283  0.72360447726906463  0.73240929385258324
  0.74309291222556295  0.75703340314074508  0.77301180976868666  0.78768485723635262
  0.79940219025608739  0.81189467149401451  0.82529206566490354  0.84085596153356168
  0.85580499619413464  0.86854153154930636  0.88089234788308657  0.89335086487659443
  0.90876387552088533  0.92931323972485913  0.94700178799403123  0.95745462702984718
  0.96590437098277504  0.97561970273006315  0.98786191978250881  1.00000000000000000
 -0.00002559307567935  0.00002503539851172  0.00007489834512395  0.00011226052541962
  0.00014223903799208  0.00015745204861124  0.00017568837577794  0.00019390004302843
  0.00021097112584798  0.00022717113737346  0.00024437883966543  0.00027465292630949
  0.00031057130304494  0.00034982560322643  0.00038770540633758  0.00042424272296856
  0.00046027970754403  0.00049739958268038  0.00053356431757824  0.00057073011593463
  0.00061104457063343  0.00063999094913509  0.00066875584560536  0.00069731302375144
  0.00072180148794851  0.00074684265410882  0.00077597335004304  0.00080447642710061
  0.00083306671494428  0.00086823513936221  0.00090256724579502  0.00093702506395360
  0.00097127009680395  0.00100412942924494  0.00103983779968376  0.00107587597205150
  0.00111162050547530  0.00114799737572488  0.00118497804772364  0.00122432138400606
  0.00126527620480728  0.00130816788717495  0.00135573801192462  0.00139057028207663
  0.00142376306589150  0.00145649717665815  0.00149023999194673  0.00152514836913944
  0.00157481222963400  0.00163147652459573  0.00169005289778904  0.00175092042192993
  0.00182111565579593  0.00186030269858570  0.00188463349216014  0.00190806541375289
  0.00192908577706209  0.00195010614037129  0.00197099548728526  0.00199181364574971
  0.00201285157642324  0.00205214862878024  0.00210168621443939  0.00216445670709258
  0.00222806491281921  0.00230277601034598  0.00238802679270729  0.00249828405780865
  0.00256629760381956  0.00260564408654391  0.00264304538437749  0.00267777023415164
  0.00271779913213466  0.00276319281594351  0.00285108369568232  0.00293039813699952
  0.00299904763221045  0.00306637369002065  0.00314969334989882  0.00348094287280258
  0.00360574365174838  0.00368818865028722  0.00376734352180920  0.00384586596056897
  0.00393688698366659  0.00400975045081033  0.00405995369940164  0.00410651214641638
  0.00416077800905484  0.00421616638412220  0.00427610546851322  0.00434705566282812
  0.00445482715668841  0.00467124999442259  0.00824324358132155  1.00000000000000000
  0.00091799516760000  0.01144337669264897  0.01937703347950431  0.02813163358021563
  0.03796082279970735  0.04596596790623562  0.05283191715221262  0.05956483442249603
  0.06810979049528401  0.07953101653055514  0.08913873205915683  0.09802254885415318
  0.10614031917761353  0.11428708603504602  0.12278249398797668  0.13566957489350059
  0.14973282706993823  0.16237182916500004  0.17412296643237685  0.18544752126958367
  0.19779301786628337  0.21143779308570393  0.22584369645227065  0.23802608833383140
  0.24632489485715203  0.25254025610693259  0.25868593618848917  0.26499109376802571
  0.27144829816985983  0.27856444973022110  0.28937773660226884  0.30362695953824531
  0.31904817547773856  0.33328062551482895  0.34877916507555723  0.36241970934461620
  0.37724140287928754  0.39138495310819932  0.40245345271524924  0.41273365788463534
  0.42231492921264430  0.42929934628318078  0.43563396672250232  0.44083718254450560
  0.44581677942719744  0.45152154693101448  0.45766372661062837  0.46457030036487079
  0.47125810853197142  0.48548224476467960  0.50198995448535100  0.51749953735648735
  0.53377585893607882  0.55100684063309724  0.56308850225659479  0.57419866579619461
  0.58346793126219409  0.59115801821926828  0.59817301567726544  0.60575696787817246
  0.61360886627154054  0.62269057899502767  0.63571311291681687  0.64846815861294005
  0.66036502864617763  0.67241101876923237  0.68227435360824717  0.69279873565187000
  0.70281565553746206  0.71347560587682590  0.72477750524220719  0.73558872387467289
  0.74735620454832674  0.75883171987188858  0.76983425575239894  0.78009777823928717
  0.79032185865433147  0.80168263707131870  0.81414973616738140  0.82807421993118335
  0.84284298727031770  0.85688724337575839  0.86954162330604789  0.88015348337178323
  0.89132244211282508  0.90096955461155037  0.90940756786530774  0.91624736675338125
  0.92216093976225411  0.92890876911688369  0.93629670899234108  0.94662168725814244
  0.95959232040141995  0.97215649207724908  0.98557711443826179  1.00000000000000000
  0.40708516485174862  0.51335832434396711  0.57149617101914341  0.60204596230694452
  0.61999099510214140  0.63237152422628495  0.64321164050589485  0.65284019528399728
  0.66217420815011530  0.67188328792002061  0.68495642744912577  0.70048062632341712
  0.71552597681098673  0.72908047885122007  0.74282087725705892  0.75435924992220893
  0.76380094032216261  0.77483525288358301  0.78505633363442240  0.79517656657076474
  0.80248992411587738  0.80785394102833197  0.81320339460865598  0.82200251629101095
  0.83041933856392824  0.83847261566796749  0.84619214554489053  0.85167652391098125
  0.85623682725533290  0.86076497461838053  0.86659213627060228  0.87308728051289608
  0.87909884033789087  0.88207505945999776  0.88486274269123155  0.88761886682081792
  0.88970337347921191  0.89189250171179157  0.89458958346124662  0.89739444792547052
  0.90037482316455264  0.90423263504549023  0.90826811459005330  0.91184507288944128
  0.91496824433545554  0.91784346988046983  0.92067571686593597  0.92335442178133875
  0.92649697805963038  0.92985952951221373  0.93307160109514742  0.93592377067050114
  0.93844746340358465  0.94035748859143642  0.94239386161942873  0.94461569357159525
  0.94711267474958249  0.94928961932716671  0.95130407681111140  0.95303218729126060
  0.95471220984607463  0.95641138075800280  0.95817062170947098  0.96016711352403894
  0.96226581000098532  0.96422234227280446  0.96585049833952619  0.96730417808936064
  0.96877798277938454  0.97017197514565601  0.97160071326520936  0.97307233874170274
  0.97443764953066681  0.97551694391322463  0.97658264360395941  0.97765326966333754
  0.97863985214876226  0.97951578381331295  0.98034326904460733  0.98108118054540416
  0.98177099920737487  0.98241888096252006  0.98319104269689706  0.98398687022593001
  0.98469317622768049  0.98516095289587280  0.98562570714433517  0.98604610874906307
  0.98646651035379107  0.98695184233814526  0.98750790967840041  0.98806397701865567
  0.98919751549523516  0.99042196007572003  0.99191256918414983  1.00000000000000000
  0.04282941311976089  0.08434179773150548  0.15792765971813283  0.18028660964492066
  0.19140003263840577  0.19740352873254713  0.20340702482668846  0.20950042067731051
  0.21562812777367196  0.22129038786258870  0.22595051791075874  0.23061064795892874
  0.23853069676380492  0.24794237802566824  0.25606366238846956  0.26443498610870148
  0.26985500275537622  0.27376208022208481  0.27775618517309653  0.28243541744827133
  0.28825795945775190  0.29579584216119442  0.30404491369283959  0.31276184749067082
  0.32263855208142916  0.33404720982374386  0.34257225663531249  0.34997428852258872
  0.35686577240364203  0.36398140271079571  0.37156110235502066  0.37968495305175659
  0.38861009359294191  0.39802863749153461  0.40395173903218640  0.40819388456231037
  0.41227440823723599  0.41628347836053881  0.42212884226519326  0.42921887088619748
  0.43646509549349427  0.44450466960925905  0.45208547237793961  0.45850629474090332
  0.46472784281669416  0.47174031819479173  0.47911295918457614  0.48698146118152330
  0.49531547119980851  0.50352610324396629  0.51232376057935358  0.52157744943142004
  0.53047359993312271  0.53857561392573572  0.54637958409747645  0.55397724070328502
  0.56099744520726469  0.56784357714418066  0.57489283677373015  0.58238803509891146
  0.59028756410847927  0.59922735737408306  0.60632611834720329  0.61089495998739241
  0.61428330639953088  0.61729984090849066  0.62081234719140099  0.62474021434960803
  0.62935652260470532  0.63498047232559762  0.64342853195223781  0.65290657560974941
  0.66243485276040492  0.67060013746519131  0.67855971472576104  0.68628161394450404
  0.69526766125434902  0.70440588741430188  0.71225495168984876  0.71845667538059599
  0.72464755538296766  0.73052908942923234  0.73734840680842240  0.74629275168858689
  0.75439019090571591  0.76205788024858134  0.77046182090769955  0.78013017547849861
  0.79006431648065401  0.80033907206072163  0.80991244749664426  0.82075237333517947
  0.83341886922245001  0.85803767989327329  0.89059224694951811  1.00000000000000000
   1.3038926279852855E-011  -1.0000000000000000     
 F F F F F F F F F F F F T T T T F F F F F F F F T T T T F F F F F F F F T T T T F F F F F F F F T T T T F F F F F F F F F F F F F F F F F F F F F F F F F F F F F F F F F F F F F F F F F F F F F F F F F F F F F F F F F F F F F F F F F F F F F F F F F F F F
  <DiscreteSampler_grid>
  grouped_processes
  1 # 1 for a reference and 2 for a running grid.
  10 # Attribute 'min_bin_probing_points' of the grid.
  1 # Attribute 'grid_mode' of the grid. 1=='default',2=='initialization'
  0.0000000000000000 # Attribute 'small_contrib_threshold' of the grid.
  0.5000000000000000 # Attribute 'damping_power' of the grid.
 # binID   n_entries weight   weight_sqr   abs_weight
    10   10   2.374338837549442E-003   1.915390060049494E-005   2.374338837549442E-003
    16   10   2.374338837549442E-003   1.915390060049494E-005   2.374338837549442E-003
  </DiscreteSampler_grid>
