  0.00000035890786748  0.00000038047910105  0.00000039949219441  0.00000041245808555
  0.00000042542397669  0.00000048371853037  0.00000055066535290  0.00000061658009529
  0.00000068140678964  0.00000073953103774  0.00000078945122228  0.00000085225843735
  0.00000092791607713  0.00000100548153758  0.00000108624099999  0.00000117450705621
  0.00000127179486020  0.00000137693183872  0.00000148894025380  0.00000160787286736
  0.00000174182394500  0.00000189437578242  0.00000207435620426  0.00000227679045512
  0.00000248968645255  0.00000271673471921  0.00000296780933842  0.00000324468209888
  0.00000354318385346  0.00000385500650356  0.00000420773687896  0.00000460087937546
  0.00000504211689879  0.00000550959021438  0.00000602739883112  0.00000658385962425
  0.00000719472515370  0.00000787309393133  0.00000859593224639  0.00000939541525259
  0.00001022483990333  0.00001117315661057  0.00001211611111330  0.00001323693063039
  0.00001432494475148  0.00001563469205590  0.00001703806278533  0.00001860597938221
  0.00002031724781420  0.00002221644754457  0.00002429373024212  0.00002656763590185
  0.00002910964157771  0.00003202482482095  0.00003543661371121  0.00003918504461412
  0.00004347145516227  0.00004831620347417  0.00005392086264550  0.00006021416238137
  0.00006712620802404  0.00007461330495294  0.00008310268223858  0.00009283624622982
  0.00010440000257372  0.00011768348533148  0.00013299800620824  0.00014953110114735
  0.00016674324456681  0.00018579580672475  0.00020782477127227  0.00023303764927172
  0.00026026534618727  0.00029839213493617  0.00034706988250174  0.00040746396193734
  0.00047252481707545  0.00054460070748267  0.00062654892845467  0.00072030796041022
  0.00083627807647508  0.00096686237155204  0.00111484809994832  0.00130796712540410
  0.00154579458406212  0.00184534527043195  0.00220034989683433  0.00251114755618954
  0.00288994495197810  0.00335822099089171  0.00430993675468372  0.00617992889259027
  0.00677285573765514  0.06657461622486303  0.16153146191242479  1.00000000000000000
  0.00000071916578266  0.00000076058245721  0.00000079676644435  0.00000083704353046
  0.00000088297303004  0.00000093373582019  0.00000099095408392  0.00000105670261181
  0.00000112110742126  0.00000119440844423  0.00000126847255547  0.00000135218419238
  0.00000145080765937  0.00000155803921201  0.00000167285223769  0.00000179742729904
  0.00000192981795549  0.00000207488214110  0.00000222516022119  0.00000239090507866
  0.00000258347421570  0.00000280387988922  0.00000304714691330  0.00000331479449121
  0.00000360344189187  0.00000391100360216  0.00000422320909416  0.00000454892428686
  0.00000488591826200  0.00000524631191813  0.00000564084349153  0.00000605896119701
  0.00000650821016421  0.00000698302400710  0.00000749936331039  0.00000806599146941
  0.00000867611325590  0.00000934617329873  0.00001003178325270  0.00001078707540523
  0.00001159623949264  0.00001247336901019  0.00001341046080648  0.00001443325781709
  0.00001554612010035  0.00001672872940408  0.00001803523809213  0.00001945438694043
  0.00002100234501890  0.00002264008156413  0.00002440952962617  0.00002636712331151
  0.00002856634964150  0.00003093718714397  0.00003352319939783  0.00003630856804553
  0.00003944369053493  0.00004286903857513  0.00004656548394574  0.00005052784692046
  0.00005490155895257  0.00005969292746639  0.00006504338988212  0.00007086504817301
  0.00007719082903983  0.00008382299138710  0.00009114131442152  0.00009910736075227
  0.00010805128503209  0.00011799405234680  0.00013010192068573  0.00014360228928492
  0.00015889558560965  0.00017551411799515  0.00019497031471087  0.00021669544069687
  0.00024184985552579  0.00027044306084260  0.00030401032188749  0.00034125885413697
  0.00038050732821113  0.00042385261719573  0.00047689082934843  0.00053586987045631
  0.00060732179606651  0.00068667658461305  0.00077289271684247  0.00086664434398186
  0.00097610498067436  0.00111197504825578  0.00125441308555857  0.00142941269691906
  0.00164079659223125  0.00196701335240859  0.00226268545415489  1.00000000000000000
  0.00000245072045775  0.00000282851993756  0.00000307414927823  0.00000329516028426
  0.00000354820342298  0.00000383861295031  0.00000417141725354  0.00000455785200838
  0.00000502097627702  0.00000557296139314  0.00000619859915654  0.00000687045263544
  0.00000756186669954  0.00000835936086393  0.00000927699987771  0.00001033699972584
  0.00001163453366456  0.00001315571037361  0.00001491930474016  0.00001698419767098
  0.00001932176342800  0.00002185516256270  0.00002464372596949  0.00002779839604407
  0.00003128113110949  0.00003526780646800  0.00003990599244625  0.00004507160806154
  0.00005087383503745  0.00005747154304938  0.00006470077140849  0.00007287489448468
  0.00008214771712444  0.00009242923360180  0.00010372754445553  0.00011597647674937
  0.00012964031091105  0.00014452552661650  0.00016088504337371  0.00017834320697552
  0.00019710428967263  0.00021703806440904  0.00023869298480450  0.00026225245431192
  0.00028719627704206  0.00031420498275361  0.00034323110719042  0.00037479536158445
  0.00040839327988489  0.00044407367694390  0.00048281234806341  0.00052466014161648
  0.00056863473514884  0.00061582363001365  0.00066589213267475  0.00071953488327774
  0.00077583563030529  0.00083563026611546  0.00089762293766804  0.00096066469988384
  0.00102597980593062  0.00109425161742702  0.00116830026647613  0.00124998518640016
  0.00133063837688962  0.00140526018431354  0.00147759931039125  0.00155051641351669
  0.00162482286708216  0.00169877022797150  0.00177458484823742  0.00185824080728213
  0.00194706050578956  0.00204041299803067  0.00214243797203443  0.00224101581305532
  0.00234805219938038  0.00247442033167660  0.00262162384706723  0.00277064208640766
  0.00292210140434632  0.00306989909285593  0.00322672568945875  0.00339897137585382
  0.00358643447164961  0.00376911213931229  0.00392124950407719  0.00404426765587459
  0.00414430220065011  0.00424760105159762  0.00435898148960993  0.00449426404130474
  0.00468207285785133  0.00489472528420706  0.02838797334999958  1.00000000000000000
 -0.00410510908947630  0.01900470776278442  0.03773688371521874  0.05611942085464476
  0.07396902303211260  0.09117662261998290  0.10813449157279026  0.12536167810318627
  0.14230392482938825  0.15856168505987248  0.17466978596941576  0.19059296905757550
  0.20588305421178146  0.22062819955944274  0.23495372919001989  0.24876717560320444
  0.26225751523746255  0.27599664922643713  0.29001014899804406  0.30406274982206866
  0.31808909268365992  0.33195923664433896  0.34564184175580087  0.35892016015107026
  0.37187363638083304  0.38470761116833790  0.39746897630252020  0.40994831954389849
  0.42257400186650640  0.43495919076086798  0.44712924360935724  0.45890442621156635
  0.47062656803691133  0.48202551832331286  0.49340233336602818  0.50449091300980287
  0.51520104678724410  0.52592909905238505  0.53663491938527197  0.54750345347036089
  0.55826115346091920  0.56909678605407732  0.57963103087794510  0.58994915320094909
  0.60009047351460576  0.61025130748664491  0.62002564972618368  0.62963754458893606
  0.63925505473291733  0.64890788819063516  0.65890390252210218  0.66852309615716943
  0.67786784437145275  0.68715669091891107  0.69681318202738518  0.70646760308747925
  0.71546469718791272  0.72430216950305204  0.73329815961812461  0.74221509303930422
  0.75108514371576063  0.75959065739161991  0.76777181563373620  0.77597311370082678
  0.78431730715926196  0.79280774854238378  0.80133953639170696  0.80968358869422186
  0.81758393172515509  0.82503570414870764  0.83235150610659958  0.83977492494712336
  0.84751444544974730  0.85534636194552827  0.86245151415804011  0.86937899818285957
  0.87639695973469545  0.88318788461858000  0.89016103945492253  0.89702478400222485
  0.90337509143295647  0.90970739485534602  0.91609201675037355  0.92285769552395291
  0.92945869306590811  0.93583746998534512  0.94236219284174494  0.94891412116109219
  0.95556797355272671  0.96197834572860419  0.96833798257877490  0.97480161680448818
  0.98131804907079245  0.98782084189254804  0.99404660062009975  1.00000000000000000
 -0.00197485376802160  0.00844165921316721  0.01769136576074072  0.02813568864565025
  0.03835741944841201  0.04890052477444391  0.05958859425715388  0.07041760054432426
  0.08130044200408071  0.09179102606291469  0.10211240424618738  0.11271606403204404
  0.12346733378939978  0.13407326942979392  0.14466814053180971  0.15568016151709774
  0.16704956293182166  0.17807198114209261  0.18919360129911850  0.20008308938814195
  0.21063403787994625  0.22115650659354688  0.23199532523355926  0.24328908215980669
  0.25475704414736738  0.26566989060486013  0.27611829836555923  0.28594465045477235
  0.29565946690459849  0.30550583845973178  0.31559979165754659  0.32567714924323610
  0.33541621334584748  0.34569291924605139  0.35643717897129445  0.36748020480846277
  0.37810886435476820  0.38866295787663757  0.39963832603605431  0.41086815773955609
  0.42202926366989035  0.43293081221763519  0.44378844498364894  0.45515650275810898
  0.46607520231422872  0.47670380120453520  0.48701694752801428  0.49711382340765536
  0.50684282567599648  0.51640145107515589  0.52613736649212139  0.53632700619118490
  0.54692519317551158  0.55778349904139890  0.56907135027733902  0.58040295297652167
  0.59179722915224142  0.60294500803767570  0.61381235275193158  0.62430129076315310
  0.63436763581615885  0.64443236673228532  0.65469153100179900  0.66540412218609302
  0.67617286488434669  0.68683574572200701  0.69745887651868788  0.70799443268053552
  0.71836917650782661  0.72899780986126306  0.74003051337388503  0.75142398526462051
  0.76292496013585309  0.77428346292367412  0.78549250061497600  0.79646989697953419
  0.80718791094829023  0.81783590225769176  0.82842816462610880  0.83928458921099258
  0.85042963952528372  0.86158497606134821  0.87236582610461400  0.88278028575203260
  0.89282574054273067  0.90194072952838089  0.91080583660856507  0.92005842116644421
  0.92959613949812581  0.93914933461083472  0.94866789164152632  0.95830263020201956
  0.96862316354916944  0.97901621687932683  0.98922890382805662  1.00000000000000000
 -0.00249637138576430  0.00959053192455044  0.01923525499296647  0.02940282744502195
  0.03975380967076388  0.05070356536918007  0.06117079390481796  0.07187680645518314
  0.08237181738114911  0.09365042159086834  0.10422182452117155  0.11494890703827877
  0.12587702696287553  0.13681332811714020  0.14740320436708831  0.15776098058623325
  0.16828980084176140  0.17909379521201524  0.18986680510050305  0.20066740013843010
  0.21152533616470187  0.22250364951529011  0.23345043828260645  0.24471494600119181
  0.25591201396164742  0.26696553935895001  0.27751837269378665  0.28771865662218610
  0.29786029506804690  0.30799037860950407  0.31823292266205194  0.32834993054361922
  0.33831023355002926  0.34798281036147416  0.35766171486579734  0.36740167349979175
  0.37665228141619550  0.38617854708344829  0.39558954562627729  0.40560680641507740
  0.41575636434394619  0.42595318133772631  0.43636195807278844  0.44673063179781058
  0.45717156873131171  0.46796203565442257  0.47884085948228039  0.49009587313669933
  0.50175157732649123  0.51307884421582184  0.52439005460022936  0.53540322211393965
  0.54627975184914535  0.55704961190173807  0.56819049915867048  0.57961180360750908
  0.59055554666745913  0.60099393261741574  0.61143995488529501  0.62190758814169378
  0.63221110360029320  0.64268526726506325  0.65324123637388420  0.66396473008696688
  0.67458612115458805  0.68523923741600845  0.69602600060262443  0.70698487004198318
  0.71714191833779828  0.72723265825954386  0.73765046480505536  0.74833060031242993
  0.75905865947260809  0.76987404247507019  0.78066769559462101  0.79099797162322671
  0.80079554225908589  0.81061037121066049  0.82080244512876110  0.83122194962633522
  0.84215924864332292  0.85273684502788871  0.86332454434916206  0.87370855691424965
  0.88361821869568502  0.89355445896138397  0.90339933521373550  0.91361118576427658
  0.92399327933934083  0.93466482818408447  0.94569389365160328  0.95683684383484424
  0.96776632291258469  0.97858841164332511  0.98933336333396893  1.00000000000000000
 -0.00029278083077438  0.00045401697908213  0.00136322644137508  0.00201745514314711
  0.00262113246502325  0.00316515416095499  0.00367432400586166  0.00415112284760653
  0.00460963644609808  0.00506697558353557  0.00551992445921068  0.00596308998873537
  0.00639876378637161  0.00682390138511494  0.00723653843036174  0.00763377254858968
  0.00801120316603210  0.00838333502331982  0.00876473539282666  0.00915299782364487
  0.00954246453816500  0.00992102708001200  0.01029963429859497  0.01064326649160812
  0.01097102111158361  0.01129359457914720  0.01161253250278586  0.01193614564056727
  0.01227919218587972  0.01261674496924629  0.01295661790890924  0.01332172118430330
  0.01370152303702723  0.01407474480275019  0.01441526422317795  0.01475341697915571
  0.01509797336358540  0.01545355374947196  0.01582154215700422  0.01619805265653267
  0.01658829510205751  0.01700681567186045  0.01747977075013356  0.01792448332034469
  0.01834305886762336  0.01874070945600569  0.01921188900967463  0.01976129090698248
  0.02036577507365620  0.02092095043223381  0.02147349230534941  0.02205696240655879
  0.02251009255849964  0.02294276707944330  0.02339061287066470  0.02383088398313421
  0.02432549253666407  0.02493821279650324  0.02552160016458492  0.02599974202297981
  0.02644403730454465  0.02682683267843121  0.02713925286184846  0.02748388483127833
  0.02786766117704660  0.02828561353120030  0.02907118957651367  0.02986058669392768
  0.03038805214318483  0.03095598622719882  0.03155738101519748  0.03200317954824647
  0.03239533749055894  0.03292020605514392  0.03348424885870166  0.03406086430361752
  0.03490727859075572  0.03607378751097170  0.03700945464897879  0.03822598670337633
  0.03940453942775254  0.04005239266952326  0.04070024591129397  0.04123933956293125
  0.04184408297048437  0.04271325246726479  0.04366410298623062  0.04463850074995397
  0.04676055437190735  0.04777947139127253  0.05288458022793819  0.05438156038343932
  0.05723469771616597  0.06030463138170837  0.21972244201038282  1.00000000000000000
 -0.00256490787117459  0.00996493445525074  0.02100186031324741  0.03249042741191663
  0.04409199276420245  0.05499197317501182  0.06476983404440000  0.07375145905574491
  0.08289261465956885  0.09222430989210215  0.10149196904623492  0.11058658614657553
  0.11944070349380635  0.12816823934633428  0.13720751927516114  0.14623930715024547
  0.15578184048880386  0.16525178372626009  0.17514394077694048  0.18481307221099982
  0.19480497383160619  0.20480480043966418  0.21484667837808610  0.22495594633543708
  0.23494932883500122  0.24465781338102127  0.25418725425581917  0.26383259101137202
  0.27348227114521606  0.28326446556363277  0.29320313227825046  0.30353362027760328
  0.31433706162942998  0.32487330183491303  0.33528159668131963  0.34563548757007501
  0.35618176319338962  0.36721713867688005  0.37837827495182219  0.38995130511454928
  0.40153158822912344  0.41317003631113286  0.42499517671610365  0.43710800425509444
  0.44949744574663880  0.46212514908911778  0.47475898265569655  0.48720326776713940
  0.50019366522390118  0.51275416213156688  0.52519695438561209  0.53779037631373794
  0.55043392559406301  0.56240424221957652  0.57382971417808570  0.58482066975570790
  0.59567894734426108  0.60667312623447489  0.61806562310250357  0.62944831384041255
  0.64060082287121822  0.65154066659539922  0.66238892334012467  0.67320618049175396
  0.68394647339526371  0.69488357444159099  0.70607226741847851  0.71730464109491165
  0.72824815159821688  0.73887389360839406  0.74937549201683351  0.75981717150233974
  0.77005293790003349  0.78003247476462079  0.79004593361280295  0.80037266812548358
  0.81085434252167010  0.82087665556906619  0.83053522421382653  0.84041326336449074
  0.85010455527838857  0.85965582798360418  0.86875139185744743  0.87775236265490164
  0.88717810606944636  0.89671857637514418  0.90690488329546826  0.91705594460792805
  0.92737323322981102  0.93780729449578870  0.94821801604514955  0.95834598476411381
  0.96836274750417484  0.97865012504907278  0.98932683762253348  1.00000000000000000
  0.44796995131698741  0.46075822728027643  0.47561157317910668  0.49171276025682592
  0.50833228438049505  0.52299478977631719  0.53643318915364602  0.54944934302799986
  0.56208743910097148  0.57389820965596861  0.58535532370341670  0.59662253481590866
  0.60786255680718293  0.61895781734171562  0.62960228639692029  0.64012104904432399
  0.65050512781913583  0.66074033311086389  0.67091574804141607  0.68088642767717522
  0.69026833415716737  0.69909491278849034  0.70769833685076522  0.71608204682848009
  0.72443895158627791  0.73282489400459017  0.74119141978569236  0.74934084576921500
  0.75728238185088403  0.76517207666012010  0.77283595979012898  0.78020495813892254
  0.78744290792405747  0.79456387962329289  0.80143450741943756  0.80801694639833566
  0.81446356730834768  0.82084715574408340  0.82721497054433746  0.83341283047333803
  0.83927349636042270  0.84489663837105033  0.85037742611827827  0.85573495759547014
  0.86095696542900013  0.86608963558551455  0.87117805875824261  0.87615715988109266
  0.88095344864103886  0.88560564315933510  0.89014905045997439  0.89460754060562298
  0.89886274072649186  0.90288324827248601  0.90676049983612206  0.91048253815364322
  0.91409125713998218  0.91755611057093178  0.92094359997819253  0.92431348485983000
  0.92769413477664997  0.93110200763590678  0.93444336260425309  0.93766791715055242
  0.94077265613050598  0.94385233332247853  0.94692501140528118  0.94998418790773809
  0.95286611988594805  0.95568066596602175  0.95827547006794067  0.96063936459917387
  0.96289924049367459  0.96508787151379039  0.96723285450884022  0.96935510338722497
  0.97138581186271489  0.97335693220854613  0.97527242807371772  0.97713303539680241
  0.97893632581929835  0.98066717575164863  0.98228129872252323  0.98386475322901279
  0.98541564459608011  0.98690522920337720  0.98829178752105606  0.98963917173692273
  0.99093892322243393  0.99220201215525328  0.99344043220722911  0.99467905274939716
  0.99594028813048630  0.99725947584325092  0.99862609971534821  1.00000000000000000
 -0.01150057935925328  0.07716508032510092  0.10813290968382520  0.12626221064076465
  0.14103350549792648  0.15470759424917055  0.16722327694579300  0.17800207984811223
  0.18810901710092096  0.19792407197785578  0.20810347144623864  0.21777417202701932
  0.22716035680356922  0.23599759467609036  0.24452954641545299  0.25231120725731371
  0.25946967022046308  0.26652914508036291  0.27335873022315382  0.27970018831211407
  0.28589988533505239  0.29219012461569271  0.29867523436953314  0.30498978514482011
  0.31123060699434779  0.31795850730804820  0.32497564931172462  0.33199830957347432
  0.33898960554771890  0.34599247695323321  0.35295921837688260  0.35959201393251933
  0.36601697991535548  0.37253053850552359  0.37907264559947251  0.38587573183015650
  0.39282053868594352  0.39968185207414941  0.40646985844006506  0.41300106342060144
  0.41938683214692146  0.42577800015192857  0.43235651571198314  0.43917222393460942
  0.44607044251975042  0.45286913132825402  0.45953911702502809  0.46609449667367420
  0.47252009032878595  0.47892862595930935  0.48548754245107750  0.49213943519909248
  0.49891544216344508  0.50553952668082769  0.51225173195668250  0.51902397906513253
  0.52572965705367314  0.53247057696117073  0.53937397640885820  0.54637936020442979
  0.55337100113322912  0.56032656841492345  0.56730977402540894  0.57439736493368909
  0.58170608182417294  0.58931053392684074  0.59704235033482145  0.60472159025852923
  0.61242882029776413  0.62021541543948189  0.62774747494689687  0.63482665562535978
  0.64209288392079766  0.64954058974762452  0.65714372080897321  0.66483783332482949
  0.67259744298158708  0.68069499935287348  0.68867129024623541  0.69722495985898347
  0.70551982619131981  0.71393178360968346  0.72283622370903922  0.73234088988091428
  0.74246389649332289  0.75303400672292509  0.76384217883503691  0.77483230592893504
  0.78632158477863856  0.79882956999166344  0.81309073161634859  0.82975644151646966
  0.84915682631067790  0.87546055806887135  0.90961125600502402  1.00000000000000000
   1.7143817950441415E-008  -1.0000000000000000     
 F F F F F F F F F F F F T T T T F F F F F F F F T T T T F F F F F F F F T T T T F F F F F F F F T T T T F F F F F F F F F F F F F F F F F F F F F F F F F F F F F F F F F F F F F F F F F F F F F F F F F F F F F F F F F F F F F F F F F F F F F F F F F F F F
  <DiscreteSampler_grid>
  grouped_processes
  1 # 1 for a reference and 2 for a running grid.
  10 # Attribute 'min_bin_probing_points' of the grid.
  1 # Attribute 'grid_mode' of the grid. 1=='default',2=='initialization'
  0.0000000000000000 # Attribute 'small_contrib_threshold' of the grid.
  0.5000000000000000 # Attribute 'damping_power' of the grid.
 # binID   n_entries weight   weight_sqr   abs_weight
    10   10   3.452856915101335E+002   6.109958417996713E+005   3.452856915101335E+002
    16   10   3.452856915101335E+002   6.109958417996711E+005   3.452856915101335E+002
  </DiscreteSampler_grid>
