  0.00000061492638536  0.00000067543463626  0.00000072923039020  0.00000077614023835
  0.00000081152987261  0.00000083647185920  0.00000086987525115  0.00000090462946552
  0.00000094075619687  0.00000097672491834  0.00000101331427690  0.00000104911212508
  0.00000108394390012  0.00000112025656286  0.00000116298762590  0.00000121106995111
  0.00000126034193827  0.00000130854316570  0.00000136646777700  0.00000144452772521
  0.00000154012723394  0.00000163243396674  0.00000173880972052  0.00000183779147098
  0.00000193586650667  0.00000203792332703  0.00000216025600203  0.00000227759301967
  0.00000242175152877  0.00000256833219218  0.00000271606396344  0.00000287679912123
  0.00000304799477383  0.00000322538907220  0.00000340965214300  0.00000360746647994
  0.00000382516321456  0.00000405327508896  0.00000428002016042  0.00000451381173092
  0.00000475175023036  0.00000500225685951  0.00000527501996103  0.00000556397919323
  0.00000582532393611  0.00000607178148149  0.00000633718675376  0.00000659797893782
  0.00000690581267083  0.00000727628959997  0.00000767584411132  0.00000809395512963
  0.00000853796806473  0.00000909685508449  0.00000961268006211  0.00001017306845576
  0.00001077259109162  0.00001142040254957  0.00001213758239241  0.00001298906203728
  0.00001394196180805  0.00001493906626830  0.00001597493563370  0.00001703184625347
  0.00001819234573734  0.00001941811335085  0.00002071999106185  0.00002227959091644
  0.00002402879131239  0.00002585347159621  0.00002770885424201  0.00002959944263418
  0.00003176494039861  0.00003431229202273  0.00003710447281048  0.00004011069985557
  0.00004333025089245  0.00004678963172010  0.00005054927519874  0.00005482337033386
  0.00005962513263697  0.00006578208557006  0.00007421405013129  0.00008401681542174
  0.00009579568366789  0.00010755830057376  0.00012286890927375  0.00014106034898943
  0.00016766498262851  0.00020850450250001  0.00027011931490117  0.00038682823280872
  0.00062442197572397  0.00133298261403873  0.00720203227411772  1.00000000000000000
  0.00011793322684709  0.00012242928834984  0.00012593167051669  0.00012920689387907
  0.00013466943027252  0.00014108869728631  0.00014761148519343  0.00015410738856501
  0.00016282984603181  0.00017203950727597  0.00018131260424731  0.00019100578680010
  0.00020084493432211  0.00021042168719418  0.00021997571947451  0.00022986548135809
  0.00023998548565323  0.00025003742547838  0.00025971678756855  0.00027017714856234
  0.00028171591200564  0.00029423879663045  0.00030674424562581  0.00031825138299951
  0.00032919883856295  0.00034051399828439  0.00035219285074514  0.00036461246823934
  0.00037703925251739  0.00038989373007529  0.00040395023373696  0.00041850877294975
  0.00043336692711262  0.00044858734515548  0.00046434140108147  0.00048089997884659
  0.00049708782257447  0.00051241146232798  0.00052710955117441  0.00054152553730273
  0.00055853797991984  0.00057779917178547  0.00060039625433948  0.00062757931341589
  0.00065625219438732  0.00068404988991062  0.00070918674469737  0.00073411937027806
  0.00075840553153331  0.00078525430744049  0.00081465867738641  0.00084657141710564
  0.00088160888439586  0.00091698968912879  0.00095169239355059  0.00098673538147111
  0.00102253175518831  0.00105924849800616  0.00109572738245013  0.00112882909472974
  0.00116997708362521  0.00121862741934319  0.00127557659264599  0.00134681456053541
  0.00139771208894891  0.00143969447175210  0.00147501761040431  0.00152771743463372
  0.00157812823847880  0.00161153132113832  0.00164709352807189  0.00169124981269671
  0.00173382957544681  0.00176301307012404  0.00178883535541561  0.00181933692961939
  0.00185455327478861  0.00191776194046926  0.00197661627772550  0.00202090463536652
  0.00208456659273500  0.00217645713506968  0.00224863641448895  0.00229791304465314
  0.00234519473085532  0.00246597965618766  0.00280436889466172  0.00320791985679820
  0.00361581888788723  0.00413208976245987  0.00464836063703250  0.00506079199821071
  0.00530344348591214  0.00554609497361357  0.01033700819749689  1.00000000000000000
  0.00000404984837782  0.00000414224965109  0.00000422145543435  0.00000428918067510
  0.00000438486999428  0.00000453691561649  0.00000470200361669  0.00000487167354288
  0.00000508661235776  0.00000543893662920  0.00000582423565401  0.00000625225669807
  0.00000673380592005  0.00000725136219757  0.00000780481661624  0.00000846123030348
  0.00000923018109310  0.00001007841819148  0.00001098791596943  0.00001198567578049
  0.00001305345892510  0.00001415885537831  0.00001547060752005  0.00001695241381793
  0.00001850649774185  0.00002010482178520  0.00002185465685737  0.00002389371136615
  0.00002606559493909  0.00002899897381633  0.00003175083619578  0.00003440373202172
  0.00003728760694178  0.00004023786589095  0.00004330800863629  0.00004681244263262
  0.00005125187409794  0.00005656321073121  0.00006208873590436  0.00006767372773687
  0.00007376022227858  0.00008047947534271  0.00008800891496752  0.00009522840440360
  0.00010240089877602  0.00010979959967796  0.00011798782709941  0.00012685147782241
  0.00013653996684545  0.00014814553038325  0.00016173166058816  0.00017718883873108
  0.00019361928879426  0.00021076425791381  0.00022960556232520  0.00024899759784953
  0.00026921723029220  0.00029104760988790  0.00031475239454381  0.00034103023932077
  0.00036763907272445  0.00039442643936378  0.00042151334228253  0.00045151596578422
  0.00048802369457692  0.00053012330666798  0.00057620038569051  0.00062721037238295
  0.00067701154040235  0.00072385835187717  0.00076822905550262  0.00081770894333611
  0.00087845770641086  0.00094988296630007  0.00103045435400734  0.00110203461395286
  0.00120177993566009  0.00131141640035194  0.00148602156087685  0.00165301574843937
  0.00179654820142806  0.00194800900154193  0.00212332384333220  0.00228618721511299
  0.00244903966367323  0.00263388691041728  0.00285538112203683  0.00298027269727633
  0.00304354357096632  0.00310681444465632  0.00331525509094508  0.00390316099069495
  0.00449106689044481  0.00507897279019467  0.00612795846789279  1.00000000000000000
 -0.00358388546398232  0.01640979738529018  0.03347942142759184  0.05007106507500321
  0.06680891844941390  0.08215064739252032  0.09771819596330560  0.11330492160665681
  0.13015741666821901  0.14631236411122245  0.16164033921291748  0.17617533019167803
  0.19208995938152662  0.20759551765705495  0.22280120079221719  0.23878200201492694
  0.25645086363808195  0.27332547482061670  0.28822053040834511  0.30227274871645909
  0.31570083896236323  0.32898008184406430  0.34322437762354718  0.35715109330363831
  0.36975091846604308  0.38084352630957252  0.39076148983360465  0.40064257452009466
  0.40937774639688623  0.42074758587932454  0.43363959945405472  0.44620994017072119
  0.45841450143405110  0.47084851446622494  0.48284193364489536  0.49479821296943277
  0.50718970935102925  0.52105403626130398  0.53523549051404384  0.54671075844107453
  0.55746340694368457  0.56674116873928149  0.57423907622100534  0.58421098177924291
  0.59444254531978358  0.60467538673796606  0.61428818816800079  0.62372826498988465
  0.63424679933413564  0.64550512140366034  0.65541246572342360  0.66445154773438209
  0.67383863403562894  0.68348625104191563  0.69383465359996188  0.70295283305495038
  0.70968044802427022  0.71655165895892781  0.72352619843684640  0.73114389244391276
  0.74012531311828522  0.75022082112724109  0.75817609201106362  0.76518713349157119
  0.77210784314641212  0.77819835621141031  0.78452613414363792  0.79110941958002834
  0.79768895093017833  0.80392256513339500  0.80991832490360471  0.81677446877817050
  0.82491712965512587  0.83290540264460644  0.84066869520030363  0.84853134946783904
  0.85632506023031940  0.86447972839231346  0.87249068596718016  0.88067999744427405
  0.88800772246684612  0.89586569932384374  0.90394346845044526  0.91211344562343855
  0.92004697143593461  0.92824094979292238  0.93615984498827709  0.94338515457029826
  0.95050705324399520  0.95774246444258981  0.96488373629282453  0.97204365769211454
  0.97928107129310249  0.98663376398032909  0.99349855360529593  1.00000000000000000
 -0.00034812878008232  0.01062291230329079  0.01882866557014652  0.02878623193988360
  0.04062770220000086  0.05364196287982624  0.06687874543246496  0.07874867095885664
  0.08997116503526841  0.10082304148600484  0.11146160934021038  0.12230977959476927
  0.13352320140910121  0.14536485263680299  0.15791204505426862  0.17031496032421609
  0.18227708737869419  0.19355170411604955  0.20465997541934819  0.21672209458865080
  0.22946810826932623  0.24072516131444621  0.25105166249583877  0.26127782353239143
  0.27136120691044568  0.28179446401034747  0.29220954547131650  0.30305385184087813
  0.31286401467636082  0.32173446956404861  0.33054312736779740  0.33957896825179684
  0.34939857841655941  0.35994492619843899  0.37112374405179122  0.38153967761929775
  0.39141328587763152  0.40149287538330081  0.41195989703050773  0.42243765642688247
  0.43369442538874914  0.44662551662454603  0.45987561912898278  0.47238929810266961
  0.48495582870106702  0.49822192508924346  0.51016597054718016  0.52129477904871457
  0.53203545454894829  0.54316363927658873  0.55505639354498248  0.56914543362631509
  0.58305343191177217  0.59666167787317326  0.60824693853556322  0.61829689476492500
  0.62822777564089105  0.63839467461543298  0.64938615960330692  0.66066810079756222
  0.66993725773688884  0.67807698706766428  0.68615598887578433  0.69426385286762904
  0.70231321265484881  0.70806378516194379  0.71361385928531595  0.71905672785958674
  0.72465463677648012  0.73314980255874096  0.74438440203039480  0.75601701791790887
  0.76897922978696021  0.78139513754382606  0.79294691451663135  0.80446154675758863
  0.81570988903489783  0.82646776672142541  0.83863450522114047  0.85067155574347963
  0.86092428723094183  0.86959968865821935  0.87821611888387996  0.88636377837234614
  0.89465014872702764  0.90294667053678890  0.91118486280453237  0.91940401539164163
  0.92795041210972540  0.93727327480076517  0.94783541236103308  0.95846033813582787
  0.96852664383079357  0.97875571340785972  0.98949837437127541  1.00000000000000000
  0.00455207526987228  0.02464001304309677  0.04636358360995951  0.06223445037075026
  0.07748632371890450  0.09184852211869068  0.10630671946312016  0.11912024006254131
  0.13057060215483482  0.14122689872633348  0.15188040115137952  0.16392061455134291
  0.17607152943581797  0.18848234340350470  0.19953284914749855  0.21071799042247311
  0.22171711495834290  0.23193294638685399  0.24196196988164242  0.25349890817336368
  0.26745140561664993  0.27889669407898704  0.29034990932478089  0.30160886975477907
  0.31281911453249950  0.32465446148152272  0.33823717385915836  0.35312012174207091
  0.36689656943609095  0.37961098047600833  0.39215929153209728  0.40503865788766835
  0.41812611623484131  0.43091059160038148  0.44304764640766658  0.45475243293083045
  0.46731653533112494  0.47977385071125872  0.49099514763555763  0.50159135234458918
  0.51216874459116857  0.52332296230106801  0.53411100643938392  0.54549401065816450
  0.55765630712611036  0.57008710663411688  0.58290742169714505  0.59591871209765368
  0.60843874402957110  0.61998970706006618  0.63090304458756108  0.64206000635765981
  0.65377760929090534  0.66598235137751693  0.67771204650166983  0.68921388441723930
  0.70096204359782777  0.71248196408731501  0.72243518846262778  0.73149976588833321
  0.73948257215209923  0.74713535591853719  0.75606799521140955  0.76479877714556899
  0.77366739593670242  0.78301885304048402  0.79281012386975258  0.80401631280770003
  0.81549329428250839  0.82666420100746008  0.83724863293210083  0.84692815402012667
  0.85656483253014792  0.86546129682733142  0.87390900641619840  0.88022588883125574
  0.88645753553708517  0.89312720311569183  0.89968491180722132  0.90620290753940347
  0.91241887384495601  0.91867154725918898  0.92497646270771672  0.93150051705566927
  0.93821852349259105  0.94569290524704974  0.95294709708462488  0.95928938036720734
  0.96493873590706036  0.97024569905987579  0.97565204654088744  0.98062692498422110
  0.98556718676327315  0.99053558674839748  0.99523037173268136  1.00000000000000000
  0.00059268677333669  0.01101841729147503  0.01941740409343706  0.02786795834298079
  0.03571026091553989  0.04342573787973261  0.05183600047082181  0.06090657488330891
  0.07154023117009446  0.08110770810545476  0.09213038101156916  0.10354198071252849
  0.11626430122917322  0.12842417528274425  0.13935388858132658  0.14923969416368560
  0.15866936456440503  0.16786598828630681  0.17759442360191721  0.18729002879269321
  0.19803285776723500  0.20826330312385941  0.21880924231328461  0.23002384097937498
  0.24227096192461967  0.25443187252518923  0.26602399885827038  0.27720602845698378
  0.28917744560821901  0.29998065521971523  0.31145144777022421  0.32304799166344267
  0.33441315197366817  0.34486351641001323  0.35605163911201626  0.36760969605890570
  0.37907347924022045  0.39035329562509008  0.40144155399976755  0.41328566484469592
  0.42500572454479707  0.43739524728148471  0.44671217572454025  0.45686573854780915
  0.46730260534740359  0.47674304787470473  0.48561663604670691  0.49451649750254023
  0.50522480389388225  0.51751650694399176  0.52929578115530784  0.54101855454179404
  0.55243878116135747  0.56423246974426644  0.57411623549365265  0.58373580563666994
  0.59414591169255659  0.60594658132809642  0.61812415605661553  0.63045779502449473
  0.64259062614614948  0.65472579575798873  0.66653466229547931  0.67649219133350524
  0.68538871226778819  0.69439167327933049  0.70391620498131524  0.71342846134286064
  0.72082879373950770  0.72808677544310385  0.73576708823110604  0.74426274129202497
  0.75690443328289525  0.76987760553821161  0.78365994196385569  0.79768833257034444
  0.81168132745884125  0.82528101794572239  0.83820752882796923  0.85066817792620342
  0.86395445804604998  0.87711084908094594  0.88967366135982284  0.90048780382492599
  0.91032026649216280  0.92036438614190608  0.93093476230146199  0.93889916729176270
  0.94567594722901382  0.95207147415420568  0.95970115936214750  0.96860738448519446
  0.97704515903086064  0.98492536990969748  0.99252224466582384  1.00000000000000000
 -0.00140286781759601  0.00949871744492062  0.01878551818197874  0.02774375214038861
  0.03694280783259905  0.04664926484284027  0.05680230843788090  0.06783817553292380
  0.07998974494901115  0.09181075311270166  0.10281045382553940  0.11412962055588920
  0.12438356368793377  0.13274220344476614  0.14009676154832032  0.14776430438047017
  0.15622881612709263  0.16495172502793345  0.17395206911438707  0.18349428290879383
  0.19412421730070067  0.20587516635389097  0.21790339306990678  0.23024500099901357
  0.24326127863248609  0.25699989971335063  0.27100544450392289  0.28504879219596008
  0.29829528738837796  0.30958164021300000  0.31928435544654182  0.32823940761787318
  0.33722117665104101  0.34697305558260677  0.35642997327186160  0.36280862934080077
  0.36924950801466061  0.37572015768359351  0.38318027799417642  0.39231737406854550
  0.40075440868981765  0.40932279375521041  0.41813709691832246  0.42690149911304726
  0.43539815062371989  0.44381472519030840  0.45187232947098138  0.46141003255610163
  0.47682669482090467  0.49287981330873937  0.50733650241062944  0.51897095709511565
  0.53060954774709168  0.54137734885272448  0.55149358410112259  0.56198849137394891
  0.57306513135448545  0.58418159643898004  0.59513575959680032  0.60659870299879548
  0.61921787536767059  0.63249287818437439  0.64579995067154894  0.65949968400174586
  0.67222172532408020  0.68504337788429592  0.69801164631241186  0.71127373317755405
  0.72290901197726221  0.73358674091016962  0.74499937860932430  0.75596625238624826
  0.76716394095410578  0.77745372483239095  0.78784862911574383  0.79949851440244413
  0.81040546415137904  0.82119716989235425  0.83184794143238072  0.84446085159615614
  0.85751452074171775  0.87005303310275972  0.88125888353201165  0.89170146203227174
  0.90169796854301898  0.91233301958999424  0.92090521957099714  0.92870970242562767
  0.93754817574410987  0.94652930774395838  0.95549861419405191  0.96443379286805919
  0.97274586403126784  0.98059946719120339  0.99030818252952590  1.00000000000000000
  0.46762776988112759  0.49358144126651932  0.52163857129445179  0.54629258479782139
  0.56766470111989675  0.58669286998554271  0.60501092723293370  0.62356251444848765
  0.64020088139080888  0.65490476532526176  0.66888696898329114  0.68141668140478606
  0.69287814267017322  0.70483893034582357  0.71625370713908432  0.72707696112526776
  0.73774891087557315  0.74808980776392298  0.75712901586994841  0.76622373479273442
  0.77519205683831227  0.78353845789757759  0.79148381188866102  0.79928057349621950
  0.80668440699131427  0.81405727137256700  0.82169019538546506  0.82914478188319707
  0.83616762592189620  0.84274301632037540  0.84906499669589497  0.85486766137082104
  0.86025138223530184  0.86562717990301741  0.87075632465864539  0.87533179677035255
  0.87963208283441163  0.88400494948758668  0.88852239177134595  0.89282623420312257
  0.89679477567932386  0.90062997725447136  0.90437256293355017  0.90808207087912651
  0.91169486813588330  0.91526619022936584  0.91877640772517177  0.92228122367402166
  0.92569199334468322  0.92901729495982377  0.93238630687373358  0.93581232229130740
  0.93896818705444307  0.94204825242322043  0.94496208817934257  0.94765808030828635
  0.95011567665449959  0.95235212869361030  0.95442067066711389  0.95664042045643660
  0.95848319929696835  0.96011200525102602  0.96166507520071898  0.96324458867398743
  0.96484802959460003  0.96635781223794093  0.96784634884135157  0.96925972643026348
  0.97064607110534018  0.97200687800509955  0.97335616444445416  0.97478022241127116
  0.97618978691326386  0.97759654973689136  0.97899021330591252  0.98031871263505643
  0.98153485622749825  0.98276492145214089  0.98402703130426317  0.98524106887379748
  0.98640913474257363  0.98755883555172186  0.98844984635058386  0.98928221370485436
  0.99008753446747499  0.99087087477717173  0.99162907439795833  0.99240314973044941
  0.99318174607952747  0.99395477613522443  0.99473210190339334  0.99556208372383159
  0.99644503126141448  0.99738119055021379  0.99854823066443132  1.00000000000000000
 -0.00243809479630707  0.08006557309518667  0.11104193003644840  0.12992633141019083
  0.14414758636557054  0.15703347681337479  0.16890613811102870  0.17882666731768720
  0.18834074459387234  0.19732977162642704  0.20645496431072791  0.21534491968009606
  0.22395658197913620  0.23234191848215383  0.24009299503982987  0.24813097977338819
  0.25601427939786459  0.26374066291605219  0.27116161796737115  0.27850716688766486
  0.28608471732091817  0.29431056641697156  0.30320805787841065  0.31171309228204575
  0.31870151860844731  0.32490764910892295  0.33074831329013993  0.33678794523198824
  0.34247355194699147  0.34831854492503916  0.35416233941838471  0.36008695127372586
  0.36586243386631878  0.37168444916133697  0.37805164638044125  0.38522312884094095
  0.39243883586301681  0.39896226397697326  0.40577833647672890  0.41321843922493823
  0.42049656444533445  0.42796997838923240  0.43555279428849181  0.44290664739232455
  0.44971797769316973  0.45634651390188413  0.46323764385854671  0.46993051574731876
  0.47701523418833280  0.48391054814313555  0.49031788397353726  0.49657498767918223
  0.50252358441801481  0.50881268675429303  0.51561069699222251  0.52237106762690166
  0.52908207432415377  0.53545262941358296  0.54205392443153899  0.54847360650719790
  0.55454576088271890  0.56063567550614579  0.56683873895148773  0.57326486488329387
  0.57937288369119522  0.58556801065521313  0.59291055722249042  0.60039009564271861
  0.60869940842730763  0.61660304684965050  0.62446893059988851  0.63255286653364129
  0.64117313209599269  0.65009538872939376  0.65946767966277031  0.66888864399346459
  0.67800578956921387  0.68716349047061931  0.69631393873289404  0.70241035280667452
  0.70846488232246363  0.71443204090417456  0.72026263402477375  0.72600805745434260
  0.73441698711559888  0.74378808758487280  0.75398447069595087  0.76498389793963251
  0.77898576515918638  0.79514750059024508  0.80681229109904418  0.81899042157626423
  0.82981206859222478  0.84271637653568909  0.86221853095296686  1.00000000000000000
   1.0261948916371784E-011  -1.0000000000000000     
 F F F F F F F F F F F F T T T T F F F F F F F F T T T T F F F F F F F F T T T T F F F F F F F F T T T T F F F F F F F F F F F F F F F F F F F F F F F F F F F F F F F F F F F F F F F F F F F F F F F F F F F F F F F F F F F F F F F F F F F F F F F F F F F F
  <DiscreteSampler_grid>
  grouped_processes
  1 # 1 for a reference and 2 for a running grid.
  10 # Attribute 'min_bin_probing_points' of the grid.
  1 # Attribute 'grid_mode' of the grid. 1=='default',2=='initialization'
  0.0000000000000000 # Attribute 'small_contrib_threshold' of the grid.
  0.5000000000000000 # Attribute 'damping_power' of the grid.
 # binID   n_entries weight   weight_sqr   abs_weight
    10   10   1.704284170131538E-004   1.644881346130469E-007   1.704284170131538E-004
    16   10   1.704284170131538E-004   1.644881346130468E-007   1.704284170131538E-004
  </DiscreteSampler_grid>
