  0.00000087442160699  0.00000096189339174  0.00000107480862844  0.00000120449006369
  0.00000133367554827  0.00000146965832930  0.00000162247555437  0.00000180149213047
  0.00000198653400515  0.00000219467388423  0.00000243856135714  0.00000269898852396
  0.00000294646804650  0.00000319071749731  0.00000345277436866  0.00000375835829463
  0.00000410436974359  0.00000446819361205  0.00000484014744715  0.00000522780511382
  0.00000563643096732  0.00000606169652328  0.00000651872849282  0.00000703586541859
  0.00000760573502260  0.00000823454858858  0.00000885560057073  0.00000953989389340
  0.00001024085625627  0.00001093461159000  0.00001166907417883  0.00001247174395699
  0.00001330991374007  0.00001408940235538  0.00001486597452685  0.00001571591405023
  0.00001657208280031  0.00001756317542860  0.00001886598618727  0.00002035664848741
  0.00002215056920721  0.00002413647561964  0.00002640140262485  0.00002879016999910
  0.00003120876889280  0.00003377648475196  0.00003660868494253  0.00003955802698479
  0.00004219062110069  0.00004479763087841  0.00004770441884218  0.00005116284458278
  0.00005571342968184  0.00006049342010276  0.00006542347672833  0.00007039874642940
  0.00007536015842500  0.00008045478046417  0.00008554455178001  0.00009119461985926
  0.00009826024151087  0.00010643552884828  0.00011599522411683  0.00012625526711583
  0.00013817192125070  0.00015037538698430  0.00016301374455945  0.00017561678269464
  0.00019025305032922  0.00020375842200882  0.00021723292605866  0.00023086547629883
  0.00024677543197208  0.00026961009267093  0.00029723655492161  0.00032285006564085
  0.00034695079109941  0.00037267146375658  0.00040721120240942  0.00045230217109292
  0.00050343387900251  0.00055424924900604  0.00061705295888036  0.00069961209307865
  0.00079666532475131  0.00088585473147568  0.00097150140882237  0.00104415375767375
  0.00111629571571036  0.00121450707471750  0.00132499207461948  0.00168661399906922
  0.00225721198206579  0.00284409246230253  0.00341385426572240  1.00000000000000000
  0.00000297655849894  0.00000332557213125  0.00000349378029552  0.00000366236314763
  0.00000387171686069  0.00000408312608622  0.00000430875471545  0.00000459127648869
  0.00000490490760488  0.00000525369659098  0.00000565437465331  0.00000617976621432
  0.00000678951415079  0.00000747370004584  0.00000824987829945  0.00000912753992735
  0.00001007430946203  0.00001111542758289  0.00001221460103852  0.00001350255014480
  0.00001488040023405  0.00001623610005352  0.00001781205124103  0.00001954494777435
  0.00002152009876949  0.00002380059701773  0.00002635269548312  0.00002915747492390
  0.00003230526081653  0.00003566337765940  0.00003987197535158  0.00004504168930021
  0.00005062963747275  0.00005625126206382  0.00006246027653077  0.00006867090103618
  0.00007398463861146  0.00007912409390840  0.00008434366352124  0.00009014972730296
  0.00009774582778460  0.00010637604117505  0.00011669298787491  0.00012876111027322
  0.00014266939785358  0.00015728775725339  0.00017132644709117  0.00018502262207632
  0.00020039051365971  0.00021636695052366  0.00023304872341282  0.00025041976937592
  0.00027080230750147  0.00029265996153493  0.00031510344468288  0.00033901656232450
  0.00036495349035499  0.00039426778934160  0.00042549626904200  0.00045957543140928
  0.00050430294885059  0.00055163159222407  0.00060186458039774  0.00064507244629332
  0.00068297674732442  0.00072213727330016  0.00076967172689128  0.00081294581269640
  0.00085823513937787  0.00090553547839527  0.00095096772942899  0.00100199575648254
  0.00106202771108381  0.00120444013634525  0.00147826071836612  0.00180323857045703
  0.00212091437127855  0.00218714635388762  0.00225051581127640  0.00237707664909875
  0.00251628555400131  0.00267323091823751  0.00280926347320758  0.00293736395545845
  0.00306914010817182  0.00323544668373794  0.00343714519343639  0.00355405344521564
  0.00362116125794203  0.00374388290008574  0.00400769884029712  0.00428493804643529
  0.00456209798991495  0.00488089957315187  0.00519632207255821  1.00000000000000000
  0.00000077516640912  0.00000091509989837  0.00000100765711637  0.00000110419164085
  0.00000121069801215  0.00000133205561615  0.00000147251859322  0.00000161858204878
  0.00000176189622986  0.00000191955724023  0.00000210190120583  0.00000230292181443
  0.00000249130148325  0.00000269860831014  0.00000293384734328  0.00000320939711162
  0.00000351686587203  0.00000384772151237  0.00000418451007909  0.00000449640896946
  0.00000480158439549  0.00000511478038578  0.00000545224204940  0.00000587550756059
  0.00000633922203346  0.00000683117564944  0.00000733074040943  0.00000784027772802
  0.00000832981031875  0.00000890172572903  0.00000956214862349  0.00001027523803108
  0.00001101959475667  0.00001178995103647  0.00001258143798071  0.00001343484228730
  0.00001438995940334  0.00001551080274905  0.00001669347848264  0.00001792188489392
  0.00001920827311704  0.00002041379272813  0.00002153444906245  0.00002270975557655
  0.00002392967846950  0.00002519328584346  0.00002667920923488  0.00002836149067289
  0.00003018124820649  0.00003204914219401  0.00003437266639665  0.00003718670445929
  0.00004036997330078  0.00004369066093139  0.00004716231556769  0.00005085161676744
  0.00005498648594775  0.00006013412735550  0.00006529498555619  0.00007074235028626
  0.00007620585210802  0.00008176973858602  0.00008780021002718  0.00009465050024856
  0.00010222852391169  0.00011007842476223  0.00011817455177042  0.00012627325560097
  0.00013573020142444  0.00014550812488509  0.00015437582250365  0.00016328667276605
  0.00017261554076980  0.00018335784711984  0.00019423010888985  0.00020307807117441
  0.00021336478723130  0.00022247782454944  0.00023246732915421  0.00024979469276923
  0.00027509867783541  0.00030170861377460  0.00032637443087946  0.00035062471621987
  0.00037287406367675  0.00039759121742927  0.00042511474062044  0.00045340249771050
  0.00048919216475507  0.00054184484532160  0.00068229466840041  0.00110478684588130
  0.00124260735791125  0.00139722109875084  0.00157860694642950  1.00000000000000000
 -0.00182621503969031  0.00676610231037228  0.01394884345448734  0.02118255308049703
  0.02906013615020273  0.03657630073203037  0.04355188522365290  0.05005610722350064
  0.05655371039663267  0.06399798886337590  0.07333173699484646  0.08229743642254585
  0.09031575033194933  0.09787024746677411  0.10518393459858204  0.11282747184770693
  0.12014582499726971  0.12787187581365719  0.13633046245739283  0.14530685018204820
  0.15391549611513855  0.16185589919986709  0.16989847787988446  0.17803306264081062
  0.18635199706225503  0.19464731779023145  0.20278753729543877  0.21126874153709410
  0.21989094478749019  0.22961313690400897  0.23928154029019325  0.24870249580152171
  0.25831025021836218  0.26821753419521088  0.27605835106832094  0.28176599823288973
  0.28745762800894820  0.29296609497575743  0.29829831505753024  0.30395002527975312
  0.31336140057154721  0.32439500701326662  0.33608087084988997  0.34801706152309764
  0.35841996596048625  0.36810468516169881  0.37774083521965207  0.38530991276732923
  0.39224880714736743  0.39856585822498558  0.40478326948211002  0.41352183578389623
  0.42263778152311499  0.43190266502882807  0.44044692348574299  0.44910605710374069
  0.45799865193766337  0.47099114544965431  0.48385080005629294  0.49362328151307577
  0.50325309887227876  0.51299893378565153  0.52462273295621453  0.53739733881242246
  0.55048967550356820  0.56387178772240842  0.57739258675953264  0.59089240565579071
  0.60470617497157209  0.61589351948704718  0.62681488663073082  0.63729828754876250
  0.64672962212181029  0.65624185448209815  0.66622428200359873  0.67799638445881050
  0.68845669392375797  0.69811479748842464  0.70826724853040846  0.71998546579420597
  0.73428230422568952  0.74971133844615145  0.76496837993303246  0.77894881533170723
  0.79305884174522823  0.80681440554347161  0.82297310766381515  0.83923491366748837
  0.85563338129984889  0.87192759329515845  0.89109497734897181  0.91210519409543589
  0.93422199876673151  0.95646946956696233  0.97941127918883741  1.00000000000000000
  0.00363472698789479  0.01419234971154740  0.02093051076088259  0.02939913760735713
  0.03711704653577295  0.04717699440289413  0.05734666566531690  0.06927000522172896
  0.08156375387009822  0.09325878145553548  0.10477549826305545  0.11636716198735646
  0.12708509809886734  0.13669516203580340  0.14637419497195975  0.15682359731570211
  0.16710339698134197  0.17626409358645084  0.18458670725651968  0.19479745698767764
  0.20615436704616769  0.21652978097719883  0.22693618109560193  0.23856917354854482
  0.25059303845626241  0.25802078104618786  0.26564217034945381  0.27351848505519538
  0.28145414769324106  0.29308851091040672  0.30623014546210509  0.31870335988810783
  0.33158712618301961  0.34519593928315034  0.35765572298722725  0.36874398584881674
  0.37906171120780446  0.38951442650188478  0.39989162611611612  0.41047995619969513
  0.42255338410128152  0.43416259062488544  0.44470871543868218  0.45461299008654904
  0.46127821870746044  0.46858294820261981  0.47660523547367101  0.48448307950881325
  0.49381284575211881  0.50504266761730898  0.51606402295090326  0.52700751945984370
  0.53864174876153270  0.55115898091374160  0.56420501672780932  0.57666140616297734
  0.58880536696784425  0.60111115786144953  0.61380612095630893  0.62567896797958378
  0.63609914438804516  0.64588691175713531  0.65589176448206143  0.66699217718977211
  0.67901894141452146  0.69140425725646915  0.70359706562525737  0.71559654131605244
  0.72674354893675719  0.73689987635533072  0.74722125556569441  0.75859065095952938
  0.77032724213798742  0.78169496278445461  0.79321559313959633  0.80442779788569529
  0.81548483379572478  0.82627212605694100  0.83622731200659373  0.84631079579244484
  0.85714944786114811  0.86966136817768480  0.88080197512246361  0.89071949320424570
  0.90080182718227209  0.91150316267222786  0.92206311037629773  0.93095471917959483
  0.93815997478447632  0.94514294491017414  0.95234751984616706  0.96131511570599737
  0.97116180722499146  0.98067251982786696  0.99019527408154062  1.00000000000000000
 -0.00213218322668133  0.01011109396264842  0.02028463053231356  0.02981645748297378
  0.04013239588663832  0.05159169990068124  0.06441644940163264  0.07778453715032164
  0.09060986819918929  0.10282555988402353  0.11467306653078538  0.12611054030640534
  0.13696415210703328  0.14771501991463928  0.15920500898878143  0.17054122583605025
  0.18143599794787371  0.19283003393029299  0.20431384719438234  0.21515319325471624
  0.22395192798168412  0.23269260193939315  0.24172439172307458  0.25206612805918283
  0.26371827463358044  0.27587117818234691  0.28818165392890333  0.30040024838499590
  0.31269468705665887  0.32464805903097255  0.33615000800492717  0.34632674968053667
  0.35528202830116590  0.36369500002619876  0.37072804694961858  0.37895359750294977
  0.38753501384823330  0.39620948766038366  0.40742553763877543  0.41904584622803631
  0.42944520284270754  0.43841943215949675  0.44715976568081778  0.45651347872731268
  0.46628926089713124  0.47687230936105518  0.48763601462227829  0.49864394739974993
  0.50963074366473404  0.52107989989264325  0.53426573679235556  0.54709406849827924
  0.55901946989021922  0.57088067388128694  0.58284270995225362  0.59420500821549527
  0.60595459103369731  0.61712475540710066  0.62797764112881493  0.63751072982235168
  0.64704419093400511  0.65548986248662311  0.66451654494387624  0.67353379865430951
  0.68406254112814469  0.69662062461872865  0.71026210734457740  0.72447939250984916
  0.73483595399218626  0.74226016009802798  0.74878830970371713  0.75539997604389053
  0.76329766450917147  0.77210479615105021  0.78037341030304652  0.78811573375304400
  0.79863235622477668  0.80531478557799785  0.81111538431324293  0.81778845761088426
  0.82488185483343002  0.83196628771490200  0.84397991191478472  0.85627112553268603
  0.86799986220460734  0.88073944594529252  0.89429522586181354  0.90718091816643898
  0.91973183130244507  0.93214663924973529  0.94418175561084972  0.95580196305810716
  0.96717565720669108  0.97826149623901770  0.98934157713048698  1.00000000000000000
  0.00007444590350610  0.00010776677800875  0.00013945197456615  0.00016028556924969
  0.00018244802438752  0.00020653924420939  0.00023173816974598  0.00025664662842714
  0.00028484449865977  0.00031683592802010  0.00035180096116266  0.00038495348524176
  0.00041718959567373  0.00044853552340292  0.00048033178173668  0.00051254286917693
  0.00054761188599574  0.00058437650331064  0.00062194584570643  0.00065871445868476
  0.00069307116339993  0.00072475993996320  0.00075327967509674  0.00078321977614988
  0.00081461909500297  0.00084685041517927  0.00087950294987344  0.00091279171389698
  0.00094511389994626  0.00097765018470961  0.00100654050970163  0.00103623054110356
  0.00106677166028496  0.00109883417863769  0.00113084160851806  0.00115712342386337
  0.00118309597394170  0.00120903861929479  0.00123495042875890  0.00126138289964094
  0.00128776333196400  0.00131444626049679  0.00134120513992373  0.00136854857620770
  0.00139602608290220  0.00142514219331567  0.00145502374232931  0.00148316500601018
  0.00151057236319563  0.00153805664731553  0.00158641701453715  0.00164851436769551
  0.00171466420054632  0.00178303976115138  0.00185172529304800  0.00191637272607238
  0.00197740225298874  0.00204082110198422  0.00210228974822440  0.00216802009967715
  0.00223605804683365  0.00230640667536747  0.00236060322586718  0.00241024714059128
  0.00245757832381708  0.00250273213974843  0.00256102942579707  0.00262583029105919
  0.00269255504300009  0.00275376448347154  0.00281382367333028  0.00285202570671607
  0.00288054107433907  0.00290916207680569  0.00293788328275324  0.00296645080211754
  0.00299473117577243  0.00302893509561991  0.00309804097560180  0.00318176497197210
  0.00327824406068192  0.00338807654880367  0.00350111602574699  0.00360874120001784
  0.00371060468081295  0.00382261708362060  0.00395091244744687  0.00419483012683539
  0.00459361829316242  0.00471052875850859  0.00484035644077788  0.00506009128433650
  0.00535519264971028  0.00549362320981349  0.00550250953668947  1.00000000000000000
 -0.00223499142910203  0.01032362466330312  0.02000485319146510  0.03026116088039361
  0.04073699986203547  0.05187056507039144  0.06372611418408339  0.07279952630011205
  0.08184476926819173  0.08938567044811550  0.09649699072181980  0.10363895509892501
  0.11170990828958204  0.11978682628154541  0.12973808863747258  0.14229585648336129
  0.15168439403542891  0.16117251136278121  0.17058432884755048  0.18061888352141570
  0.19058279525351288  0.19985845625087620  0.20838748962967590  0.21656668982392469
  0.22432156612467666  0.23286124990041554  0.24321329652842069  0.25467529337613870
  0.26596884214386851  0.27605950494862885  0.28529631743920619  0.29561225435540123
  0.30638117176040530  0.31666618448264461  0.32633348665835110  0.33566156255015384
  0.34591774069180620  0.35700385919786787  0.36924028434517381  0.38280352526978367
  0.39748908375601899  0.41314575322972591  0.42835093842243560  0.44244205858429814
  0.45596191060218988  0.46987805970376129  0.48165770020849652  0.49220236089687130
  0.50262422693205788  0.51274989839592666  0.52492996571491024  0.54079087188619845
  0.55540868396395537  0.56935387610703203  0.58337156711500870  0.59539268648759891
  0.60738937457995001  0.61862226484095184  0.63111145711044625  0.64242899089309335
  0.65331857199286947  0.66479425404662607  0.67677196368215387  0.68776613495192906
  0.69790460543765387  0.70736961932915043  0.71620143766045830  0.72474327573027553
  0.73323797644609856  0.74253898975766708  0.75283928761809615  0.76318767924666253
  0.77281817927715790  0.78234598218525508  0.79238417312444553  0.80363375730425735
  0.81575142968388181  0.82543169648496295  0.83242440885712254  0.83986253294178614
  0.84768879150757648  0.85507867656317949  0.86094438087297076  0.86886784257925709
  0.87833443714135995  0.88778397504902395  0.89839748116746920  0.90702410645481435
  0.91499841077210520  0.92342385900350654  0.93201858973952023  0.94163329583646793
  0.95317443231925791  0.96702051641951070  0.98308153732328452  1.00000000000000000
  0.43613673993294561  0.52019633510944907  0.54342389250043166  0.56910328216204986
  0.59381937066937840  0.61556975745543352  0.63418096468315077  0.65133456239754661
  0.66950204490116461  0.68751417784382796  0.70393663253441840  0.71965570989834171
  0.73415683030948109  0.74731428851912585  0.75977695809742729  0.77142172641219553
  0.78246766179276395  0.79339963083528875  0.80332335134097577  0.81252886852995332
  0.82127311587646112  0.82975416738023677  0.83745448793120136  0.84473310601235585
  0.85187683842465856  0.85864827357569018  0.86499619018018159  0.87111288810276355
  0.87708481707403019  0.88294111971922640  0.88851895656066548  0.89381656643778462
  0.89887258031787032  0.90365242890930020  0.90818820466138483  0.91240813921931219
  0.91623708025552875  0.91974325331172235  0.92298744300456603  0.92624442244730509
  0.92930634421246028  0.93221210506207985  0.93509546617913131  0.93768061002383685
  0.94001646643194126  0.94223197698085281  0.94454071641831949  0.94683020403428209
  0.94909959098210661  0.95135802256472102  0.95354968356477265  0.95564760536747562
  0.95764282872981021  0.95947270646094884  0.96127239418075217  0.96313724237754705
  0.96502814590681207  0.96682593052504306  0.96845550875983188  0.96996751643574342
  0.97134819469337752  0.97272589316638336  0.97412346891190804  0.97540298905040557
  0.97653275733393430  0.97756378882938899  0.97853232886554975  0.97946168398740174
  0.98037492356407163  0.98129043998231558  0.98232324055486431  0.98334762219891370
  0.98440611101110398  0.98537313024822104  0.98631165469451698  0.98721182031550836
  0.98784595998726599  0.98845096183189018  0.98905628934886525  0.98969631071706698
  0.99037415620487723  0.99101432063574646  0.99165466448562622  0.99214570009312975
  0.99264455756792880  0.99317414019615424  0.99371189678404026  0.99433769827605578
  0.99490944110112878  0.99548768263892562  0.99605870232237870  0.99671194723541423
  0.99733635279300326  0.99798123752497014  0.99898838580252114  1.00000000000000000
  0.21928425606744303  0.22997547435684965  0.24498085484207283  0.26196001641078126
  0.27718314139891387  0.29116058166913361  0.30442546537219373  0.31767495923097677
  0.33078289885566492  0.34195486913976447  0.35161413330044100  0.35974414628629198
  0.36742649950491585  0.37714084997430525  0.38822131044331498  0.39673814941106289
  0.40387352725015563  0.41075962040074221  0.41804736368217621  0.42700454162612766
  0.43632744312756122  0.44517699146026146  0.45578328814577240  0.46467614999723855
  0.47273713145965390  0.48013222162103464  0.48851722237217682  0.49693199131366950
  0.50613418075508121  0.51520342322012069  0.52371649032332701  0.53187971811240797
  0.53898549725402300  0.54454085274212916  0.54951571971975433  0.55469641476511833
  0.55990732257417863  0.56491092426744494  0.57177997131750857  0.58028468232513586
  0.58914502961700288  0.59774937176953546  0.60591994959761142  0.61380544559567551
  0.62138500263718066  0.62825135732556647  0.63452492204246269  0.64037440805796964
  0.64608221660344356  0.65128065087381426  0.65645221162600109  0.66179189978063546
  0.66688649615368933  0.67181359161499754  0.67685545107186984  0.68184900839269424
  0.68668317562480052  0.69157712188521492  0.69648700139175934  0.70127399805141710
  0.70611222176907562  0.71086243612509592  0.71591747230566449  0.72098918774048815
  0.72587910479983830  0.73131273172141986  0.73718682752782805  0.74345750633424068
  0.75058215784360494  0.75771673850643539  0.76367565905204293  0.76943672373244698
  0.77501475566616485  0.78036503126968859  0.78581303354647070  0.79113363530796710
  0.79679972311543945  0.80281464638933897  0.80932436710061995  0.81574784226127206
  0.82231441904039115  0.82964189716129833  0.83671703320136948  0.84344716395196118
  0.85044624390561274  0.85690267630824069  0.86346558043484467  0.87070386314196468
  0.87895835090173857  0.88729507937032404  0.89565988856294521  0.90498728989449895
  0.91615047690931528  0.92910271011650969  0.94934713785524238  1.00000000000000000
   2.1058192655492850E-012  -1.0000000000000000     
 F F F F F F F F F F F F T T T T F F F F F F F F T T T T F F F F F F F F T T T T F F F F F F F F T T T T F F F F F F F F F F F F F F F F F F F F F F F F F F F F F F F F F F F F F F F F F F F F F F F F F F F F F F F F F F F F F F F F F F F F F F F F F F F F
  <DiscreteSampler_grid>
  grouped_processes
  1 # 1 for a reference and 2 for a running grid.
  10 # Attribute 'min_bin_probing_points' of the grid.
  1 # Attribute 'grid_mode' of the grid. 1=='default',2=='initialization'
  0.0000000000000000 # Attribute 'small_contrib_threshold' of the grid.
  0.5000000000000000 # Attribute 'damping_power' of the grid.
 # binID   n_entries weight   weight_sqr   abs_weight
    10   10   1.760863200203565E-003   2.870785054986561E-005   1.760863200203565E-003
    16   10   1.760863200203565E-003   2.870785054986560E-005   1.760863200203565E-003
  </DiscreteSampler_grid>
